-6.51032041012412
421.777316041892
8321.45450754471
310.020361157028
175.210030241521
831.778462097097
5754.4759319749
387.089896591442
9456.91155588896
982.078689241929
538.950713423593
4358.91086535356
-276.556669718587
429.575192961099
6193.81041837555
9659.65524424888
471.333225099914
-148.815017806727
9407.61269083245
516.190392915472
6162.20292339865
-117.176814617252
-582.693686796249
-25.1575038763276
9094.07963861364
350.937929653799
9283.91914751266
672.689445225634
6068.69682608549
-278.233461023128
9339.27135674278
84.0147867705593
284.679793829177
-311.648458766243
-284.93925814403
911.79966106011
8289.63642249598
4767.04244884944
-153.703941801039
336.697589881639
-445.166582827855
9860.00496639836
-797.619639538684
9714.38493425777
829.402168708663
35.5758968713301
5205.00585211659
237.05193032901
6387.39720882379
410.77162761625
9298.66547470464
6312.8552404725
134.982141405044
-454.833466036748
119.410421700927
161.363612381844
4687.23220548219
-177.601799395217
74.1028970841827
8653.70758994726
375.624502365361
-189.489932938605
204.631377451311
7129.76058433861
7892.74333309286
493.950575614366
-222.154790982483
9645.54031179572
518.069700840271
-203.450706788246
457.060857801163
1.45024696635564
8863.59163691813
7647.068083283
223.705661480702
566.098638991
-136.232812903164
732.199472475226
-613.777047629848
216.661192692288
4832.24306211918
516.081387368602
267.730586847347
5246.59394907734
867.207584550689
9199.50530891984
-228.637639950518
153.311696392117
1169.11877037995
5135.01060889239
6039.80940575176
-272.984829156134
130.149549469429
-336.415309357613
325.823058009059
8118.47452168117
421.07283683933
-358.349378904786
-280.331303059942
452.283735146934
726.43376005691
88.9396717721424
7784.18617175569
4735.79845274709
9486.83221097649
5141.74660051728
5746.36079562754
302.376793191213
6613.29177200131
20.2380591942747
-161.893618478013
7204.81897468399
18.8268382169496
317.794901654683
5629.25648397836
172.675827388732
-244.211846129702
-55.5299778746861
-248.854701339684
72.4631048788946
142.782127743323
-178.00090265337
-104.294761607268
-134.111083964078
661.61305005388
9845.8432229298
299.695746638611
7535.16084554599
111.399430553251
101.172562655763
9214.46692995143
305.222388242714
-192.794672288981
799.404389966311
-85.136397755974
251.149870403849
8842.2189977768
-11.6402538814598
133.964538152873
6914.5118083216
181.131847625986
4941.75416915744
-628.203404532275
2205.69644810202
-329.033507406577
735.281163637006
-162.568983459304
157.986214685245
42.1025641755339
-240.012967247272
-279.727907091614
9245.9943106504
4291.90576597963
-221.109037960056
7195.13662580446
934.075191239196
5338.06565670634
793.287815782115
-302.128539088408
8160.94382915595
182.104490997403
7033.70864952944
108.243691584965
9308.75612749049
5643.84531666126
-133.272361777879
49.0923197466513
6.06737681761367
235.622916928053
8072.33093616373
6815.35036036616
26.6743801924335
5860.51098876768
7661.74643415315
53.9560985930485
253.263444751172
228.013543805215
-288.089480214707
4467.9200116076
125.792499409649
-299.836820517951
-190.500834048066
-11.9793450891094
280.689064640896
-303.152016291136
252.620272037269
8425.98246521079
4661.29715288408
308.051490462128
483.127866280815
-23.2269125148725
1166.83306665421
5557.3972949732
6151.96223346068
963.562332851512
147.912031926652
9145.47682367665
3766.7722210108
11.5948810847223
66.168564466782
-158.641766812864
6475.54496395643
4715.29902877086
9040.9540163511
419.613053566175
6027.87106843737
-48.0555576185103
-311.723279301945
213.952343325939
-34.9685910095693
537.534330010599
-253.103202205076
-87.5486314910661
7.7127747420062
8124.05859982386
8709.2263086448
5542.25873523048
8376.11963146612
92.8008890391063
-21.6273350594874
372.344915167065
-216.726403638649
-169.446471611276
120.168133436933
-268.026144541997
-344.225086158111
6483.62909977845
20.9688774400575
378.770538113777
5375.14371147934
354.457472490328
9890.96009602184
210.384397296065
-61.4122026898041
-49.6257003464444
9562.78374553337
-362.441440784423
235.715029011711
-506.134186552836
215.936674306816
617.400739072117
948.937046620466
9863.7265237898
-93.200613462648
265.783273102815
9850.45717850566
423.840977271422
4308.55652106748
-755.434574885204
6799.37270643436
461.277347326798
7232.10109146316
28.0678139556333
6457.18909437865
37.1828746488485
149.21030107521
-22.1049674455386
56.9877390232768
329.156495840361
795.311392059628
-154.942948520467
6135.94004566338
-241.991283404919
4200.3295961419
641.190233860913
-84.3931930368787
148.625896712122
287.784533769679
9571.09725158424
892.159182091532
41.3267784171944
459.903557262827
268.789522353379
7390.32705811776
-318.438247568627
9230.97172222777
-122.440786882594
171.646504501573
-136.258735685101
668.482459535153
7395.55257951134
-861.971910537455
4037.98216534034
-293.795978936474
-102.483532760353
87.2351104298595
-172.33186602335
-262.758474080333
796.440696787246
8857.62527804224
-156.096208882549
674.036795066668
-177.357725515592
6885.00657939409
9369.59456510829
5406.12638736396
790.739428899995
557.910910873569
76.6148450966549
613.114345244617
7844.28360808831
9404.82197773697
-637.681744205859
-491.560259061332
955.81044783727
7287.98471309955
-335.377508914693
-163.621133520115
-109.857112431389
-131.190428599339
141.731001896142
9442.03466189083
4521.77965934707
520.557262412947
87.9829954570632
21.1217953486395
9075.98851800886
93.0425728910816
6230.98562160852
396.598522037168
-191.372457064581
6772.43340926641
19.9601218956965
-252.69306908059
-240.083391077491
-175.553864552912
738.242678431689
818.397745034115
1021.80478015966
-291.365824826447
980.863465437392
8082.81277703713
225.847655581953
5365.56895973707
-254.714765900429
272.750734611283
7585.55598049816
758.181952325005
3926.39403615708
435.612507293516
228.224923556007
312.548947050431
556.008387212613
126.37542448912
85.4881926453641
607.353630452269
9265.9360285003
7193.51347853915
469.379539332129
6451.52567109172
7318.37025016577
-78.1723355730941
7352.76871624718
8186.94093058887
35.2602547890664
7564.19730660957
9675.16784992954
13.7328811766891
1.47864501647724
7251.59390090175
777.110567157416
419.530622577248
-687.958283915886
7768.78205895976
205.142638339722
338.550697856786
-77.9740466377199
0.251070897209031
842.081589134752
6240.59522158174
168.735827185588
7037.84591766569
158.382961529529
725.884092530927
-36.4960192227701
189.817504701238
8813.1832862263
-347.909846892237
205.143548501651
-578.442161467811
6292.57625873636
-67.3266246157519
369.991099483136
-77.5059605601836
3741.48439320821
-47.5058909982546
472.065104468758
5571.31521786205
4261.75849019328
92.2632962547529
7004.89813389072
4794.27042567016
-224.309936942503
4505.16771292279
198.286779986521
-275.354086355256
306.072642640151
723.045372077264
9184.66548969287
4764.73584376766
8623.38301829756
-542.313934943302
4509.57121241579
4291.28646735679
536.041807498153
9428.00921575598
-242.077981686198
5790.1686038662
1.44157834530775
800.125148774767
247.21116098933
6086.57838555383
6657.78849233981
6630.34666701874
-342.983925299219
275.543003210518
-120.996565700049
755.427693871104
7262.8288453316
8475.07967791964
-694.366882222883
238.721159738346
-401.375043335648
159.676814695117
7561.29451459969
9365.68658819669
-267.856065544283
798.092202631163
214.439802818925
4281.51840540655
-381.43144081519
35.4068251275988
-36.1898866093017
7534.40241419813
-26.7528270304897
5819.55650639404
-49.1644966725939
5527.21966697806
329.099339598714
49.0112254910278
7256.52193758829
-197.293884914762
172.207025778306
-76.2220460496992
9515.34262694555
9554.14017360906
6462.60653128946
363.188602866452
51.2445996976652
609.86016021246
396.91001289383
-356.773231610702
-559.525897454442
137.073121221539
-301.973863317905
6788.49804314853
6882.19048919615
917.157639054589
-57.5940183529228
3729.27667161036
212.383229324794
6633.87154641372
121.201936377074
225.063301968271
-270.066790175788
8525.25779961245
7127.04394943533
109.53803846275
7872.30962815593
859.643326785357
906.15092901548
25.7418700341533
-203.649177312411
42.9790330844954
-305.264044297253
314.802419197649
289.376746879888
119.571289084516
404.490914964865
8457.66152134173
173.057222907973
435.868941353445
718.41405470604
-8.33513956049332
-50.2703300458354
6236.67813982009
89.3535513226918
539.466310860818
418.447810875452
9788.99566296117
311.441533189856
-35.5827916340329
4589.30780491581
8235.47533626448
883.805226896597
-113.023208553713
447.378955796794
-229.02928797747
-787.514011393731
-90.8548149460281
371.453050981169
645.219222289339
-39.2349153111997
47.4887259594266
4411.99252919549
376.23595413845
348.142583679138
199.181207458116
8644.71511380521
8314.88573581336
6275.21401914397
709.412116234256
-138.864096218395
9630.25781745358
482.614193595359
9366.52969860742
-62.8423190084954
-37.431006384029
466.366751711548
-263.329708932342
6962.46008209043
5376.84225017591
545.045298690555
6744.72391281678
790.957389527541
7752.62807252878
244.270011496204
-20.1481718826303
5173.56942300292
76.7282356663379
478.545817810267
8580.02802717685
830.202815300376
-307.020788989006
295.316444995811
-135.007826928718
7528.04161526465
4499.31345535087
6675.12724283754
-79.4864050047943
888.108217384384
192.199049248676
116.862523865637
367.456774158965
937.994729024541
