2619.55144721048
-193.816761618698
-291.847040719982
886.164102236641
759.257306230864
2.33170000576221
-315.432035913045
-0.129822831157817
1606.70307832118
1358.09525633323
1774.09281440599
9543.81816022326
120.741450230068
9383.64983315472
515.120673635907
891.552759159458
-305.688553961587
46.3870527608672
894.496302420241
793.333819898096
-371.978151261858
9899.3444733044
357.911622650421
-320.19584895015
-232.368837616674
1230.39447672674
-166.514674967198
-218.169880762661
1571.72928357223
422.508383240619
29.2758866915173
9598.43909003959
-269.744810178379
1050.96172515165
1140.5704946547
-442.246388747049
930.408305930402
-188.989466114324
-277.799618805329
-319.123568632505
187.636549885299
2059.80799191196
49.3306713989828
1488.06601580792
2581.97343028202
9337.54698250841
-735.157152384181
157.606688499079
335.531368694711
169.797379726466
182.053947147507
9109.43564170711
1393.44403197189
2022.97671587089
633.049148577828
2252.48946959595
138.962546705528
-119.952223529986
426.302128738455
-517.431821522639
218.179123960546
443.912263878394
846.677268919755
115.197361217917
9499.25946702597
523.596735856541
-201.920915873177
-290.672152801433
-302.149296897592
198.413122030733
-20.6421863133652
-369.237914399952
-100.161831452962
-69.6743956466216
46.3479808247393
744.910618216405
72.5575441470897
-232.258446444975
1671.34826500962
-125.745477532957
555.294833295918
1212.72534854359
98.4777212611934
978.356675803515
313.467954135293
-243.978035253859
1394.09158062715
-30.5609066386744
9843.3195569482
90.6791995433435
9303.20601640057
1050.13387618748
762.232667217311
2399.83394522151
9.71019511143387
2514.78626611619
69.6228626224032
9491.48671718901
47.2779381007719
-259.985936881402
9324.17827985788
188.740729612642
-724.416533283852
-360.892450692496
93.2836829570691
-145.531060392948
9393.87780253232
175.024766912686
901.846547965828
2092.70571648268
-68.4796685476252
-47.8502683388707
1193.22790058515
-122.480415737017
-40.6940910552835
408.657349536175
1005.59944590457
184.200878752201
445.82477854552
-387.783937569048
-72.2951564224784
-333.789239143114
-177.415202420915
486.607877907785
977.829253198573
-68.3413061743818
-3.97031395070701
216.426856912577
946.130627819381
9784.1330389045
158.172972817493
333.827064387946
-10.7137947499238
428.76302638962
2439.1364382642
9504.25492479927
266.726612618924
332.592527259937
42.1039822753828
-245.43174900992
370.91020174593
-136.544320490804
2189.61350991598
399.594332219417
-278.299549226055
1179.05201090074
288.740900921637
-190.017951827403
389.36662911007
-349.80162189406
1207.95997763898
112.347307266745
409.124648257032
-162.926212622053
424.808901990547
685.046491575322
1025.52381234476
1174.03534905718
1013.58054143289
1186.96296753043
132.181864898491
881.418160791429
133.05572133042
165.920831282597
-3.15130119128866
1353.34594408833
-105.977355929134
-236.526910507838
9.06563781328884
-144.805633024215
1375.83798546318
137.061439798876
-150.935748273371
-277.673793840356
147.078512294122
1101.71643709677
2307.22083642315
-265.218509825513
-192.34369180363
1183.90053616038
804.608069260617
147.923001271981
266.733770178466
-361.62955204452
1916.81203809684
-144.505793306347
1520.41331944423
1271.42439837446
108.902884174554
1265.19505095802
-75.8327314604572
9305.02717851839
1267.52259268109
9148.28322749797
9440.33863813668
-340.594444557806
959.186409742595
1243.38795552567
79.4445132794617
131.14500157052
9064.34064632133
322.761586674331
1093.10281915816
-94.2937184056539
174.537406989841
1152.41985422142
-160.491581042597
668.814426280263
1714.71747507423
-631.755467910053
-27.7391169495823
-381.07640961901
-60.8978682580767
-83.9177617664133
1599.20781103917
213.800655226171
1355.41682199518
-51.9689942993059
-7.8337883740641
57.4323295346571
1489.33447441734
1096.90666876824
338.050102989894
-268.060870652847
2111.13252463938
370.245801825247
1136.19429569891
1071.92861983504
-238.35597624939
-137.942974286274
-114.023671245867
1345.61162940718
269.655521975372
1431.07393052337
-345.868078842579
1408.1545537205
536.54579212727
535.113714176574
102.256315292724
-209.312943855866
-868.636531838552
-487.759326678803
327.002133855565
339.779987223295
1158.78309814203
-238.511565649213
235.299536574492
216.527870427838
65.3337474336222
702.252231131677
-267.47851569198
-59.6856157212438
-59.3510143971525
1001.5943174902
642.047697507871
456.835101794125
-265.083684901171
261.877406894736
114.92424927952
282.093992978474
747.845343235419
173.755562700556
148.721113594965
1263.81500901661
1416.48768131419
1351.91545776961
-174.679810460488
-40.2383645878271
1332.02786953269
242.655756802777
901.032350187928
1984.17383201401
233.193251197339
1053.82962895521
871.364594237819
-252.687257674484
317.879903738169
943.708736237642
1274.72510470715
90.0875476823958
2172.94705709035
1195.0127704349
608.970428754778
1610.77213765094
9209.70873643443
184.833087414848
534.372288727756
44.0125173716518
2169.75128809818
2516.20065524029
170.444335068347
866.233074372841
158.72519725614
2189.53197544387
156.45923415118
-362.686585564493
2087.32776791439
2576.59133230337
153.145739236401
382.265553909747
1370.44573423476
9032.65791635947
263.045194596012
70.5477759180855
433.416631317012
-196.136208512293
1006.88337565268
1333.50016988538
945.232336727104
400.055309534341
-101.026918682375
238.689587365155
637.352071482719
2235.71220197818
1875.1141074543
2034.5789626881
9664.3928203012
2125.30853506103
-63.2311313950433
-94.7038766588654
928.93091813204
-90.4289226432332
429.343783555216
1135.77056184908
-62.322341728214
-316.172832706347
-291.264880427518
6.68900715091835
985.924673974977
-20.4950150577863
299.3984410084
787.91144036336
208.791041472144
831.971475208171
310.681637692278
6.64091533328482
84.2267155799909
-194.426815758456
133.666434702864
144.112350499123
1728.69618903592
36.4197730013015
224.305440221667
496.31580472339
469.059023053742
2159.66147742037
9512.19143051087
1292.5276883108
55.6698086148453
-201.575846314415
297.292743700403
-502.927237024492
21.3355185868918
-128.363397129514
9250.80399102203
828.938456032354
38.3640179150978
31.6388948392777
1296.18410493393
370.232118378473
2535.53963562665
1783.0723856088
1183.92805238204
2169.17189600169
564.45023037265
1934.721795849
-188.221478198072
596.227510299435
-148.347945418377
556.36256384788
-83.5083999660245
1241.79828404533
764.187585836509
716.194336683306
1751.77188033092
-71.3422045771977
9650.64829534087
183.941947819027
-168.446979787228
1057.84810719601
972.459928856688
1471.27760114322
-269.326047763501
-162.897228406392
992.231519495484
1187.64421384979
469.442853663526
1715.35121881761
790.091632761485
1206.76933412303
-48.051376836762
23.9962729055944
1438.72318298423
-50.6173654780637
2159.95829256279
539.631959989536
113.131440157521
1151.52779061028
9017.67363572007
-294.878786005627
1142.79488218731
9166.0294344557
150.120666167265
479.252774229432
1361.12495044953
324.587870445137
445.807288626745
101.64822826363
-357.939245616949
1745.07955406614
1097.48482572641
-398.995561453016
438.14654839357
931.241773022767
2289.93878006029
-272.156999167611
46.9911431232773
3.81364360440643
22.7114995604445
-296.901860004574
-229.277213950968
2396.6796305235
218.047370693709
1959.90274799185
-340.655172439284
9258.43259135806
1305.32606712046
1364.06918721102
1039.10853736971
252.586171461875
-323.6149828226
537.649167577621
439.131136159735
973.606059848326
9340.82566378452
1592.31654085812
1431.59232550048
1346.97476124241
2375.83891254996
11.0450749211042
-828.879130648226
9199.75452603794
1373.1808394198
783.465610482001
-125.79784892593
1070.52253947595
9786.47323586298
85.5684853408406
962.631980804514
70.9629169353285
752.189552174716
223.76530487044
59.0103885607215
1322.87727777716
993.388148867963
9484.88565846333
-287.757091583991
322.469909894953
11.3411701251437
-392.70803273787
483.12728539601
-125.90124833224
4.88087037872406
-591.160833918859
-29.0390728655659
2444.69128526815
-88.1651180717046
15.2093406012205
393.908593305875
996.492114627125
258.268770342454
252.339781295041
1283.11110508189
1.17886045312182
1515.85625671531
9601.67441511154
275.225004090686
9458.87367862864
9322.40581724963
1041.03490310582
9274.3092312468
869.79386567433
503.98959250044
428.890528310172
1869.91549408878
216.246404319703
9714.45699978045
269.704129788871
1145.57602472757
-317.916010672125
1103.75277858058
88.5253130948957
9394.69142607189
623.591909496069
-477.431883621886
29.6197881506278
-180.177461158642
284.179640752229
215.271811346682
-19.0755618492889
1437.23072750596
2308.44409118563
402.207272604953
288.803244719085
923.656828639494
-421.394264310534
808.876182352461
331.857244566901
414.987623787326
-121.987458876932
2086.81498525959
1177.78467556474
333.684325368035
8735.67493321585
106.73818018686
-296.256211811523
484.115525159816
-272.384539059474
409.814389794169
258.322753247931
182.253811911282
-33.2964038441466
9622.89539954168
142.483856014467
736.65642936592
-93.1201026405749
886.472413699472
558.028318800614
-49.261731398451
677.601956211364
9373.03580103676
322.863271982253
121.411348658528
269.034424900849
272.876036422674
1910.0988239762
738.166516249832
280.663057643167
854.046291172309
1897.76109131958
481.25844505608
9400.51443130059
-218.133559203447
1385.35217500882
237.550929615096
