7.23081174385636
9.8872280606917
10.1371837571918
9.86605179361263
9.76589225923686
8.15244706219048
9.91362589657839
9.42977779662383
8.56758509693493
9.26185469687457
9.25513124203413
9.24235801193649
8.65300393895057
11.1217276426139
8.99173763879642
8.00314872555981
9.1331798530622
10.3370414723847
8.48152993165975
9.059439293596
9.60846851748952
8.59368578456826
8.03225653770798
7.27800776016356
10.0691679086445
10.5094481820608
8.28506676347318
7.59094311476419
6.55396068085677
13.7089514810716
8.95254686551114
10.3123842992254
8.7809980848117
9.94065151490908
8.24381653844314
7.38396473248601
9.2824355981848
9.28031716210605
8.684660853866
9.12953421896881
9.9037040707122
7.74631375935512
8.73195098655701
10.2342883980232
11.1091047031428
10.4982782156595
8.69285811141393
8.98908863847891
10.2002859366192
8.97828968463248
6.54971815553141
8.64660506382775
10.1762121116783
9.9980266883893
8.27356691023748
6.57017938161044
7.98951943151551
9.45735890826037
9.66615350700753
11.2715735632207
6.1444616174931
9.44859609313147
7.31526740162431
9.8306628790701
7.81969256708493
9.8378131732079
8.95705901769572
9.14677850355471
9.44736270469261
7.51783709411869
10.7669408429197
10.0311308636211
6.32127417979109
8.76745892719233
10.1515302958922
6.84055919354914
10.778833737455
10.0917334354584
9.42304484855524
8.64837656061021
8.79289191971333
9.1577019784702
9.89891153009799
10.274658649942
5.77161450293191
9.70950889711898
5.95271543620661
11.9913321598347
10.5842502690547
10.7646366408701
10.7585889550464
9.46650414084993
10.1112847094136
5.80496096134096
10.5264093698264
7.06652995966634
9.21027820910678
8.63806779314745
9.41810793433076
7.49371136007446
14.3996102771426
12.8297369586643
6.00492938727839
9.057745225552
9.38823977793909
14.5134924983726
11.1358969781152
9.72083742116697
8.24398669590354
10.1024709970487
9.5824823561992
9.73912110928732
12.1947389699816
6.16833800985823
8.03384364446802
10.3011002490643
12.8037976220645
7.15180802990682
7.80507775234171
14.1109591582841
9.72246516710139
5.14623576758979
8.03295971689121
9.99055345340416
9.72189690635071
8.89863695376638
14.5765418444601
12.9449441233744
12.5649156898948
8.46166703171216
7.60307278026802
10.2188543433595
12.274317765961
7.52057620422513
10.906177752768
7.42758026848405
8.08963208435909
9.50692487750788
11.4332293719076
10.7118890941763
13.6332524548978
9.53408702539662
8.36160066057407
6.00948036463372
7.89199012341697
9.54480013630081
12.7125378782074
7.9892676571557
9.07824263697575
8.94573685628493
10.2763565966705
7.21656150318528
9.60837532321393
11.318029887757
10.7392556943456
9.21083595645028
8.20866766324779
6.5554527745793
7.92878768081883
9.32892377738845
9.50935811478321
9.53333822489756
9.74046792096239
11.6633412496179
8.40579640070948
10.3941448367235
5.78908783714202
7.66324709039992
9.57602934286709
14.5617110135445
5.33839461526698
8.16332923271841
10.1273210204828
10.0504647878677
6.41892954553817
8.16924275617263
10.7563521314779
8.53536435014414
9.69827014556282
7.44255230717808
9.7234941644169
9.50477771290431
10.0402619330183
8.43581873039931
9.83322703576713
8.99908127269112
10.3918640677429
10.1815360682222
8.91925592761672
5.38509719709097
8.18746722304137
14.2325751469711
8.99397272159438
8.14983852911485
10.7540972541378
8.34322435880266
10.4537453270622
11.8565983800748
10.586398101834
9.05241567312036
7.1141788368475
8.84033387072613
10.5903204146216
9.97336250604907
10.6177416125586
11.617887444051
10.5901747665737
8.93798476781671
5.79288994297421
10.6229772450117
13.7167322020604
10.5240683917876
9.48125604121152
9.92835396348596
10.1423594014363
12.7697195088376
6.13241869890446
7.38796601496245
7.72033367942794
8.68552378580058
9.96170861758418
6.02493443966276
7.97092947733775
9.90255586456499
6.10055948318512
10.1881343234889
7.3729888878258
13.7154725521647
9.09408398560985
13.0698331598568
6.49407088937842
7.69720360999186
5.36400479313234
5.66678238554402
10.3676831331519
7.31982182899873
12.1524902764288
5.72194564313351
9.24983019537019
10.4102184608785
8.86263415799149
9.51605498037531
8.62461107692934
9.02706423007472
8.85168568253289
8.53480558717744
13.8103635122096
8.68196678408978
9.27633831729838
10.4746028777165
13.3633815952869
8.89738933521936
8.24643436083607
11.155460404461
6.20064985807848
10.0350205011823
11.4025439353751
9.29251767816507
14.6088706363924
8.5642740913836
8.35708461204903
10.3102614001535
10.0767445202528
7.5882229179692
8.01871048777584
6.98559079615215
10.625766704872
9.36137440250525
5.98294345740943
9.04792056903004
10.8443786187072
7.82942405406567
9.39128094973923
10.3775640971621
9.68537357912031
10.2913952622305
9.87718970442663
9.73829152810528
9.17573873468679
10.374978558785
6.30021094240765
9.1726896879424
8.19730391033268
11.0381971985004
8.00903924725392
13.1003110992546
8.15810917327294
9.86347194329851
10.0697764342988
6.07307284344356
6.37502389844806
9.12951969451519
6.81812185540319
10.0233980003617
10.3397143310597
9.12013411999151
5.43051012750579
9.25899367696332
14.3283526720549
14.737448815564
14.2394760653781
9.80948754611695
8.94020648512006
13.7879271151751
10.3530697988926
6.19949261742744
9.35336305003345
11.1768455913461
5.21397808035966
6.8354701543839
9.50657249392967
12.4707325995204
10.0910526226853
9.40650189997215
10.3845247963329
9.83342649208772
14.0053354914388
10.1556654035864
8.65832106379266
9.77192096665424
8.68083538122603
7.96332974633367
12.8069757746469
13.2116657147114
8.17867214983538
10.5184929422053
10.7154756463886
8.80714692694015
14.6867099403085
9.91431984570296
9.61910154338496
9.36228934606724
8.73004332574823
9.31045888626851
8.37064616791963
9.75635394873355
9.4915481303569
8.33839953693901
9.59029716086212
9.60408029598915
9.97661729868342
9.54156389962781
8.06929044501116
10.5814477161046
13.9996074753856
10.3564136603114
12.6026825811286
12.7148076922713
13.6144736256531
9.20350736216398
8.59342541523648
9.04640081698355
7.02485662333859
6.85955723077115
9.1232587398618
9.80735417483738
10.262294528838
13.0947337304096
11.9819554818454
5.69964289701008
9.10792991474469
6.83032947898149
7.71748015642553
9.89109788506835
7.21180816452797
8.05361513658953
10.1254677210372
9.54829808055495
10.1040164836177
10.9400696315723
11.2887367602924
9.16414394487472
9.72500632234621
8.10491744050952
14.5792536122916
8.799900543968
7.37566351339319
9.12083323666553
8.56118719058612
9.1417556999373
9.09301860664572
10.0092304892926
8.88945421792409
7.3424250072228
13.9930896403553
10.3573746421252
14.8852143803542
10.0034489897785
9.8432535758668
7.33612869827776
7.83892662818359
10.3431207152654
8.33524983593047
10.7476671863525
14.7202151876868
9.54005681659482
7.97268261789683
10.3819205723435
8.4453177378121
8.2853981272962
9.29617166599129
10.1683704003041
10.1582934421417
10.0405216392082
8.64787753414833
10.5664691838727
9.12288776538658
5.85199137729236
8.27962095981434
10.3616971429303
10.3243334832406
10.1251033863945
10.2360613217507
10.3524622760536
9.30234581100977
7.31457848695571
8.73213257620804
9.96198757768378
9.45492316117895
8.18863770907007
10.2290910890651
6.93831269875023
12.1181967166859
10.2500725356524
9.6412845231057
10.577005586411
9.70371814018632
9.3178017246102
10.2032584924542
10.4511752105148
14.5196017868246
9.28898383989497
10.6274180342199
8.61121901742799
10.6330790318382
9.97462546899142
10.117235351699
7.62070637582293
9.91196412248176
9.44812800993926
10.5851279559922
8.19690603653046
9.340526728957
9.81920252925826
7.97300835935784
7.06972748963559
9.71694413014795
10.9531855136381
9.72709991373257
13.9050341702995
10.1210756857346
11.9899691620064
11.6130621949937
9.72713470676678
9.5561619092005
8.75405161233144
8.42765375458593
8.69264489610379
13.7798523201251
9.21464932156593
8.85322079738614
9.2345540311107
9.6426228042256
10.8584794130367
9.6258578199222
10.5265601419179
7.69636393677222
9.73746602209077
7.86374848860294
8.38321986735723
11.0149960671773
9.55110561374151
7.20876192260785
10.3911853652713
9.26253479562001
13.7841547233041
7.82188273465129
7.10790753348355
8.72088143710188
9.14913998105997
9.80610128487252
5.18091180286553
8.77416030869593
9.73209830382634
9.51118249596133
10.3887961274241
9.68256106102274
10.7097077542538
9.65435484377958
8.15482835763814
9.70824938373491
14.5120292556892
9.26449201737559
6.57068985789781
9.08707395357949
14.3079164132358
9.21003247600548
9.822241711246
10.4282983972343
9.34886442980836
9.5059762653134
9.31080529095437
7.97590169263565
7.57502167250671
9.6066939713916
11.1733027384529
8.37983041682667
5.36503766390517
7.32055170498978
9.9248324107283
9.83407103714563
10.9715865098102
9.92979196419741
9.80183419147888
13.860129016887
13.3164006676093
5.89760834972519
9.38202256334062
14.1794416301332
10.2751980571543
9.63949135538201
8.64453951708464
8.73918894727978
8.50952391772044
7.96163555540244
10.6634770427338
10.201842010703
5.58139445404211
8.07941739363084
8.69128073032493
9.92123683491723
13.6083310695501
9.96474978887744
10.2061178350946
9.4688636628328
8.64877784712497
10.9639445688555
8.12728558779621
9.33028627279464
10.5273970314511
7.95260198020828
10.6747444801982
11.3063583413152
8.86763823923829
7.99916474989083
