7.01431276828549
7.35617288107062
6.27487332716103
7.89015150239879
7.64917852032659
7.71506186347952
7.18460146452318
5.30362511573099
7.9353530847572
7.30542967763657
7.95480935948154
7.90629829138962
5.88645484386836
5.73561568891509
5.8599250904806
6.60954885952361
8.03497096204023
8.74038296439696
8.70983671408132
7.78599865331202
8.04722918946217
6.04565693123476
7.35875178857
6.71046965743625
6.73311421597509
7.28892938304858
8.24498022052018
5.44173133574617
7.48766686305868
6.84373116741017
5.60255954885952
5.56905731840754
5.8064144432287
7.76180877030555
6.06724433970206
5.79198131470415
6.28568049827456
6.75903459304774
6.62351064725192
6.76888224896894
7.10828128945377
8.62775608113796
5.88054625031563
6.46255786549955
7.83834778217323
6.88250904805994
7.90826782257386
7.15332463597341
5.64052941671576
7.72494992004042
6.29938641528491
6.71558033835535
6.71052689167578
5.90930477232556
7.50008332631933
5.3788140728895
6.45919787896642
7.06863142833095
5.49784445753724
6.62094520663246
7.79012288527903
6.95128103694975
7.10831158993352
6.75927026344584
6.11485649356115
6.03996717448027
5.5375515528996
5.5320503324636
7.25712397946302
5.71672838986618
4.94114047639087
6.71537160171704
6.46581011699354
6.32262688325901
6.96974412928205
6.47817271273462
6.49048144095616
6.88540106051681
6.78874926353001
5.97018853631849
6.39328086861377
7.83795724265636
5.73234660382124
6.42847992593218
5.6765869876273
6.7780868613753
5.61419829980642
5.67898072552816
6.61129618718965
7.82345341301237
6.55544566955643
6.71055382543557
7.82610638835115
5.86558454675534
5.82844289201248
5.65010773503914
5.67978200488176
5.25860533625115
6.55251325645989
6.37110091743119
5.64302078949584
5.88166736806667
5.9296128272031
5.96711135426312
5.75427068428584
5.76420587492635
5.27502482955981
5.91316303341469
5.44826950593387
6.2411387930309
5.0236116488511
6.23494402828047
5.79633785034932
6.06861796145105
5.73724181466207
6.24783519905733
6.72796650113628
6.66161855062705
5.77264960861882
6.61129618718965
5.6765869876273
5.39698426058413
6.37035687231716
4.45416799932667
5.35253009005976
5.29820132985441
5.44401060516793
4.95355357293158
6.00866677889067
5.18665516370677
6.1832009090144
5.56478158404175
5.37244087198047
6.51219005134249
5.76237774598098
5.99456358892351
5.79035855567713
5.44173133574617
5.37842353337263
5.8233389445333
6.56820553825438
5.57256207389952
6.06089807255282
5.26629829138963
4.99703476138373
6.70657099570744
5.29350812221193
5.92102095783184
5.53808012793536
6.14953034256376
5.75233818702131
5.12714838818283
5.05469320764246
5.8013138624695
5.56547512835621
5.01267990909858
5.39920629576636
5.30900513424797
6.03154027438768
5.54201245686392
5.73348455517214
4.98175658614596
4.96678478242572
4.94834525713324
4.6449027859608
4.88395673764836
5.31703476138372
4.77634963386922
4.89474370844206
5.97416126588672
5.43098476559214
4.89340712061275
5.16216227590272
4.81768622169852
5.81271020957831
5.73404679740764
5.2143902028449
5.40649861122802
5.43112280111103
5.60430687652556
5.52718205538255
5.41131302078949
5.23625368234997
5.20652554498781
5.02989731504084
5.4811017591112
5.44774093089808
5.87698426058412
4.73126251998991
5.40738405858093
5.62408635636731
5.34333557781332
4.91054709199562
6.13588165979294
5.05460903964314
6.32609460483124
5.8599890581601
5.04691945122465
5.36073815335411
4.92496675364026
4.90251746485987
5.44401060516793
4.78241982998065
5.07840501641277
5.21699267738407
5.60712145442304
4.58970541200236
4.81519821563842
5.10543304435654
4.95274892685802
4.97906657688748
4.89607356283142
4.72692618466459
5.12746485986028
4.48284235333728
5.09547765339619
4.79585304267317
4.72668041410657
5.44122969447017
4.43794714249643
5.28775776449794
5.34549027859609
5.0285506270516
4.96457621412341
5.19963050248296
5.48152259910782
4.74192155542463
5.20024324551807
4.59228095278175
5.61784445753725
4.98779984849762
4.76627977442976
5.15781920713746
4.32498022052016
5.96847824257219
4.45733608282131
5.26436916084506
4.76814157057487
5.42691776786467
5.46458126420336
4.93949751704403
5.00703391970373
5.51713576298292
5.0814384311085
5.42496843700025
5.07544903627641
5.01607019611146
4.8994503829644
4.97079454591366
4.58666189714671
4.75052015823584
5.02989731504084
4.77634963386922
4.81768622169852
4.80789243329687
4.69793199225654
5.01769295513847
5.05311421597509
4.89849086777207
4.72501725443988
4.66083073815335
5.13746401818028
4.42770894705833
4.53234660382122
4.76214880902282
4.8305639255955
4.82474286676205
4.89607356283142
4.77230620318156
4.32505092163959
4.89386499452908
4.59245938894034
4.82294503829644
3.99489689420082
4.4168647420251
4.96783183233734
5.00157309990743
5.02130207894959
4.508126420335
4.84151249894791
4.36928288864576
4.36261678309907
5.2535249558118
4.7479883848161
4.74561821395505
4.91279606093764
4.49805656089555
5.37055214207558
4.24678478242572
4.67367140813064
4.5862242235502
5.3320132985439
4.75913559464692
5.18037286423703
4.92275818533795
4.38794798417644
4.35563420587494
4.65213786718292
4.81519821563842
4.48446847908426
4.53520831579834
4.59245938894034
4.32923912128609
4.22897820048817
4.85335661981316
4.32141149734872
4.49927194680583
4.30751704401987
4.84299722245603
4.54172628566619
4.48660297954717
4.4745635889235
4.49782425721742
4.65973318744213
4.43624358219006
4.72999326656006
4.06999831664001
4.92836040737313
4.62667199730663
4.85881743960948
4.40841764161266
4.4215141823079
4.90574614931404
4.22732514098141
4.47879892264962
4.48284235333728
4.48245854726034
4.76627977442976
4.59245938894034
4.32171450214628
4.53549785371604
4.28658614594733
4.75175237774599
4.34296523861627
4.78024492887803
3.93241393822069
4.82616025587072
4.40543136099654
4.35649271946806
4.48894621664843
4.77517464859861
4.21794545913644
4.78784361585727
4.56990909856074
4.2889125494487
4.52610807171115
4.59372190893023
4.98221782678226
4.1528128945375
5.26033583031733
4.03382964396937
4.75104199983167
4.33054540863566
4.82889739920884
4.32505092163959
4.01788149145696
4.34210335830318
3.54348371349215
4.25977022136183
4.46583031731336
4.54032909687737
3.8510133827119
4.26885699856916
4.56807423617542
4.19495749516034
4.50782341553742
4.84756922817945
3.99064136015488
4.21723171450216
4.07590354347278
3.99995034088042
4.49866257049069
4.48431024324552
4.04335746149314
4.26169261846647
4.74702886962379
4.1847395000421
3.9567654237859
4.38045703223636
4.32533709283732
4.5619872064641
4.32171450214628
4.98459473108326
4.50092163959263
4.36086608871307
4.22732514098141
4.47819291305447
4.19451982156386
5.17836629913307
4.59164464270685
3.81985775608115
3.96207810790338
4.12859607777125
4.69481104284151
5.14686053362513
4.54258143253935
4.13109418399125
4.59577224139383
4.07738490026094
4.13236343742111
3.96612490531101
3.84360996549114
4.77425553404595
4.04904048480768
3.77323878461411
4.5908871307129
4.62777964817778
4.21509048059929
3.6262141233903
3.80198383974414
4.00075498695398
4.63806497769548
4.13131975422945
3.79396431276828
4.21457200572343
3.74591111859272
4.06038633111692
4.36980809696155
3.83066829391467
4.16960946048314
3.8026874842185
4.56243161350056
3.51879892264961
4.05785792441714
4.18825435569397
4.40243161350057
4.0429265213366
4.01998905816009
3.87187021294505
4.25764582105884
4.63647588586821
3.59388687820891
4.34516370675871
4.03382964396937
4.3836385826109
3.69414106556687
4.6156493561148
4.02462166484304
4.31439525292484
3.87179614510563
3.74870212945038
3.73703307802376
3.63718963050249
5.17956148472351
4.0264497937884
4.05756501977947
3.43897062536826
4.10400892180795
4.55012625199899
3.91946889992425
3.84493645316053
3.72384900260923
4.05785792441714
3.63718963050249
3.37389192828888
3.76789243329688
4.01689504250484
3.53497601212021
3.73548438683613
4.02595825267235
4.01424880060603
3.79396431276828
3.5330637151755
3.43897062536826
3.88852874337178
4.1069245013046
3.92106135847152
4.08146873158825
3.59904805992761
3.82575624947395
4.05925511320598
3.79595404427238
3.58449709620402
3.93296944701626
3.81022220351824
4.15837808265297
3.959876273041
3.90199562326404
3.68832337345341
4.06100580759195
4.41650113626801
3.87064809359481
4.1632631933339
3.93241393822069
3.87179614510563
3.66803215217575
3.592876862217
4.09790505849676
3.67827708105378
3.88743119266056
3.87371517549028
3.2748127262015
4.02245013046041
4.67241225486072
3.20906405184749
4.02967847824257
3.81985775608115
3.4938144937295
4.09231630334148
3.82199225654406
3.49756165305951
4.13287854557697
3.95281289453752
3.23086693039306
3.7099882164801
3.41717111354265
3.52864994529079
3.16169766854642
3.62877283056983
3.79360070701119
3.46696153522433
4.18640602642876
3.51287686221698
3.47129450382965
3.80333389445335
3.6277998484976
3.49294587997645
3.38170608534637
4.1822885279017
3.51224728558202
3.6076365625789
3.22429172628568
3.5114258059086
3.93228600286173
3.9446654322027
3.44847824257218
3.19550963723594
3.47522346603822
3.55887635720899
3.76276155205792
3.61424543388605
3.78058160087537
3.83769463849845
3.5623137783015
3.52258984933928
3.59425721740595
3.55220688494236
3.44414190724686
3.23862721993098
3.46111690935106
3.47273209325814
3.94659792946723
3.75058075919537
3.47533120107735
4.01878040568977
3.22541621075669
4.00290968773672
3.65564935611482
3.90625115731001
3.6310992340712
3.2273891086609
3.70765507953877
3.29688157562495
3.43433801868531
3.49684117498529
3.48259658277922
3.12072131975424
3.47522346603822
3.46756417809951
3.21671660634627
3.7456013803552
3.16021967847826
3.25083494655334
3.87838144937297
3.25578402491374
3.16772746401818
3.62050079959599
3.18765844625875
3.35289032909688
3.05266307549871
3.40679488258564
3.22424795892601
3.46982998064138
3.73158909182729
2.99989310664085
3.09792189209662
3.61415116572681
3.19749600202005
3.51162107566705
3.34261173301911
3.55937799848499
2.95798754313611
3.68999663328003
3.5094495412844
3.30520410739837
3.96692281794464
3.33414779900681
3.33345088797239
3.37315461661478
3.32056645063548
3.39731756586147
3.47497096204023
3.54348371349215
3.1951392980389
3.95478915916169
3.46746990994023
3.48737059170105
3.54231546166147
3.48412170692703
3.54393485396852
3.17049490783606
3.34408298964735
3.4239651544483
3.00037791431697
3.16945459136437
3.64967342816263
3.27825688073395
3.43897062536826
3.06127177846983
3.09446427068428
3.47120023567041
3.01426563420588
3.21597256123223
3.22974917936202
3.0497373958421
3.31463092332297
3.60315882501473
3.28908761888729
2.79208231630335
3.25115815167075
3.13275397693798
3.13419493308643
3.1147016244424
3.39796060937633
3.25083494655334
3.32822237185422
3.2812397946301
3.11930393064557
3.31520663243836
2.94513340627893
3.6843641107651
3.20804393569566
3.06563168083494
3.05005386751958
3.16169766854642
3.49794882585641
3.01814746233484
3.17931908088545
3.57415453244678
3.12457958084337
3.19550963723594
3.2597634879219
3.24370423365036
2.9608526218332
3.89538338523695
3.26684370002525
3.03051342479591
3.18765844625875
3.47907499368742
2.97351822237187
2.99644558538844
3.1872376062621
2.41444407036445
3.83485312684118
2.58634205874927
3.25831579833348
2.82095867351234
3.22486406868109
3.09718458042252
3.21414779900684
3.72022977863816
2.95274892685802
3.30192155542463
2.99681929130546
2.87373200909016
3.09150492382796
2.96112869287097
3.05529248379767
3.22974917936202
3.0553126841175
3.15150660718794
3.36082232135342
3.05452150492383
3.17523188283815
2.98165895126672
3.05399292988807
3.03883595656933
3.31953623432372
2.75581937547346
3.19766770473868
3.12586566787309
2.90063546839491
3.22936537328508
3.16609123811128
3.1962637825099
2.84661307970711
3.01482114300143
3.48939735712483
3.41185169598521
3.07715933002274
2.97018516959852
3.20436074404512
3.02023482871812
3.21755491961957
2.94329517717364
2.76604073731167
3.43768453833854
3.25263614173892
3.20285918693713
3.06810622001515
3.18461493140308
2.99080296271359
2.4511648851107
2.88937042336505
3.17812052857505
2.91830401481357
3.12637740930899
2.86172291894621
3.00090312263279
3.09474034172209
2.94579328339367
2.84893948320848
2.9325149398199
3.02266560053869
3.05026933759785
3.07682265802544
3.14660466290718
2.85195943102434
2.83195438094438
3.20993266560055
2.71305866509553
3.13883090648935
3.06800521841598
2.94061190135511
2.84196700614427
2.97208063294337
2.6633524114132
2.91821984681425
3.05138035518897
2.67034508879723
2.95331790253346
3.35330780237354
2.63576887467386
3.06289117077688
3.01485481020117
3.0420141402239
2.87461408972308
3.04775776449796
2.57002020031985
2.92348539685213
2.84677468226582
2.82114384311086
2.86835535729315
3.00283225317736
3.03298123053617
2.96617540611061
3.07542546923659
2.51265129197878
2.94967847824259
2.67614931403082
2.60849170945207
3.12052941671578
3.08094688999242
3.04770726369836
2.64641107650871
2.80265045029881
2.55256039053953
2.99482619308139
2.78488090228095
2.60852537665181
3.00505428835956
2.29008753471931
2.6383646157731
2.55717279690262
2.77370675869037
2.91739163370087
2.71379261004967
2.84540779395675
2.73923154616617
3.11707179530345
2.10735880818115
2.87461408972308
2.87889319080887
3.06992424880062
2.77389192828886
2.48695648514436
2.90573941587408
2.66491120276072
2.86274303509805
2.8995749516034
2.51447942092418
2.92598013635217
2.97234997054122
2.8704864910361
2.17442387004462
3.12962629408301
2.44189967174481
2.60630334146958
3.446501977948
3.1780397272957
2.66087113879303
2.90026849591786
2.7108366299133
2.54684370002525
3.04145863142833
2.81456527228349
2.34596835283227
2.50335241141318
3.14057823415538
2.67297786381619
2.87063462671492
2.34715007154281
2.37953791768371
2.84399040484809
2.6059363689925
2.62298880565609
2.50198215638414
2.42978621328172
2.38605925427154
2.76011867687905
2.52421934180626
2.17748085178016
2.74416042420671
2.40064051847489
2.5863386920293
2.65356535645148
2.57002020031985
2.69252167325985
2.45196953118426
2.591624442387
2.74676626546588
2.78338944533289
2.5329526134164
2.40082568807341
2.31884942344922
2.62652386162782
2.3498400808013
2.51979883848162
2.47784614089724
2.93011783519907
2.3488132312095
2.43297113037625
2.87192408046462
2.19763403753893
2.56446847908427
2.87441545324469
2.46198552310412
2.49827539769382
2.58754734449963
2.39814914569482
2.64641107650871
2.75356703981146
2.68227001094183
2.31410908172714
2.71802457705581
2.3004873327161
2.83889655752884
2.3452377745981
2.64582190051343
2.21599276155206
2.60921218752631
2.31410908172714
2.17518811547851
2.29427236764582
2.29631933338945
2.28948152512416
2.31591027691272
2.35213955054289
2.66357461493141
2.39720309738237
2.13865583705075
2.53206043262352
2.31050332463599
2.37537328507702
1.98137614678899
2.82569564851445
2.19975170440199
2.45121875263027
2.59399124652808
2.44594310243247
2.44716522178268
2.44594310243247
2.04633364194933
2.52319585893443
2.43204528238365
2.61025587071796
2.57067671071459
2.52219257638248
2.17314114973487
2.68623600707011
2.14432202676542
2.34003955895969
2.42634205874927
2.28344836293243
2.13148135678816
2.25329265213367
2.67627724938978
2.36986869792105
2.83598434475212
2.10513340627895
2.28065398535477
2.64773419745814
2.43022725359819
2.44164716774682
2.35789664169684
2.25497601212021
2.3524021547008
2.45734954970121
2.60157983334736
2.38772241393823
2.58247033078024
2.4334492046124
2.25127262014982
1.92804730241562
2.13780069017761
2.330249137278
2.17078781247369
2.25496254524032
2.05438010268497
2.27836124905312
2.24396347108831
2.3367267065062
2.31169851022642
2.21117498527062
2.31049659119603
2.43194764750442
2.21974665432202
2.40123306119014
2.07947900008418
2.01608366299135
2.1670743203434
2.49676374042591
2.48569059843447
1.86828802289369
2.17775692281796
2.25905984344752
2.37825183065399
2.04633364194933
2.17748085178016
2.34596835283227
2.10513340627895
2.25329265213367
2.07585304267317
2.39630754986953
2.40565356451478
2.05591196027271
2.34995454928037
2.33566618971469
2.22042336503662
2.37258900765929
2.11359734029122
2.56466711556266
2.29739331706085
1.99402154700783
2.17432623516541
2.08654237858767
2.34078697079372
2.21744045114048
1.87304856493563
2.48194343910447
2.17728558202171
2.03791684201667
2.05438010268497
2.39376904300985
2.25761552057909
2.17748085178016
1.8196624863227
2.06990404848077
2.18266223381872
2.23599781163202
1.88990573184077
2.36768032993857
2.04165053446681
2.21203349886375
2.01768958841848
1.87978537160171
2.1862646241899
1.78858429425134
2.40259994949921
1.82090817271273
2.18182392054541
2.00834694049323
2.28800690177596
1.94930813904554
2.17481440956149
2.26643969362848
1.90801195185591
2.32703055298376
2.0387248548102
2.1870120360239
2.04655921218753
2.19016328591871
2.30666863058667
2.30530174227761
1.86489100244088
1.93662907162698
1.94827118929385
1.91337850349299
1.94316050837472
2.09439020284489
2.45895547512836
2.04642454338861
1.93005723423954
2.3535266391718
2.37953118424375
2.16873074657016
2.14295177173639
1.99881238952952
2.05932918104537
1.8553867519569
2.02326150997391
1.74875263024998
1.94383048564936
1.75111943439106
1.88302752293578
1.99317313357463
2.07974497096205
1.92675784866594
1.84681844962546
1.93384479420925
1.77261257469911
2.14903880144769
1.92804730241562
2.00839407457286
2.05641360154871
2.0215141823079
2.0233254776534
1.89090901439275
2.01538001851696
1.90801195185591
2.20127009510983
1.81133658782932
1.97331958589345
1.99985943944114
1.91889655752883
1.88635720898915
2.07551973739584
2.04926605504588
2.10927447184582
1.88990573184077
1.9479648177763
2.08351233061191
1.99216311758269
1.84598013635215
2.15139550542884
2.17460230620318
2.0384386836125
1.75919619560645
1.87984933928121
2.06545661139634
1.86011362679909
2.19028785455771
1.8196624863227
1.7859245854726
1.84884858176923
2.09365625789076
1.81148135678816
2.21265634205875
1.86051763319585
2.0160634626715
1.9321749011026
1.85070027775441
1.98550711219596
1.73328255197376
1.85750778553995
1.99247285582021
1.81578739163371
1.67711892938306
1.81449793788403
1.79271189293831
1.7538902449289
2.11917599528661
1.79971130376231
1.85264287517887
1.80605757091155
1.96080548775356
1.86019442807844
1.72993603232052
1.98720393906237
1.94459473108324
1.9760129618719
1.71312263277503
1.76834020705329
1.97854810201162
1.76254944869962
1.73445417052437
1.91192071374465
2.10322110933424
1.68506775523946
1.62153774934771
2.14620402323038
1.72032068007744
2.03119013551049
1.85719131386247
1.86265550037876
1.8763378503493
1.74635552562916
1.93068681087451
2.02774598097804
1.7837631512499
2.01635300058919
1.72000084167999
1.9641991414864
1.71592037707265
1.9464767275482
1.74166568470667
1.86254103189967
1.82702213618384
1.89299301405606
1.80577139971385
1.65223550206213
1.72670734786635
1.79686642538508
1.69783435737733
1.75832758185339
1.92162696742699
1.67712566282299
1.74573268243415
1.78931823920547
1.69706001178352
1.8163125999495
1.87987290632103
1.75820974665433
1.5992904637657
1.8553867519569
1.82198215638414
1.52627977442978
2.01613079707096
1.79162780910698
1.75982913896138
1.75721319754231
1.84650871138794
1.73074404511405
1.60365036613081
1.716627388267
1.93624189883008
1.74399882164801
1.8330519316556
1.80554919619561
1.76444154532447
1.72330022725362
1.8832631933339
1.59427405100581
1.77119518559044
1.81367645821061
1.67461408972309
1.76018601127851
1.66584715091324
1.72984513088124
1.87385657772916
1.97694554330445
1.88215890918275
1.6716008753472
1.86716353842269
1.50712987122296
1.78803888561569
1.63332463597342
1.83106220015151
1.81782762393738
1.71176247790592
1.66504923827961
1.69265970877873
1.77493224476055
1.66887383216903
1.7367401733861
1.82739584210083
1.73960188536319
1.66819375473446
1.61852790169178
1.56604073731168
1.67611564683108
1.55159750862722
1.56380523524956
1.87298459725614
1.50595825267234
1.88936368992509
1.50142328086861
1.8349877956401
1.41633616698931
1.60316892517466
1.72993603232052
1.92699351906407
1.66686726706507
1.85080127935359
1.67716606346269
1.76323625957411
1.49555845467555
1.88752209409984
1.86405268916758
1.45460230620319
1.88585220099318
1.54400555508795
1.87083326319333
1.68484891844122
1.64346182981231
1.42278006901776
1.81232303678144
1.64277165221785
1.62068933591451
1.65515108155878
1.5185767191314
1.66076003703392
1.72586903459305
1.62191145526472
1.68960272704319
1.83747916842017
1.66208315798335
1.81388856156889
1.94470919956234
1.61033330527735
1.61522178267822
1.74444996212441
1.66575624947396
1.50812978705497
1.68066745223467
1.59709536234325
1.56429677636564
1.61355862301153
1.37664253850687
1.68834020705327
1.58608955475128
1.57802289369582
1.48750189377998
1.63397777964818
1.62209325814325
1.51961703560306
1.39549953707601
1.75164800942682
1.48055971719552
1.63392391212861
1.65518474875853
1.7714375894285
1.49863563673091
1.54298207221615
1.34636225906911
1.54030889655755
1.72886204864912
1.59874505513005
1.65326235165392
1.56953539264373
1.68338776197291
1.49595572763235
1.62332884437339
1.77868277081055
1.6771121959431
1.64995623264036
1.6541006649272
1.55463429004294
1.65443397020454
1.49665263866677
1.34197542294422
1.66751704401986
1.5147251914822
1.67537496843701
1.46675616530595
1.66076003703392
1.57512078107905
1.37524198299806
1.77280784445753
1.67799090985608
1.497750189378
1.57871643801028
1.33106725023146
1.4375364026597
1.56131049574952
1.53060600959515
1.6973125157815
1.46910276912718
1.4979757596162
1.59469152428247
1.41057570911539
1.62821395505429
1.48024324551807
1.46682686642538
1.42430855988553
1.4790514266476
1.70894116656848
1.67597087787223
1.42382038548945
1.48046208231631
1.34262183317904
1.56429677636564
1.65635636730914
1.48468058244256
1.39345593805237
1.40215554246277
1.41944364952445
1.41542041915665
1.20638414274893
1.35261762477907
1.7411135426311
1.47915242824678
1.50773251409814
1.54855399377158
1.66875599696996
1.52348203013216
1.3212768285498
1.69996885784025
1.61847066745224
1.52719215554248
1.53544061947647
1.4625376651797
1.53080801279356
1.38633869202928
1.53429930140561
1.47403501388771
1.39271525965827
1.40552899587578
1.58955390960358
1.4760516791516
1.33836629913307
1.50690093426479
1.3330266812558
1.21345088797241
1.19488342732095
1.5766762057066
1.45674017338609
1.45009426815926
1.54219089302248
1.38980641360155
1.37813399545493
1.37956485144349
1.44169430182646
1.31110260079117
1.46984008080128
1.44038464775693
1.3671012541032
1.41257890749938
1.40173470246614
1.66184412086525
1.45270347613837
1.35261762477907
1.39216648430266
1.28066071879474
1.41058580927532
1.35106556687148
1.46234912886121
1.31886962376905
1.40172123558625
1.3045778974834
1.25429256796568
1.40419240804647
1.44221951014225
1.45008080127937
1.55932076424543
1.34104284151167
1.41562915579496
1.33162949246696
1.46466206548271
1.24040821479673
1.58591111859272
1.33754481945965
1.480125410319
1.3205395168757
1.40301742277586
1.52961956064306
1.44299385573606
1.63111270095109
1.35377240972983
1.42836882417305
1.37855483545158
1.57986785624107
1.15451645484387
1.46878629744973
1.24524619139802
1.31674859018602
1.38669893106641
1.28195690598434
1.41004040063967
1.31820974665433
1.34718037202256
1.39255702381956
1.37104031647169
1.20884184832929
1.38803551889572
1.25452150492384
1.39011951855906
1.25314114973489
1.63248295598015
1.17358555677131
1.23429761804562
1.21083494655332
1.20866677889066
1.23842521673259
1.43825014729401
1.39946553320428
1.04171450214628
1.48905395168757
1.21504671323964
1.46015739415876
1.50316050837472
1.15754313609966
1.34705917010353
1.45990152344081
1.35285329517717
1.23445248716439
1.5185767191314
1.19960020200321
1.38718710546252
1.26819038801449
1.39814577897485
1.20680834946555
1.3375246191398
1.29863227001096
1.47696406026429
1.37934938136522
1.14342647925258
1.36419240804648
1.25904637656762
1.21719468058245
1.30137278006902
1.28492298628063
1.04226664422188
1.23437841932497
1.20727969026177
1.26522767443819
1.14804225233567
1.32617203939063
1.33136688830908
1.23569480683446
1.05634626714922
1.41649103610808
1.1650879555593
1.20319585893444
1.30847655921218
1.25508711387931
1.15189377998485
1.17466290716271
1.51365794125076
1.22286423701709
1.16784529921725
1.25757175321942
1.29087198047304
1.25068681087453
1.18122801111019
1.08497685380019
1.34572258227422
1.20890244928879
1.34566198131472
1.29929551384564
1.20247538086019
1.14939230704488
1.23445248716439
1.25496254524032
1.136124063631
1.34269590101843
1.26095867351233
1.21526555003788
1.24691608450468
0.939696153522448
1.36918188704655
1.15080969615352
1.07151334062789
1.3375246191398
1.30334231125326
1.10437252756503
1.3541629492467
1.209501725444
1.28433717700531
1.24789580001683
1.23808517801533
1.09447437084421
1.16757596161941
1.15402154700783
1.1312995539096
1.17564598939484
1.16699351906405
1.14250399797999
0.998872990489019
1.10550374547597
1.26503240467974
1.12274808517802
1.05576045787393
1.08111185927112
1.20744465954044
1.20624610723004
1.27540526891676
1.35214965070281
1.02553067923577
1.09053530847572
1.09130292062957
1.24269085093849
1.18502903795977
1.19500462923997
1.14766854641866
1.2026874842185
1.137251914822
1.15464775692283
1.28463344836294
1.0466130797071
1.19487332716102
1.11205538254356
1.23152680750781
1.13651796986787
1.04580170019361
0.989308139045534
1.28413517380693
1.17466290716271
1.1525873242993
1.18983671408131
1.15283309485733
1.19984597256123
1.21165305950677
1.1072746401818
1.05848076761217
1.16030721319754
1.28655247874758
1.02335577813315
1.0381390455349
1.11303846477571
1.04012541031901
1.1418643211851
1.04461661476307
1.02221782678225
1.0452394579581
0.941844120865255
1.10285750357716
1.11686642538507
1.18621075667033
1.06861796145105
1.01036697247707
1.05892517464861
1.14552394579582
1.09886794040906
1.06251073141993
1.29844373369247
0.96592626883259
1.09551805403586
1.05531941755746
1.07809191145526
1.11837471593302
0.938329265213383
0.974003030047982
1.18905900176753
1.14255449877956
1.14766854641866
1.09130292062957
1.0541646326067
1.08118592711051
1.18034256375728
1.08792610049659
1.14628482450973
1.08851527649188
1.08347866341217
1.25568975675449
1.03597424459221
0.98559128019528
1.03976853800185
0.9314880902281
1.02553067923577
1.02335577813315
1.07151334062789
1.24781836545745
1.04390960356872
0.986251157309994
1.01637320090902
1.17106725023146
1.07436158572511
0.995385068596931
1.09947395000421
1.00574109923409
1.04094688999243
1.07771147209832
1.05586145947311
0.905877451392996
1.06775271441799
1.11459725612323
1.05036697247706
1.10059843447522
0.964626714922986
1.08300058917601
0.893080548775373
1.07654658698763
1.0466130797071
0.936858008585148
1.01310748253513
1.03268495917854
1.01216480094268
0.953715175490288
0.972235502062119
1.19790337513678
1.12494318660046
0.971265886709887
1.01684790842523
1.06902533456781
1.01579749179362
0.998125578654992
1.04441124484472
0.9983376820133
1.03985607272116
1.05485481020116
0.92689588418483
1.02686390034509
1.0572384479421
0.966515444827877
1.04174480262606
1.02335577813315
1.03796734281627
0.763229526134182
1.17575372443397
0.931578991667379
1.06202929046378
1.06938220688494
1.03712229610304
1.00041831495665
1.01036697247707
0.943510647251912
0.98559128019528
1.02383385236934
1.06386078612911
1.01227253598182
0.981275145189812
0.992634458378944
0.981093342311254
0.937837724097307
0.925889234912887
1.01633616698931
0.998819122969451
0.979851022641185
0.948860365289136
0.913274135173822
1.07153354094774
0.913139466374901
0.765343826277245
1.00315882501474
1.01579749179362
1.0386642538507
0.90589765171282
1.03797070953624
0.869466374884269
0.838250147294019
1.02477653396178
0.982864237017083
0.859056476727545
1.08750526049997
0.916523019947817
0.970919114552657
1.00190640518477
1.00995286592038
1.09077097887385
0.891094183991243
0.948476559212196
0.995509637235926
1.01814409561484
0.707860449457115
0.958970625368238
1.03799764329602
0.901231377830158
1.02221782678225
0.999287097045709
0.9983376820133
0.932195101422451
1.02738574194092
0.977521252419848
0.998640686810887
0.884461745644302
0.863234576214126
1.10045703223636
0.968508543051939
0.905618213955051
0.980295429677653
0.882347445501239
0.956526386667804
0.688431108492551
0.768983250568141
0.860093426479267
0.903948320848428
0.940335830317309
0.939224812726195
0.899430182644579
0.96707768706338
0.914711724602313
0.941844120865255
0.905601380355193
0.893080548775373
0.888410908172716
0.949250904806007
1.02241646326067
0.684936453160503
0.867308307381535
0.849259321605928
0.969178520326579
0.87942513256462
0.912055382543571
0.922781752377745
0.970040400639675
0.964626714922986
0.707860449457115
0.902658867098722
0.879068260247465
0.917634037538932
0.873243834694051
0.94369245013047
0.904025755407815
0.889797996801633
0.918657520410761
0.925165390118678
0.845525629155816
0.917994276576053
0.966515444827877
0.941844120865255
0.80973066240216
1.00496338692031
1.01947731672419
0.845956569312364
0.796549953707597
0.83270179277838
0.87750610217995
0.726996885784018
0.987308307381539
0.869122969447034
0.741046208231637
0.808562410571511
0.832728726538164
0.885064388519481
0.682310411581511
0.781968689504254
0.895114047639083
0.830476390876186
0.712415621580675
0.867806581937543
0.879808938641531
0.866823499705419
0.904988637320088
0.691376988468988
0.747173638582609
0.876156047470772
0.824029122127769
0.776915242824685
0.939389782004895
0.852498106220025
0.898322531773431
0.778867940409071
0.868412591532717
0.621413180708714
0.730568975675453
0.992355020621176
0.761155626630767
0.900012625199906
0.87728053194175
0.811067250231474
0.951442639508457
0.76862974497098
0.762142075582858
0.832614258059095
0.807407625620755
0.974905311000754
0.839233229526144
0.744867435401062
0.810713744634285
0.778544735291661
0.816477569228198
0.790021883679827
0.806330275229357
0.797135762982919
0.842795219257653
0.842320511741434
0.75448278764415
0.884505513003973
0.892851611817207
0.774332968605336
0.767020452823857
0.765081222119363
0.905944785792457
0.659709620402339
0.82741604242068
0.8539020284488
0.646821816345437
0.747133237942933
0.856858008585135
0.784308559885545
0.623466879892277
0.684525713323808
0.807407625620755
0.708439525292505
0.748156720814762
0.849252588165996
0.703123474455026
0.865305108997575
0.737810790337534
0.696235165390135
0.743392812052861
0.731878629744983
0.72101759111186
0.77063294335494
0.727347024661242
0.831597508627226
0.770622843195014
0.723973571248223
0.869042168167681
0.790021883679827
0.778645736890837
0.805067755239463
0.720004208399985
0.759940240720482
0.702301994781578
0.73103021631178
0.841653901186788
0.658352832253172
0.715108997559128
0.728070869455451
0.774612406363104
0.842286844541718
0.787385741940909
0.727764497937898
0.729548859523618
0.698386499452909
0.71496422860028
0.80234407878126
0.801525965827807
0.710156552478765
0.684525713323808
0.706927868024593
0.702301994781578
0.714688157562506
0.619965491120297
0.67389361164885
0.680024408719817
0.773999663327999
0.682209409982335
0.655295850517632
0.777457284740336
0.80954212608367
0.771572258227422
0.70199225654406
0.738787139129698
0.660891339112879
0.673099065735215
0.650407373116735
0.749035434727716
0.794822826361411
0.60748842690009
0.690323205117409
0.696642538506865
0.650515108155872
0.569114552647079
0.856110596751137
0.766808349465549
0.675873242993021
0.723226159414196
0.771804561905583
0.680108576719135
0.740595067755237
0.68998316640014
0.731878629744983
0.659669219762662
0.69881407288949
0.755910276912715
0.698665937210677
0.664150324046801
0.636788990825693
0.745658614594731
0.618898240888825
0.712870128777041
0.696235165390135
0.706752798585995
0.667480010100178
0.716007911791934
0.654171366046626
0.767495160340047
0.684862385321111
0.662823836377413
0.60261004965912
0.680024408719817
0.665931318912556
0.674112448447119
0.671479673428166
0.611504923827965
0.630503324635981
0.753711808770305
0.725162023398724
0.681165726790681
0.638728221530187
0.638610386331123
0.629883848160944
0.655050079959608
0.685838734113304
0.631493140308066
0.637768706337852
0.749819880481454
0.632482955980151
0.638421850012634
0.699110344247117
0.576076929551391
0.667887383216907
0.656693039306475
0.636469152428248
0.648845215049249
0.641566366467487
0.616218331790265
0.69454507196366
0.689727295682189
0.652993014056051
0.650548775355617
0.690986448952117
0.587237606262107
0.654504671323963
0.651693460146447
0.722017506943871
0.688023735375822
0.627392475380873
0.655790758353675
0.601849170945201
0.743399545492821
0.66338271189295
0.696406868108738
0.703507280531937
0.647060853463529
0.706927868024593
0.569417557444666
0.560967090312261
0.569185253766534
0.689521925763842
0.655528154195792
0.558674354010606
0.680465449036291
0.625577813315374
0.637570069859436
0.622803636057569
0.647936200656517
0.727990068176098
0.625752882753972
0.630883763992927
0.652144600622847
0.604902785960775
0.647060853463529
0.655804225233567
0.612999747496019
0.57948068344416
0.602010773503935
0.60261004965912
0.634391886204867
0.664402828044786
0.558418483292655
0.663062873495505
0.584194091406459
0.700231461998158
0.661736385826117
0.626533961787743
0.644983587240148
0.635553404595584
0.545507112195963
0.630190219678497
0.61816429593469
0.722455180540379
0.567010352663914
0.637331032741372
0.663251409813995
0.589419240804659
0.698426900092585
0.640893022472852
0.552944196616465
0.646545745307634
0.54031562999748
0.691238952950101
0.607124821143003
0.600324046797425
0.714543388603659
0.590237353758113
0.569144853126858
0.549816513761471
0.654760542041913
0.649134752966916
0.541355946469167
0.599172628566635
0.647636562578924
0.603946637488434
0.60437084420505
0.550008416799926
0.590540358555671
0.663712650450293
0.612875178856996
0.557657604578736
0.565421260836644
0.55281289453751
0.560771820553839
0.641381196868963
0.550792862553664
0.646919451224647
0.589439441124483
0.582429930140563
0.58496170356031
0.565306792357546
0.637721572258243
0.600919956232644
0.617575119939403
0.641246528070042
0.594482787644154
0.571464523188297
0.567121454423045
0.532060432623524
0.6039500042084
0.614504671323971
0.557105462503159
0.56440787812474
0.565178856998585
0.630752461914
0.587338607861312
0.542908004376756
0.631584041747345
0.510361922397124
0.604081306287355
0.482519148219865
0.645522262435833
0.549577476643378
0.627392475380873
0.582870970457037
0.596408551468727
0.558004376735965
0.653296018853638
0.641290295429684
0.494003030047992
0.559829138961362
0.527542294419675
0.545103105799171
0.476250315630011
0.640744886794039
0.524832084841364
0.585547512835632
0.545082905479347
0.594065314367498
0.518226580254208
0.527986701456115
0.514156215806764
0.634802626041591
0.50928120528576
0.606613079707103
0.594247117246027
0.529191987206474
0.598768622169871
0.509873748001013
0.560963723592295
0.536110596751115
0.594970962040236
0.600731419914155
0.6633524114132
0.481196027270443
0.525606430435147
0.573262351653909
0.62511320595911
0.526969952024245
0.492895379176844
0.551156468310751
0.594001346688003
0.558607019611145
0.534811042841511
0.574784109081747
0.506318491709465
0.568979883848158
0.550281121117763
0.587682013298547
0.554644390202839
0.487458126420336
0.638465617372276
0.538844373369244
0.645468394916264
0.468146620654835
0.523872569649029
0.618649103610807
0.515502903795976
0.543537581011719
0.535312684117514
0.512257385741947
0.490390539516881
0.492632775018933
0.605970036192247
0.527316724181475
0.529282888645753
0.459103610807176
0.491286087029721
0.495356451477164
0.555829475633374
0.463123474455017
0.529276155205793
0.533545156131652
0.527737564178096
0.490158235838749
0.543699183570425
0.508924332968604
0.472314619981489
0.545308475717547
0.543002272536
0.47193081390455
0.528821648009426
0.491929130544577
0.539278680245786
0.531743960946045
0.506318491709465
0.541544482787657
0.488936116488532
0.489562326403501
0.508331790253351
0.522041073983672
0.575171281878625
0.510503324635977
0.542301994781582
0.507840249137274
0.566757848665958
0.50826445585389
0.482313778301489
0.522616783099068
0.493013214375907
0.569710462082327
0.472533456779729
0.496561737227523
0.481196027270443
0.537167746822661
0.523566198131476
0.495780658193752
0.490259237437925
0.460164127598688
0.509446174564431
0.512748926858023
0.495632522514939
0.451642959346856
0.459386415284911
0.561165726790676
0.454040063967682
0.475496170356024
0.480108576719147
0.506820132985439
0.463820385489441
0.503645316050836
0.485491961956058
0.483643632690871
0.558001010016
0.465453244676382
0.526013803551905
0.491201919030402
0.456565103947497
0.514061947647519
0.453949162528403
0.454420503324656
0.468395757932853
0.539918357040648
0.545358976517122
0.459103610807176
0.487458126420336
0.541177510310575
0.484589681003285
0.415487753556107
0.533922228768631
0.484104873327169
0.53487164380104
0.508688662570506
0.473530005891774
0.469796313441634
0.458598602811207
0.522865920377086
0.498467300732273
0.455413685716707
0.496932076424542
0.475886709872924
0.496777207305797
0.48223634374213
0.518216480094281
0.480381281036955
0.457406783940741
0.531962797744313
0.502584799259324
0.389281205285755
0.551146368150825
0.455662822994697
0.450205369918365
0.460689335914481
0.490713744634292
0.484118340207061
0.436475885868191
0.438341048733292
0.47072552815419
0.439516034003873
0.505173806918606
0.454134332126927
0.510375389277016
0.451488090228111
0.477852874337174
0.44903375136775
0.498474034172204
0.455656089554765
0.48786886625706
0.42302247285582
0.53027943775777
0.45323541789412
0.478300648093608
0.463086440535307
0.470483124316132
0.469796313441634
0.459851022641203
0.482354178941165
0.415487753556107
0.483761467889906
0.458642370170878
0.471321437589438
0.477054961703573
0.450696911034441
0.463123474455017
0.424325393485418
0.435832842353335
0.462402996380774
0.470257554077961
0.455851359313186
0.456083662991347
0.445754566113976
0.494989479000083
0.470008416799942
0.47723003114217
0.445869034593045
0.476142580590874
0.482020873663828
0.486168672670658
0.361259994949933
0.443936537328511
0.483855736049151
0.459218079286273
0.396711556266325
0.496245265550044
0.436640855146891
0.471674943186599
0.423402912212794
0.444444912044446
0.440182644558547
0.47156047470753
0.364488679404104
0.44459978116322
0.51714922986281
0.448114636815092
0.461409813988723
0.461413180708689
0.441313862469485
0.439933507280529
0.447740930898078
0.387267906741869
0.38804225233568
0.498335998653317
0.421359313189129
0.476714922986275
0.440246612238042
0.424072889487434
0.506914401144684
0.391496507028023
0.421332379429344
0.471355104789154
0.457026344583795
0.436327750189378
0.463254776533972
0.460978873832175
0.467146704822824
0.465076172039403
0.427338607861287
0.480034508879726
0.406023903711827
0.449956232640346
0.433267401733872
0.392890329096872
0.488279606093784
0.388860365289133
0.438394916252861
0.500632101674938
0.388284656173738
0.472590691019292
0.437634037538942
0.411703560306393
0.426661897146715
0.392573857419421
0.430095951519235
0.421992256544058
0.429577476643374
0.42104957495161
0.37303004797576
0.383355778133165
0.485502062115984
0.386446427068449
0.399798838481615
0.455639255954907
0.434533288443731
0.41250483965996
0.408993350728053
0.428577560811391
0.407134921302941
0.414511404763914
0.352048649103608
0.383594815251257
0.437428667620566
0.439926773840597
0.424719299722256
0.350409056476735
0.44788233313696
0.466197289790415
0.376969110344248
0.417120612743048
0.401637067586904
0.447626462419009
0.427873916337006
0.364552647083599
0.450097634879228
0.396071879471435
0.455571921555418
0.429136436326928
0.369983166400147
0.418935274808518
0.45581769211347
0.389281205285755
0.40620233987039
0.417595320259238
0.440529416715776
0.410575709115392
0.43523356619815
0.373844794209248
0.425419577476646
0.439829138961386
0.339467216564259
0.424140223886894
0.363886036528925
0.430062284319519
0.368168504334648
0.349533709283747
0.419645652722835
0.401357629829135
0.410299638077618
0.387254439861977
0.368754313609969
0.444458378924338
0.39679909098561
0.402636983418915
0.403700866930393
0.395334567797335
0.36669051426648
0.398068344415464
0.395432202676545
0.370814746233492
0.379379681844966
0.356459052268349
0.396570154027444
0.407885699856934
0.38963807760291
0.355496170356048
0.372538506859712
0.415662822994705
0.391607608787155
0.381453581348381
0.475452402996382
0.386968268664248
0.355007995959937
0.384042589007663
0.37606346267151
0.427486743540101
0.39180624526557
0.343800185169613
0.406589512667296
0.382089891423277
0.398165979294674
0.432445922060452
0.387695480178451
0.42717027186265
0.383217742614278
0.429240804646071
0.36028364615774
0.372572174059428
0.351267570069865
0.364185674606517
0.368468142412269
0.368091069775289
0.347133237942955
0.372639508458889
0.406087871391293
0.366306708189541
0.384268159245863
0.353011531015909
0.441068091911461
0.371612658867093
0.349671744802635
0.363532530931735
0.326993519064047
0.351267570069865
0.4007886541537
0.359825772241408
0.344574530763424
0.379362848245108
0.36334736133324
0.321839070785302
0.394755491961973
0.400610217995137
0.365232724518137
0.388267822573852
0.356438851948496
0.357199730662416
0.349442807844468
0.3434870802121
0.343668883090658
0.397620570659029
0.385847150913236
0.363040989815687
0.367959767696334
0.418524534971823
0.315839575793291
0.369599360323207
0.384779900681764
0.353203434054393
0.393913811968702
0.35834104873328
0.422702634458375
0.361775103105799
0.353580506691372
0.352004881743966
0.351348371349218
0.310846730073223
0.406959851864315
0.402899587576798
0.366071037791443
0.326737648346096
0.307769548017859
0.364939819880476
0.296763740425888
0.391887046544923
0.351887046544903
0.357054961703568
0.352466122380292
0.338362932413105
0.308345257133254
0.38262183317903
0.347062536823501
0.344682265802561
0.369983166400147
0.355920377072636
0.370969615352237
0.349284572005729
0.32915158656678
0.345187273798501
0.378830906489355
0.364488679404104
0.336783940745732
0.346315124989474
0.345123306119007
0.303732850770132
0.358543051931662
0.331902196784796
0.36640434306878
0.354664590522702
0.309338439525305
0.342470330780259
0.375881659792952
0.378756838649963
0.324152007406781
0.363987038128101
0.370595909435252
0.341352579749184
0.37541705243666
0.302392896220852
0.357846140897237
0.349890581600874
0.345352243077201
0.338208063294331
0.360239878798097
0.361704401986373
0.318694554330449
0.337231714502167
0.331195185590445
0.365916168672669
0.363589765171298
0.331137951350911
0.341547849507634
0.312499789580016
0.336723339786232
0.328905816008756
0.345123306119007
0.297585220099336
0.360364447437092
0.346096288191234
0.283764834609883
0.332141233902888
0.323010689335916
0.318266980893867
0.327882333136955
0.304790000841678
0.32272115141825
0.339706253682351
0.33800606009595
0.350355188957167
0.273997979968016
0.303197542294413
0.427449709620419
0.32848160929214
0.336073562831416
0.337847824257238
0.311843279185268
0.293383553572937
0.347506943859941
0.308510226411926
0.324071206127428
0.371770894705833
0.315364868277101
0.340672502314618
0.3653505597172
0.333376820132997
0.296773840585814
0.323825435569404
0.350708694554328
0.352052015823602
0.356627388266986
0.292518306539847
0.347978284656193
0.308476559212181
0.341278511909792
0.328171871054622
0.310395589596851
0.297703055298371
0.36401060516792
0.329511825603902
0.325532362595737
0.314839659961279
0.310691860954478
0.310287854557714
0.329646494402823
0.30748337682013
0.30063210167495
0.297093678983259
0.304675532362609
0.312543556939659
0.345379176836985
0.328067502735479
0.317115562663076
0.283785034929736
0.30959094352329
0.301002440871997
0.310439356956493
0.300820637993439
0.286852116825202
0.308473192492215
0.302514098139881
0.306544061947648
0.264988637320101
0.296208231630345
0.317415200740697
0.308937799848508
0.284784950761718
0.301366046629084
0.325330359397356
0.301312179109516
0.32080885447354
0.362027607103784
0.335834525713324
0.268537160171718
0.291067250231464
0.315974244592212
0.325057655079547
0.345187273798501
0.257921892096618
0.308809864489518
0.312166484302679
0.320445248716453
0.295447352916426
0.307830148977359
0.331215385910298
0.281280195269773
0.317118929383042
0.332158067502746
0.289303088965596
0.306951435064406
0.300352663917181
0.319946974160445
0.264530763403769
0.285178856998584
0.283478663412183
0.300079959599373
0.268537160171718
0.301854221025167
0.283545997811643
0.283229526134164
0.293912128608724
0.298460567292324
0.27577897483377
0.327922733776632
0.310903964312786
0.252323036781434
0.285808433633548
0.292030132143765
0.32599696995203
0.306055887551565
0.291228852790169
0.308244255534049
0.283091490615277
0.269638077602906
0.294949078360418
0.318115478495088
0.281428330948586
0.291094183991248
0.298581769211353
0.286852116825202
0.304823668041422
0.300820637993439
0.272802794377583
0.27683275818535
0.324202508206383
0.247828465617374
0.313183233734549
0.302042757343656
0.294366635805062
0.302658867098728
0.327508627219942
0.284522346603836
0.292865078697076
0.294326235165386
0.296645905226853
0.293972729568225
0.28495665348035
0.322246443902031
0.285057655079555
0.296682939146535
0.267543977779667
0.290144768958839
0.28910445248718
0.280074909519414
0.245451561316401
0.269978116320175
0.277206464102363
0.258830906489351
0.301897988384837
0.286683780826536
0.269587576803303
0.250831579833346
0.2659010184328
0.316391717868868
0.278027943775783
0.294167999326675
0.284350643885205
0.277745139298048
0.28107145863143
0.2849869539601
0.303692450130455
0.268139887214886
0.29652133658783
0.273752209409992
0.272324720141398
0.267116404343085
0.26532867603737
0.278903290968771
0.285579496675382
0.270816429593481
0.288963050248299
0.291881996464952
0.296198131470419
0.244444912044457
0.282754818617974
0.272843195017259
0.260409898156723
0.304497096204017
0.262591532699275
0.269335072805319
0.287986701456106
0.27361754061107
0.282051174143589
0.277597003619235
0.266379092668984
0.284559380523518
0.27313609965492
0.285926268832611
0.292437505260494
0.280556350475564
0.255746990994027
0.293599023651211
0.250141402238881
0.268217321774273
0.254060264287517
0.257066745223483
0.270604326235173
0.25083494655334
0.295878293072974
0.231816345425472
0.25350812221194
0.276240215470096
0.281886204864918
0.268594394411252
0.262736301658123
0.273694975170457
0.282189209662505
0.26855062705161
0.255605588755174
0.273668041410673
0.26742950930057
0.238394916252844
0.272119350223051
0.286007070111964
0.256911876104709
0.295713323794303
0.274041747327686
0.276472519148228
0.267116404343085
0.271314704149489
0.261036108071721
0.252659708778737
0.262712734618304
0.257278848581763
0.263520747411832
0.253386920292911
0.288212271694306
0.255868192913056
0.260635468394923
0.269207137446358
0.273644474370855
0.262594899419241
0.24627977442978
0.25697921050417
0.274351485565205
0.262143758942869
0.290515108155887
0.284236175406107
0.247047386583631
0.2506767107146
0.261490615268087
0.24952529248381
0.223237942934105
0.257278848581763
0.258211430014313
0.281017591111862
0.276815924585492
0.251818028785465
0.25350812221194
0.24535392643719
0.257696321858447
0.294706674522359
0.237593636899248
0.24627977442978
0.266624863227008
0.24805740257554
0.253386920292911
0.256881575624959
0.24124316135007
0.235273966837809
0.2711867687905
0.240357713997156
0.253067081895466
0.255868192913056
0.247959767696329
0.241317229189463
0.275533204275746
0.238610386331118
0.254629239962981
0.267658446258736
0.253498022052014
0.248730746570175
0.236159414190723
0.280132143758948
0.260409898156723
0.250279437757769
0.251373621749025
0.27613248043096
0.262958505176329
0.242283477821729
0.227739247538096
0.279603568723189
0.250956148472369
0.2739643127683
0.247407625620752
0.263025839575789
0.230641360154863
0.268681929130565
0.255992761552079
0.22967174480263
0.258830906489351
0.275455769716359
0.239388098644895
0.222827203097381
0.243337261173309
0.225177173638599
0.25063967679489
0.237745139298056
0.259864489521078
0.242313778301508
0.229065735207485
0.251814662065499
0.231223802710218
0.234095614847234
0.2311396347109
0.2818626378251
0.240916589512665
0.257386583620928
0.252201834862404
0.243094857335251
0.244734449962124
0.241502398787986
0.250286171197729
0.249865331201079
0.215359818197129
0.247417725780679
0.255241982998058
0.254743708442049
0.231193502230468
0.247956400976364
0.249272788485825
0.246182139550541
0.258982408888158
0.261497348708019
0.229941082400472
0.25761888729906
0.224813567881512
0.221850854305188
0.234691524282482
0.252595741099242
0.226917767864677
0.250141402238881
0.256743540106072
0.248552310411583
0.250013466879892
0.247407625620752
0.246532278427736
0.248474875852196
0.24366046629072
0.246178772830575
0.243054456695575
0.245337092837303
0.222685800858528
0.241249894790002
0.233378503492986
0.224944869960439
0.233429004292589
0.243162191734712
0.215396852116839
0.240199478158416
0.233472771652231
0.245646831074822
0.233408803972736
0.247528827539782
0.222106725023167
0.221682518306551
0.230651460314789
0.238394916252844
0.245360659877122
0.212918946216661
0.229543809443669
0.233519905731839
0.216275566029793
0.22903206800774
0.22244339702047
0.24955559296356
0.222002356703996
0.247320090901439
0.219369581685044
0.241727969026186
0.238617119771078
0.22593805235249
0.240007575119961
0.231782678225755
0.242333978621332
0.223409645652737
0.226382459388958
0.251982998064136
0.245061021799529
0.227860449457125
0.234280784445758
0.228045619055649
0.222483797660146
0.263046039895642
0.248367140813059
0.234391886204861
0.248400808012804
0.225433044356549
0.239617035603061
0.217800690177597
0.224056055887559
0.250521841595827
0.217349549701197
0.230691860954465
0.226382459388958
0.218891507448888
0.227890749936876
0.232513256459896
0.222541031899681
0.248498442892014
0.201344162949255
0.228735796650113
0.22227842774177
0.213972729568212
0.222460230620328
0.220918272872666
0.23375220941
0.225433044356549
0.231789411665687
0.221409813988743
0.213848160929217
0.209390623684868
0.238011110175933
0.222921471256626
0.235725107314209
0.22505597171957
0.206434643548533
0.21042757343659
0.239142328086871
0.224311926605509
0.234536655163708
0.208552310411591
0.224412928204714
0.208612911371091
0.236832758185358
0.214504671323965
0.224820301321444
0.216410234828714
0.227799848497597
0.22288107061695
0.218538001851698
0.221177510310582
0.220278596077776
0.233277501893781
0.220342563757271
0.229520242403851
0.230991499032086
0.22507953875936
0.230637993434897
0.229479841764174
0.230456190556367
0.214733608282131
0.217201414022384
0.233068765255467
0.216191398030475
0.21606682939148
0.233577139971402
0.215171281878639
0.201603400387171
0.212716943018279
0.218625536571011
0.227183738742525
0.225045871559644
0.20303425637573
0.224493729484067
0.206993519064071
0.218251830653998
0.214612406363102
0.208612911371091
0.215952360912382
0.20998316640015
0.231449372948418
0.211491456948067
0.215006312599968
0.21326571837389
0.213319585893458
0.226907667704751
0.212599107819216
0.227153438262775
0.233755576129965
0.20803383553573
0.221278511909787
0.211259153269936
0.234651123642806
0.214238700446089
0.209340122885294
0.234189883006479
0.21463597340292
0.220032825519752
0.209282888645731
0.209370423365044
0.210892180792882
0.221254944869969
0.206411076508715
0.239984008080143
0.223998821648024
0.206882417304939
0.214050164127599
0.201344162949255
0.212918946216661
0.214494571164039
0.224813567881512
0.193371770053034
0.232674859018601
0.210952781752383
0.205087955559293
0.204805151081558
0.221160676710724
0.188452992172387
0.232987963976115
0.204650281962813
0.217275481861805
0.211141318070872
0.210922481272632
0.222126925342991
0.202155542462776
0.217652554498784
0.20673091490616
0.207979968016161
0.19554330443566
0.207276323541805
0.214376735965004
0.210946048312451
0.21657857082738
0.210037033919718
0.206801616025587
0.216144263950866
0.203498863732023
0.203158825014725
0.226018853631842
0.198455517212352
0.215100580759213
0.221238111270111
0.219739920882091
0.194694891002456
0.209915832000689
0.196607187947137
0.200956990152349
0.208252672333998
0.205734365794143
0.228570827371442
0.21221866846227
0.194317818365477
0.209370423365044
0.21463597340292
0.211063883511486
0.215309317397526
0.209457958084357
0.202367645821056
0.21899587576803
0.22176668630587
0.21064641023483
0.210942681592456
0.202653817018785
0.213060348455514
0.207495160340045
0.21415453244677
0.201775103105803
0.200095109839253
0.206434643548533
0.205289958757675
0.187355441461165
0.214423870044612
0.205784866593717
0.203492130292062
0.198310748253533
0.216366467469072
0.204663748842705
0.203475296692204
0.209831664001342
0.194146115646845
0.207272956821811
0.183604915411166
0.201967006144258
0.214504671323965
0.211013382711911
0.191412339028716
0.200795387593644
0.21610386331119
0.204367477485079
0.220217995118276
0.197192997222459
0.202879387256985
0.202869287097059
0.209885531520911
0.201162360070697
0.212053699183571
0.194529921723756
0.205182223718538
0.203997138288031
0.196479252588176
0.205259658277924
0.217410150660726
0.200859355273138
0.190308054877534
0.205919535392638
0.20124316135005
0.211033583031735
0.196411918188716
0.195014729399901
0.194765592121882
0.216656005386767
0.192237185422101
0.197674438178609
0.194529921723756
0.201175826950589
0.201610133827131
0.200095109839253
0.217369750021049
0.185443144516455
0.222197626462417
0.193041831495663
0.182692534298468
0.195873242993031
0.187012036023901
0.204566113963466
0.200536150155727
0.19822321353422
0.201391297028863
0.190257554077959
0.201647167746842
0.196553320427569
0.196947226664435
0.179857756081134
0.192934096456526
0.191334904469329
0.202105041663174
0.205774766433819
0.201478831748176
0.197691271778467
0.192506523019944
0.19488006060098
0.205717532194257
0.198563252251489
0.199206295766345
0.186210756670334
0.199344331285261
0.209515192323892
0.205532362595761
0.200653985354762
0.190163285918715
0.193321269253431
0.195728474034183
0.187463176500302
0.208346940493243
0.194957495160338
0.19117666863059
0.198677720730586
0.201765002945876
0.201734702466126
0.194765592121882
0.194563588923501
0.205000420840008
0.207818365457456
0.188739163370087
0.206219173470259
0.186601296187206
0.187853716017173
0.200650618634796
0.192115983503072
0.208767780489865
0.187719047218252
0.192560390539512
0.197519569059864
0.188803131049582
0.182702634458394
0.178470667452245
0.188136520494908
0.177208147462352
0.190277754397783
0.191153101590771
0.190132985438936
0.192462755660301
0.199122127767026
0.194166315966669
0.194061947647498
0.194563588923501
0.196708189546342
0.187628145778973
0.189048901607606
0.195506270515949
0.200714586314291
0.181221277670232
0.196048312431628
0.213309485733532
0.200522683275835
0.186358892349148
0.180810537833537
0.187055803383572
0.193402070532784
0.195903543472781
0.193348203013215
0.194146115646845
0.18767527985861
0.190284487837744
0.184981903880157
0.187776281457786
0.187702213618394
0.184449962124404
0.183022472855839
0.194957495160338
0.195294167157641
0.18704233650368
0.185338776197284
0.19248632270012
0.193627640770984
0.173652891170775
0.189560643043535
0.187951350896384
0.188749263530013
0.192796060937638
0.190277754397783
0.18222456022221
0.185729315714184
0.184062789327498
0.184564430603501
0.187294840501636
0.179834189041344
0.190728894874184
0.188533793451739
0.190439356956489
0.180904805992782
0.189338439525301
0.180187694638505
0.180170861038647
0.183487080212103
0.180359397357137
0.189806413601559
0.188082652975339
0.184338860365301
0.186618129787064
0.187698846898428
0.186554162107569
0.185055971719549
0.188836798249326
0.188823331369434
0.188274556013823
0.179349381365199
0.184449962124404
0.183167241814658
0.183355778133148
0.173036781415703
0.184399461324801
0.18403922228768
0.184463429004296
0.200115310159077
0.190264287517891
0.188917599528679
0.183130207894976
0.195661139634723
0.17700614426397
0.188025418735805
0.175858092753145
0.178740005050088
0.190860196953139
0.183796818449622
0.179834189041344
0.18199898998401
0.187513677299904
0.183763151249906
0.179100244087209
0.175518054035877
0.184513929803899
0.181376146789006
0.17352832253178
0.185308475717534
0.18713323794293
0.190462923996307
0.183675616530593
0.186799932665622
0.189237437926096
0.181854221025162
0.180739836714082
0.180066492719476
0.183251409814005
0.193290968773681
0.17245097214041
0.188089386415299
0.176487669388109
0.177901691776782
0.188055719215555
0.178797239289622
0.174430603484552
0.185466711556273
0.174073731167425
0.18945964144433
0.189069101927458
0.185813483713503
0.170077434559374
0.182497264540018
0.190850096793213
0.18133574614933
0.186022220351816
0.177972392896237
0.1883149566535
0.179955390960373
0.182527565019797
0.177272115141818
0.177985859776129
0.18111017591113
0.190274387677817
0.179615352243076
0.182918104536668
0.176194764750448
0.170259237437932
0.17655500378757
0.178578402491382
0.18079370423365
0.173221951014227
0.181759952865917
0.179282046965739
0.175925427152606
0.17721824762225
0.172848245097214
0.181157309990738
0.169824930561418
0.181924922144617
0.176942176584475
0.186749431866019
0.178982408888146
0.172558707179547
0.181739752546093
0.173827960609373
0.181712818786309
0.191503240467995
0.167276323541785
0.188762730409906
0.172006565103942
0.179948657520413
0.169218920966244
0.183618382291058
0.178117161855056
0.175901860112788
0.18181045366552
0.17744381786045
0.177763656257895
0.169087618887318
0.173774093089804
0.181860954465122
0.174723508122213
0.174322868445415
0.192792694217673
0.188341890413284
0.171902196784799
0.181029374631777
0.176214965070301
0.177272115141818
0.185678814914581
0.17282804477739
0.177938725696492
0.181517549027859
0.17305361501559
0.166475044188218
0.178174396094619
0.17633616698933
0.170989815672101
0.168293072973654
0.170259237437932
0.187348708021204
0.167360491541132
0.177002777543976
0.170770978873833
0.174908677720737
0.176009595151925
0.171609292147139
0.172440871980484
0.182783435737747
0.16696995202426
0.17113458463092
0.164438178604513
0.175117414359079
0.166791515865668
0.174450803804405
0.176831074825373
0.174349802205199
0.174090564767283
0.176403501388791
0.185736049154116
0.176928709704583
0.171902196784799
0.17610386331117
0.161350896389195
0.168158404174733
0.178086861375306
0.177208147462352
0.17703644474372
0.175672923154622
0.172925679656601
0.174720141402247
0.169020284487857
0.173992929888072
0.173841427489265
0.173928962208578
0.175238616278108
0.174918777880663
0.171686726706525
0.173662991330701
0.180359397357137
0.169939399040487
0.175837892433293
0.169915832000669
0.176066829391459
0.168676879050594
0.176517969867859
0.166390876188871
0.176474202508217
0.166296608029626
0.1728650786971
0.165636730914912
0.171346687989228
0.17305361501559
0.161536065987718
0.170259237437932
0.171313020789512
0.175810958673509
0.166269674269842
0.173474455012212
0.172558707179547
0.162505681339951
0.191887046544906
0.166734281626134
0.162660550458725
0.170919114552646
0.169215554246279
0.171393822068865
0.176467469068257
0.171831495665344
0.160327413517393
0.177824257217424
0.16894284992847
0.174383469404944
0.171690093426491
0.169521925763831
0.169993266560056
0.178935274808538
0.167128187862971
0.170622843195019
0.172848245097214
0.168414274892683
0.166434643548541
0.171124484471022
0.171356788149154
0.17611059675113
0.169811463681526
0.168158404174733
0.170198636478432
0.175864826193077
0.162620149819048
0.170323205117427
0.164976853800198
0.169491625284081
0.165337092837319
0.166905984344766
0.16520915747833
0.164724349802214
0.174093931487249
0.161892938304874
0.168781247369765
0.164549280363616
0.165333726117325
0.172848245097214
0.166532278427752
0.156674522346606
0.167064220183505
0.170838313273293
0.164623348203008
0.16323625957412
0.166552478747576
0.16676794882585
0.161967006144266
0.171040316471675
0.161000757511999
0.167003619223976
0.164559380523542
0.169134752966926
0.171279353589767
0.162505681339951
0.158990825688079
0.155159498358728
0.166121538591028
0.174292567965665
0.173824593889407
0.174501304604007
0.166411076508723
0.172154700782784
0.174336335325307
0.161536065987718
0.166269674269842
0.161536065987718
0.169521925763831
0.17394242908847
0.163216059254268
0.168501809611996
0.164582947563332
0.171181718710557
0.16107482535142
0.160451982156388
0.173797660129623
0.168633111690951
0.16255954885952
0.161142159750881
0.167586061779332
0.163088123895307
0.167804898577572
0.154317818365456
0.162630249978974
0.164889319080885
0.162714417978293
0.160792020873657
0.159802205201601
0.162172376062642
0.165232724518148
0.166986785624118
0.160862721993112
0.164660382122719
0.157788906657686
0.169175153606602
0.164034172207721
0.166976685464192
0.163057823415556
0.172925679656601
0.159074993687398
0.163118424375057
0.166633280026929
0.162737985018111
0.158862890329118
0.161562999747503
0.16613500547092
0.16218247622254
0.150577392475384
0.163633532530952
0.161216227590273
0.162896220856851
0.168996717448039
0.156337850349303
0.163239626294086
0.164044272367647
0.164354010605166
0.163828802289373
0.162243077182069
0.162169009342648
0.161536065987718
0.161647167746821
0.161967006144266
0.147833515697329
0.165401060516785
0.160041242319664
0.165549196195627
0.164586314283326
0.174299301405625
0.153095699015239
0.16913138624696
0.159034593047721
0.153119266055057
0.155677973234589
0.157735039138117
0.159347698005234
0.161704401986384
0.166717448026276
0.150365289117076
0.160414948236678
0.169754229441963
0.147422775860633
0.163801868529589
0.158165979294665
0.161192660550455
0.162108408383148
0.148705496170351
0.160256712397967
0.15542883595657
0.162818786297464
0.148978200488187
0.158357882333149
0.154799259321607
0.16234744550124
0.16100749095196
0.161142159750881
0.165141823078869
0.15801111017592
0.15969783688243
0.166306708189552
0.156943859944448
0.152314619981496
0.155913643632687
0.159266896725882
0.159647336082827
0.164205874926353
0.15207894958337
0.155674606514623
0.157489268580093
0.161051258311602
0.158408383132752
0.158994192408045
0.165212524198296
0.159206295766353
0.165357293157143
0.163545997811639
0.161340796229268
0.157674438178617
0.161852537665197
0.165798333473617
0.162364279101098
0.147833515697329
0.149685211682538
0.150025250399807
0.145867351233079
0.159883006480953
0.153068765255455
0.154960861880312
0.152018348623869
0.157418567460667
0.157324299301422
0.159926773840596
0.154890160760885
0.155765507953873
0.159199562326421
0.159926773840596
0.159643969362861
0.152169851022649
0.156102179951176
0.160926689672607
0.158357882333149
0.155378335156968
0.154425553404593
0.161303762309586
0.15800437673596
0.149668378082652
0.1507760289538
0.155809275313544
0.15237185422103
0.16606767107146
0.15320006733441
0.155065230199483
0.149203770726388
0.162788485817686
0.152095783183228
0.150914064472687
0.148900765928801
0.156846225065237
0.157580170019372
0.14908930224729
0.167794798417646
0.149968016160273
0.145789916673692
0.160943523272465
0.156617288107071
0.155412002356712
0.159849339281209
0.157768706337862
0.151584041747327
0.155061863479517
0.158997559128039
0.156075246191392
0.147385741940923
0.158832589849339
0.154644390202861
0.155021462839841
0.151314704149485
0.15080632943355
0.145897651712829
0.149362006565099
0.152035182223727
0.150786129113726
0.148028785455779
0.153634374210924
0.152142917262864
0.148500126252003
0.149974749600204
0.146483460988151
0.154220183486245
0.15076929551384
0.149419240804662
0.150385489436928
0.149779479841783
0.151395505428837
0.153688241730492
0.155721740594231
0.154455853884372
0.150627893274986
0.148789664169698
0.149271105125848
0.147227506102183
0.151621075667038
0.14625115730999
0.152237185422109
0.149904048480778
0.160552983755593
0.149665011362686
0.147254439861968
0.145931318912545
0.149806413601567
0.159660802962719
0.153853211009192
0.149463008164304
0.144810201161533
0.14726790674186
0.152163117582688
0.154715091322288
0.150853463513187
0.157209830822325
0.152317986701462
0.153304435653581
0.146601296187185
0.150920797912647
0.147846982577221
0.145473444996213
0.152883595656931
0.147203939062365
0.147611312179123
0.149210504166319
0.148981567208153
0.146311758269519
0.148904132648767
0.148271189293837
0.149375473444991
0.148978200488187
0.146214123390308
0.149594310243259
0.147931150576568
0.147954717616358
0.148294756333655
0.14640939314873
0.152769127177862
0.14902196784783
0.148782930729737
0.14902196784783
0.144803467721573
0.148028785455779
0.151035266391716
0.148267822573871
0.15166484302668
0.153435737732508
0.144392727884878
0.153082232135347
0.149769379681857
0.144790000841681
0.154449120444411
0.144864068681102
0.146547428667617
0.145810116993516
0.151644642706856
0.151072300311426
0.151600875347214
0.14462503156301
0.149075835367398
0.151156468310745
0.149668378082652
0.149510142243912
0.147294840501644
0.145948152512432
0.143076340375387
0.14947310832423
0.146924501304625
0.143763151249914
0.144790000841681
0.142288527901712
0.148217321774268
0.145328676037366
0.150856830233153
0.15271862637826
0.147638245938907
0.147964817776284
0.145150239878802
0.148123053615024
0.14596498611229
0.159684370002537
0.137157646662757
0.14995454928038
0.1474867435401
0.144288359565707
0.150924164632613
0.145096372359234
0.145816850433476
0.145436411076503
0.14163538422693
0.151095867351245
0.146779732345777
0.145729315714163
0.150435990236531
0.147809948657539
0.146005386751966
0.143530847571753
0.144732766602147
0.145870717953045
0.143840585809272
0.147059170103546
0.143224476054201
0.143231209494161
0.14991751536067
0.144109923407115
0.144763067081897
0.141972056224233
0.145385910276929
0.148170187694632
0.153482871812145
0.143200909014411
0.142978705496176
0.150230620318155
0.148570827371429
0.148069186095455
0.143904553488767
0.147570911539447
0.142844036697255
0.137157646662757
0.144857335241142
0.145571079875452
0.143763151249914
0.146779732345777
0.144012288527904
0.144816934601465
0.145749516034016
0.141541116067685
0.142732934938152
0.144779900681755
0.144369160845059
0.143463513172293
0.145328676037366
0.141063041831501
0.150506691355957
0.149850180961209
0.139615352243084
0.149096035687251
0.1427127346183
0.14186095446513
0.1457764497938
0.148055719215563
0.147012036023909
0.147129871222973
0.152732093258152
0.142621833179021
0.144288359565707
0.140864405353085
0.144715933002288
0.148543893611645
0.147786381617721
0.14179362006567
0.146288191229701
0.146581095867361
0.144823668041425
0.1372014140224
0.144934769800528
0.144975170440205
0.145658614594737
0.143231209494161
0.146547428667617
0.140093426479268
0.145130039558978
0.148570827371429
0.141638750946896
0.143120107735058
0.141601717027186
0.146675364026606
0.143120107735058
0.134730241562153
0.14156804982747
0.147331874421354
0.142278427741786
0.136895042504847
0.152967763656278
0.135699856914414
0.143554414611572
0.143941587408477
0.139962124400313
0.141534382627725
0.140635468394919
0.145749516034016
0.136009595151933
0.142140392222871
0.140652301994777
0.141265045029883
0.143332211093337
0.138800606009596
0.143716017170277
0.141507448867941
0.1507760289538
0.145948152512432
0.144402828044775
0.141796986785636
0.143200909014411
0.148045619055637
0.142844036697255
0.141450214628406
0.143110007575132
0.14790758353675
0.142709367898334
0.141015907751893
0.143130207894956
0.142436663580526
0.143318744213445
0.141864321185096
0.139049743287615
0.145863984513085
0.143254776533979
0.141436747748514
0.141796986785636
0.141032741351751
0.140655668714771
0.136305866509559
0.144598097803225
0.142106725023154
0.142261594141928
0.144227758606178
0.134511404763913
0.142339028701286
0.134996212440029
0.137514518979884
0.143581348371356
0.137144179782865
0.139440282804486
0.14163538422693
0.142988805656103
0.140918272872653
0.142483797660134
0.139598518643226
0.133629324130965
0.144301826445599
0.144628398282975
0.137982493056143
0.136353000589196
0.139049743287615
0.140864405353085
0.138309064893548
0.144214291726286
0.142611733019123
0.136918609544665
0.136454002188373
0.137336082821321
0.143537581011714
0.141507448867941
0.142416463260673
0.138194596414451
0.142840669977289
0.141968689504267
0.1372014140224
0.137420250820639
0.142578065819379
0.13424206716607
0.148402491372792
0.140053025839592
0.136538170187691
0.133373453413014
0.146305024829559
0.14536234323711
0.141874421345022
0.139554751283583
0.14035603063715
0.14029542967765
0.142076424543404
0.141571416547436
0.146193923070456
0.134972645400239
0.139288780405707
0.138787139129704
0.134023230367831
0.138228263614195
0.139409982324736
0.137763656257903
0.13936958168506
0.136558370507544
0.136975843784199
0.133558623011538
0.136356367309162
0.133915495328694
0.137733355778153
0.137608787139129
0.136895042504847
0.140685969194521
0.129902365120785
0.136454002188373
0.135073646999416
0.145257974917939
0.137046544903626
0.136676205706607
0.136487669388117
0.133864994529091
0.136814241225494
0.137403417220781
0.134787475801716
0.137703055298374
0.131895463344847
0.142160592542723
0.1372014140224
0.137026344583802
0.14035603063715
0.138544735291646
0.13347445501222
0.136083662991325
0.138349465533224
0.137164380102689
0.13640350138877
0.137608787139129
0.136305866509559
0.136932076424557
0.135238616278087
0.136416968268662
0.142093258143262
0.133801026849596
0.137194680582439
0.135662822994703
0.137527985859776
0.133221951014235
0.138174396094598
0.136427068428588
0.13373032573017
0.13455853884355
0.133003114215995
0.137669388098658
0.135662822994703
0.132955980136359
0.133531689251754
0.131252419829991
0.126673680666613
0.137598686979231
0.145463344836287
0.136113963471104
0.133713492130312
0.136952276744381
0.13592879387258
0.138113795135098
0.133494655332044
0.140618634795061
0.133221951014235
0.140672502314629
0.133827960609381
0.128134837134922
0.132976180456211
0.132171534382621
0.137016244423876
0.129993266560064
0.134356535645168
0.138056560895564
0.133558623011538
0.135864826193085
0.135683023314556
0.136884942344921
0.133195017254451
0.138437000252509
0.132147967342831
0.137373116741031
0.134774008921823
0.13554498779564
0.137235081222116
0.134514771483879
0.133679824930567
0.134740341722079
0.132629408298982
0.13637320090902
0.135117414359058
0.140359397357145
0.138719804730243
0.137753556097977
0.132993014056069
0.134777375641789
0.132888645736898
0.13066661055467
0.133524955811794
0.12741435906068
0.135935527312512
0.128895715848842
0.134999579160024
0.133137783014917
0.133568723171464
0.133080548775354
0.13437000252506
0.133003114215995
0.131942597424455
0.138854473529165
0.137561653059521
0.130202003198377
0.134040063967689
0.1376525544988
0.12742109250064
0.132568807339453
0.1345888393233
0.133299385573622
0.136272199309843
0.133333052773338
0.132259069101934
0.135726790674198
0.133861627809125
0.132817944617472
0.135312684117508
0.127347024661219
0.132989647336103
0.130050500799598
0.136672838986613
0.135652722834777
0.13455853884355
0.141322279269417
0.130269337597866
0.131784361585744
0.13573352411413
0.133679824930567
0.135807591953551
0.131185085430531
0.130905647672762
0.133487921892112
0.12917515360661
0.129797996801614
0.137470751620242
0.133939062368484
0.134316135005491
0.131121117751036
0.137272115141826
0.124303509805571
0.136918609544665
0.131659792946721
0.132444238700458
0.131464523188299
0.129306455685565
0.129121286087042
0.12745139298039
0.1324880060601
0.13312094941503
0.132848245097222
0.124710882922329
0.131881996464955
0.128737480010102
0.130518474875856
0.131410655668731
0.131016749431865
0.13414443228686
0.127693796818448
0.13223886878211
0.128717279690278
0.134703307802369
0.132235502062116
0.126168672670644
0.134282467805747
0.126879050584961
0.135716690514272
0.131942597424455
0.130720478074238
0.133912128608699
0.132147967342831
0.133373453413014
0.132844878377256
0.129542126083663
0.133501388772004
0.130414106556685
0.129824930561398
0.132955980136359
0.129925932160603
0.131740594226073
0.132481272620169
0.133245518054053
0.131905563504773
0.132387004460924
0.130434306876538
0.12566703139467
0.124646915242835
0.132366804141071
0.128690345930494
0.129858597761142
0.1289125494487
0.129542126083663
0.124970120360246
0.127320090901435
0.130178436158587
0.126508711387942
0.129925932160603
0.124852285161182
0.131228852790173
0.129959599360319
0.123849002609205
0.133124316135024
0.131390455348878
0.129979799680171
0.12856577729147
0.128697079370426
0.126905984344774
0.128599444491215
0.129959599360319
0.130680077434562
0.122461913980317
0.134989479000097
0.124906152680751
0.129330022725355
0.133885194848915
0.126700614426397
0.128717279690278
0.125707432034346
0.131653059506789
0.124485312684129
0.128717279690278
0.129865331201074
0.124529080043772
0.128495076172044
0.126959851864342
0.125495328676038
0.126646746906829
0.135174648598621
0.129521925763839
0.12350559717197
0.131094183991252
0.125919535392654
0.12722582274219
0.128771147209847
0.131447689588413
0.125619897315062
0.129535392643731
0.129313189125497
0.124697416042437
0.122061274303519
0.126764582105892
0.129020284487837
0.126542378587658
0.126468310748265
0.126542378587658
0.12614847235082
0.126626546587005
0.124707516202335
0.124303509805571
0.128495076172044
0.126168672670644
0.124596414443232
0.127242656342077
0.129511825603913
0.133447521252435
0.121916505344672
0.123556097971544
0.130966248632291
0.126215806750281
0.125616530595067
0.12808433633532
0.124034172207729
0.125465028196288
0.128552310411578
0.127289790421685
0.128579244171362
0.125303425637583
0.130501641275998
0.125071121959451
0.130101001599201
0.12611143843111
0.125626630754994
0.12701371938391
0.123801868529597
0.12350559717197
0.123902870128774
0.126212440030315
0.128747580170028
0.128525376651794
0.126458210588339
0.122559548859527
0.128878882248983
0.132525039979811
0.123603232051181
0.124936453160529
0.124407878124742
0.127727464018193
0.122785119097728
0.127535560979709
0.120034508879741
0.123401228852799
0.127592795219272
0.126993519064058
0.122485481020135
0.125050921639598
0.124596414443232
0.126710714586324
0.123135257974923
0.12222624358219
0.119441966164459
0.129134752966934
0.125128356198985
0.124865752041075
0.128562410571504
0.124933086440535
0.122953455096393
0.121552899587584
0.122724518138199
0.126498611228016
0.128192071374457
0.122862553657114
0.12634374210927
0.122428246780572
0.12283561989733
0.123175658614599
0.127862132817114
0.120684285834528
0.122721151418233
0.124566113963482
0.122899587576796
0.122674017338625
0.12528322531773
0.12089302247287
0.125320259237441
0.1234618298123
0.125889234912904
0.125791600033665
0.122461913980317
0.126471677468231
0.128717279690278
0.122448447100425
0.124421345004635
0.118357882333157
0.125195690598446
0.124098139887224
0.127633195858948
0.1236874000505
0.124690682602477
0.12570406531438
0.122482114300141
0.12264708357884
0.119876273041001
0.122778385657767
0.12232387846143
0.122899587576796
0.123397862132833
0.120162444238701
0.126168672670644
0.120313946637509
0.121259994949924
0.121061358471508
0.129686895042511
0.122418146620674
0.126868950425063
0.121320595909452
0.123327161013378
0.120505849675965
0.121812137025501
0.119263530005895
0.124872485481035
0.122923154616615
0.124475212524203
0.121175826950605
0.120414948236686
0.126929551384563
0.124549280363624
0.122034340543735
0.121549532867618
0.123397862132833
0.118105378335173
0.126259574109923
0.121731335746148
0.124084673007332
0.11865752041075
0.122293577981651
0.124114973487082
0.128434475212543
0.122381112700964
0.122300311421611
0.122653817018772
0.122724518138199
0.122838986617296
0.11828044777377
0.122256544061969
0.127771231377835
0.123916337008666
0.120701119434386
0.119280363605753
0.122179109502582
0.123155458294775
0.121169093510645
0.117112195943122
0.118418483292658
0.121303762309566
0.120950256712405
0.118071711135428
0.123333894453339
0.119014392727905
0.119054793367582
0.122350812221214
0.12060011783521
0.123859102769131
0.122963555256291
0.116465785708272
0.122175742782588
0.122583115899346
0.118162612574707
0.122360912381112
0.117334399461328
0.121643801026863
0.122333978621327
0.120633785034926
0.118583452571329
0.119435232724527
0.120418314956652
0.124273209325821
0.123801868529597
0.123263193333912
0.121384563588919
0.119879639760967
0.12133742950931
0.12299385573607
0.121882838144955
0.123014056055894
0.123788401649705
0.119563168083488
0.117674438178625
0.120805487753557
0.11980220520158
0.122381112700964
0.119293830485645
0.119283730325748
0.123478663412186
0.121185927110531
0.119984008080138
0.119415032404675
0.11824341385406
0.122424880060606
0.120249978958014
0.116297449709634
0.123953370928376
0.118081811295355
0.118963891928303
0.120317313357475
0.120505849675965
0.118330948573373
0.119213029206293
0.122212776702298
0.120162444238701
0.118091911455281
0.116539853547692
0.118728221530176
0.121125326151002
0.117270431781833
0.116115646831076
0.12261004965913
0.119984008080138
0.119795471761648
0.117277165221793
0.11756670313946
0.124852285161182
0.118681087450568
0.118189546334492
0.120266812557873
0.119899840080819
0.121960272704314
0.118815756249489
0.120017675279854
0.118226580254202
0.118731588250142
0.11808517801532
0.120522683275823
0.119751704402006
0.118644053530858
0.119408298964743
0.120108576719133
0.120061442639525
0.115920377072655
0.120169177678662
0.122815419577478
0.118472350812226
0.123377661812981
0.119280363605753
0.119842605841257
0.117162696742696
0.119243329686071
0.118933591448553
0.11977863816179
0.118004376735968
0.117199730662406
0.118475717532192
0.120495749516039
0.116196448110429
0.117694638498449
0.119253429845969
0.117977442976184
0.120408214796754
0.114371685885033
0.117512835619891
0.120344247117259
0.119623769043017
0.118324215133413
0.115533204275749
0.117374800101004
0.119425132564601
0.120347613837225
0.118526218331795
0.11808517801532
0.11821311337431
0.116822658025427
0.11821311337431
0.116819291305461
0.120024408719814
0.119213029206293
0.117590270179278
0.118940324888484
0.116795724265643
0.119044693207655
0.118277081053805
0.116637488426903
0.115449036276402
0.12133742950931
0.119819038801467
0.118179446174565
0.117947142496433
0.119317397525464
0.11801784361586
0.119569901523448
0.117307465701543
0.11737816682097
0.119630502482977
0.11543556939651
0.117937042336507
0.116422018348629
0.117805740257552
0.114927194680604
0.116425385068595
0.11757343657942
0.116051679151582
0.116462418988306
0.119098560727224
0.115917010352661
0.117502735459993
0.114277417725788
0.118903290968774
0.11477232556183
0.119805571921574
0.119149061526826
0.11884605672924
0.118792189209671
0.113482871812153
0.116822658025427
0.117273798501827
0.117947142496433
0.120388014476902
0.117546502819636
0.119128861206974
0.116523019947834
0.114890160760893
0.119011026007911
0.121990573184092
0.11932749768539
0.114375052604998
0.116819291305461
0.114371685885033
0.119916673680677
0.115590438515284
0.113668041410676
0.11543556939651
0.116826024745393
0.117509468899925
0.116923659624632
0.11693375978453
0.116465785708272
0.117034761383735
0.116317650029458
0.11955306792359
0.117916842016683
0.115802541873592
0.119017759447871
0.115762141233915
0.11667788906658
0.115991078192081
0.117994276576042
0.115220099318236
0.115304267317583
0.118038043935712
0.118297281373628
0.11581937547345
0.115513003955897
0.116613921387085
0.113567039811471
0.115809275313524
0.11563083915496
0.116159414190719
0.112977863816184
0.117287265381719
0.120495749516039
0.115199898998412
0.119175995286611
0.11996717448028
0.115065230199491
0.116492719468056
0.116196448110429
0.116021378671832
0.114910361080717
0.117283898661725
0.117095362343235
0.11238532110093
0.115536570995715
0.114917094520678
0.115752041073989
0.116782257385751
0.117485901860107
0.112826361417405
0.116725023146216
0.113496338692045
0.114243750526043
0.119819038801467
0.116492719468056
0.116156047470753
0.119344331285248
0.112637825098915
0.115378335156976
0.115940577392479
0.115119097719059
0.117192997222475
0.116687989226506
0.115122464439025
0.117741772578086
0.116435485228521
0.11342563757259
0.118068344415462
0.115516370675863
0.119085093847332
0.116644221866864
0.117536402659709
0.115449036276402
0.115449036276402
0.114375052604998
0.112785960777728
0.118041410655678
0.114038380607695
0.115954044272371
0.112405521420754
0.116960693544314
0.113331369413345
0.113503072131977
0.11687315882503
0.114826193081399
0.115516370675863
0.115620738995034
0.115068596919457
0.112870128777047
0.115583705075323
0.115795808433631
0.11455348876359
0.113870044609058
0.118798922649603
0.114391886204885
0.112509889739925
0.11432118508543
0.116129113710969
0.113705075330358
0.113991246528087
0.113668041410676
0.114452487164385
0.112668125578665
0.116546586987624
0.115361501557118
0.116108913391145
0.112594057739244
0.114173049406617
0.115839575793302
0.115078697079383
0.115805908593558
0.115704906994381
0.114287517885714
0.114661223802727
0.11670818954633
0.11674522346604
0.113920545408632
0.115553404595573
0.114933928120536
0.113634374210932
0.117576803299386
0.118391549532873
0.113728642370177
0.114476054204204
0.111584041747335
0.113503072131977
0.115459136436328
0.114836293241325
0.1110756670314
0.114755491961972
0.117112195943122
0.112068849423451
0.113826277249387
0.112472855820215
0.113149566534815
0.115805908593558
0.111499873748016
0.112472855820215
0.114900260920791
0.110348455517226
0.115970877872229
0.11677552394579
0.111769211345859
0.112587324299312
0.113028364615786
0.113567039811471
0.116889992424888
0.110170019358634
0.114513088123914
0.115640939314886
0.115354768117157
0.114910361080717
0.1139138119687
0.111755744465967
0.11279942765762
0.112557023819562
0.111563841427483
0.116213281710287
0.112516623179886
0.11234828718122
0.11238532110093
0.114600622843199
0.115449036276402
0.117852874337189
0.111287770389708
0.112176584462588
0.114028280447769
0.115506270515965
0.113038464775713
0.110069017759457
0.112479589260175
0.114233650366145
0.117745139298052
0.115731840754165
0.113358303173129
0.112631091658955
0.110735628314131
0.114913727800683
0.115893443312871
0.112860028617121
0.111412339028703
0.112132817102946
0.111796145105643
0.1105639255955
0.111752377746001
0.115028196279781
0.114159582526725
0.108819964649456
0.117900008416797
0.114513088123914
0.113132732934957
0.112759027017944
0.113573773251403
0.112156384142764
0.112819627977444
0.116411918188703
0.110200319838413
0.112280952781759
0.112193418062446
0.113937379008519
0.115112364279099
0.114210083326327
0.110799595993598
0.11145947310834
0.111052099991582
0.113486238532118
0.110526891675789
0.113105799175173
0.108631428330966
0.11014308559885
0.110025250399815
0.11295766349636
0.11362090733104
0.111860112785138
0.11560053867521
0.112105883343162
0.107998484976008
0.116364784109095
0.112563757259494
0.117300732261612
0.112045282383633
0.112903795976763
0.112695059338449
0.110897230872837
0.110796229273632
0.105507112195937
0.116051679151582
0.11081979631345
0.112025082063809
0.11189714670482
0.113227001094202
0.114048480767622
0.109994949920036
0.117186263782514
0.104820301321439
0.109654911202767
0.111442639508454
0.10865162865079
0.111752377746001
0.11120360239039
0.111230536150174
0.113880144768956
0.11403501388773
0.111254103189964
0.112112616783094
0.111567208147477
0.112294419661652
0.11186684622507
0.113415537412692
0.10836545745309
0.113738742530103
0.1105639255955
0.106941334904491
0.110580759195358
0.111338271189311
0.113149566534815
0.111981314704167
0.110132985438952
0.114338018685316
0.117930308896575
0.119351064725208
0.108513593131903
0.109537076003704
0.108385657772914
0.112452655500391
0.107177005302589
0.112065482703485
0.108752630249995
0.11254355693967
0.1105639255955
0.112688325898489
0.111752377746001
0.112499789579999
0.110274387677805
0.110964565272297
0.112045282383633
0.11193418062453
0.111661476306722
0.106789832505683
0.109816513761473
0.111755744465967
0.110409056476726
0.106661897146722
0.110102684959173
0.110476390876187
0.10706253682352
0.109099402407224
0.111435906068522
0.110732261594137
0.109870381281041
0.109129702886975
0.1105639255955
0.108042252335679
0.108082652975355
0.109681844962552
0.103645316050859
0.106382459388954
0.10689756754482
0.110705327834353
0.112223718542225
0.1080119518559
0.10706253682352
0.111163201750713
0.109099402407224
0.107517044019858
0.11148977358809
0.113163033414708
0.106853800185178
0.107985018096116
0.110587492635318
0.109160003366725
0.10865162865079
0.108823331369422
0.113149566534815
0.104143590606867
0.110207053278344
0.108065819375469
0.114146115646832
0.111405605588772
0.10693460146453
0.111139634710895
0.111674943186614
0.110991499032082
0.109025334567804
0.107621412339029
0.109624610723017
0.106732598266149
0.111291137109674
0.110136352158918
0.105968352832264
0.114136015486906
0.104130123726975
0.104433128524533
0.109264371685896
0.10581348371349
0.105924585472621
0.1053387761973
0.108941166568485
0.108197121454424
0.109244171366043
0.107345341301254
0.108385657772914
0.106187189630504
0.107449709620397
0.104978537160179
0.110446090396437
0.108752630249995
0.108001851696002
0.108446258732442
0.106150155710793
0.10858429425133
0.106156889150753
0.107032236343741
0.107840249137297
0.10759784529921
0.109338439525288
0.10572258227424
0.108732429930143
0.105039138119707
0.10469909940241
0.114920461240644
0.110503324635971
0.101557949667551
0.109762646241904
0.106032320511758
0.112011615183917
0.106971635384241
0.10737900850097
0.104204191566367
0.11014308559885
0.105305108997555
0.107261173301907
0.105520579075829
0.103204275734385
0.10686053362511
0.104591364363273
0.106328591869385
0.106207389950356
0.10792105041665
0.106614763067086
0.109382206884959
0.104022388687838
0.105904385152769
0.106661897146722
0.104281626125754
0.106826866425394
0.106015486911872
0.102604999579171
0.107550711219602
0.105271441797839
0.108045619055645
0.105274808517805
0.105177173638594
0.10492466964061
0.107166905142662
0.107022136183843
0.105793283393666
0.105109839239134
0.106305024829567
0.103352411413198
0.110392222876868
0.103722750610217
0.103288443733703
0.107156804982765
0.0998880565608999
0.10639255954888
0.100483965996148
0.104456695564352
0.10555761299554
0.10865836209075
0.104315293325499
0.106985102264133
0.1103383553573
0.109149903206799
0.104547597003631
0.106759532025933
0.104325393485396
0.11055719215554
0.106735964986115
0.106527228347801
0.107570911539426
0.106570995707443
0.105005470919963
0.105715848834279
0.102433296860539
0.101032741351759
0.10358471509133
0.104315293325499
0.101113542631111
0.105779816513774
0.103369245013056
0.10645316050838
0.104143590606867
0.106012120191906
0.10558791347529
0.103022472855827
0.10689756754482
0.104402828044783
0.1027868024577
0.104204191566367
0.105160340038736
0.105392643716868
0.108358724013129
0.0966728389866205
0.100494066156045
0.102174059422623
0.105762982913916
0.106823499705428
0.102928204696582
0.106018853631866
0.10444996212442
0.101719552226257
0.1057899166737
0.102019190303849
0.106847066745217
0.103439946132482
0.105924585472621
0.105517212355863
0.102874337177013
0.107254439861975
0.106318491709459
0.100053025839571
0.10466879892266
0.102813736217485
0.105917852032661
0.10355441461158
0.102574699099421
0.106496927868022
0.103093173975253
0.105547512835614
0.106362259069101
0.103911286928707
0.103315377493487
0.102978705496184
0.10409645652723
0.10362174901104
0.102234660382123
0.103709283730325
0.1031773419746
0.100504166315972
0.10052773335579
0.104345593805249
0.101140476390896
0.105736049154132
0.104022388687838
0.102881070616945
0.104688999242484
0.0992786802457886
0.09771988889824
0.104409561484744
0.101924922144605
0.101568049827449
0.104460062284318
0.100864405353093
0.102766602137876
0.103665516370683
0.0994335493645337
0.106200656510396
0.103473613332227
0.103093173975253
0.102355862301152
0.103891086608883
0.0994234492046076
0.100268495917845
0.105486911876113
0.100682602474535
0.106072721151435
0.103221109334243
0.100423365036619
0.100443565356471
0.104308559885538
0.101150576550793
0.103786718289712
0.101039474791691
0.103806918609564
0.103338944533306
0.103184075414532
0.101507448867949
0.102746401818024
0.101278511909783
0.104423028364636
0.100278596077771
0.102941671576474
