7.65942672862211
11.0038964183566
11.2028112055425
7.81942007922398
10.154366808264
10.056180094976
10.0459955317761
11.8507688761983
9.40999600422226
8.66333411776233
9.20368301096743
9.79879464139444
9.61227244497265
7.27090509704201
7.79787310418471
8.49718572754466
8.02196314272748
9.97642674325893
9.32710089742397
14.1092376758433
9.76004426226429
8.31060012897456
9.62211083284173
8.27489773112578
9.24855196417247
9.24571432694212
8.65005001088389
9.87066033309656
9.82727265366375
6.58784744128558
8.62017529480463
9.47056409241594
12.0005562796776
9.22721074965412
8.39831159343966
11.5580393235875
9.56118526820154
8.7815006309069
8.64392794054453
6.70000798918279
8.17394149380181
9.97664043939333
10.7586800013223
10.7800722253961
5.96931406012521
9.68845052622983
8.04834373744622
7.88874466263438
9.79679111441082
9.44271964505425
6.17623154200882
9.7461463895527
8.27517523517932
10.9808547884272
6.63285033785024
8.15940774897773
10.1451733613702
9.39151940945118
8.25778949531687
9.85637107770007
10.8769476244832
10.5541830031454
9.46460785291419
9.93178604032882
9.19759892646028
7.14332620393597
9.58284828273635
7.09233804650101
7.47790744723159
9.7062689608355
6.35103493566446
9.93482099998778
8.82052133726737
10.9446844761799
7.70385787528664
10.7038694191482
9.40645475022114
11.4390116127816
8.85192538216024
9.79064735007359
10.6154535909355
9.5574762735981
11.7403184283026
9.84195234594592
12.7472513897079
10.5440588988937
8.89795034979418
7.03498907455991
8.17808118425147
10.4827984546132
8.16900527656836
10.5047712644381
9.65275480273601
10.8404539986556
11.498079387344
7.54872273258056
11.6922032469729
8.16986232895983
9.5875574362029
7.86980147539532
11.1837875370577
11.2167004818916
10.4214149954561
10.8940404023284
9.94657505188323
9.87397412215842
9.39322684517286
10.8939621418683
8.62793298512909
9.23394333309814
11.4896171899255
9.27341716556195
8.18377420767787
8.8881036822915
8.37652727971571
10.4345817958266
7.17925189950541
10.3066686734689
11.1585948531631
14.320230627481
8.17211539650094
9.56980776698528
9.81873190839596
11.9603419019242
9.26590923219332
10.2645207525447
9.52905598543298
9.40878246048815
9.38924342793124
10.1441965792728
8.88841995940319
8.69772956952846
9.77780749820055
9.46309292269795
9.01563771623977
9.31898769239868
9.99674891355082
8.11688463443366
11.1802698159665
6.80628887352406
12.1307001892754
9.54344052453145
8.78446979842795
8.49245587049153
10.7289948688874
9.52944814351671
9.47919535529504
9.60632537108765
9.17096366248957
10.1874037915533
9.10444086562007
11.4609224974808
10.6176747367321
8.82339651182481
10.6084322421352
10.2389584001522
10.8847699868756
10.1972495072267
9.47705725853079
12.5454319233083
6.17847392417779
11.5946443613497
10.1025359654685
7.40317951845405
9.90679211223885
9.11127595906881
10.6751778911886
8.85780142796177
7.19154726268262
9.83074885266935
7.90914166585856
10.4397156476168
8.14187203239342
9.5563544085402
9.72204769446107
10.1304445817838
8.7582655677356
8.20856826906711
8.17239585425091
8.32522454425466
9.04494618895475
8.73989241422334
9.63624182311183
11.5962056302129
9.22489677619969
8.73190279751177
10.8805397800257
8.6506265193972
9.73749801157964
10.3795818163675
8.00864727014282
8.32589340661505
9.86903851533692
8.04683094576386
8.54928263070891
9.70018557309603
5.47794350811135
10.4328268915483
5.68871207722053
7.78129300584761
9.47700886668769
10.9703971674184
9.90337559122324
6.82127027437942
9.33459124729457
9.59198149516351
8.9916646801163
6.86044805692
10.8184402360463
8.00104415246376
9.14633699894298
7.81973971075959
8.94506604899181
7.98163480434718
8.29545092028948
9.36615379547076
12.3521866091623
9.88078662326537
8.88300421084766
9.72206861302487
8.19683687634548
8.64878339924842
12.5306598904918
7.97037074085678
9.36213061806202
10.2869795401397
9.59246599927899
11.2204653039066
10.1530362946848
11.5666774191046
6.80701177519102
6.68224174930327
7.36443372352821
7.36335775420699
10.4917346773205
11.2422012898128
11.2206964895017
8.69480255903568
10.214236058206
6.50321435718525
7.58545776501848
10.4994575764342
9.77385868696039
8.16965134390045
10.3818036100379
10.3519816201255
9.93129201521092
10.5327577008771
9.38049442937931
8.37196544881233
8.77881670872787
7.10684383360713
10.4420991084374
9.13521236254162
8.01715955220799
10.4321991102163
7.52803199687909
12.1173953494213
9.65282508962527
5
9.27819180121442
9.2142549746887
7.98798073219938
11.0453938925346
10.3204745704706
14.700713682661
10.8959536782128
7.6369161683822
8.97942360295424
8.75670714961831
10.8223629451847
7.65910511973385
9.69096805316585
9.75331159364146
7.90058934296471
12.0488553148034
7.49234963572918
9.91987351380254
8.45480033604209
7.32136437068596
8.4574507226889
9.66583294392179
8.58572409078383
8.31255679876579
7.26498587196563
8.72768504163976
7.84253843859741
10.6301764748385
9.13651690701612
10.9381419320777
9.51605460124821
8.93128481907416
9.77019705304259
7.3710657747684
9.47562473797785
11.1511234489182
9.17341933846756
14.0565253491441
7.1369089372561
10.5430233571553
9.10852555785316
8.76905793377165
10.2828237999569
7.18327725954886
8.02477132318671
7.42046561423643
8.63898216403847
8.75038690630869
10.1587747718315
11.54381495064
10.4705525452947
10.6489020230869
9.27733263382721
9.7720723601556
7.24028460267995
9.16512440133415
10.7334469422443
9.90224764762126
8.66273425661263
9.72950141646523
8.9114855758814
9.20385851437023
8.57550782557495
7.92192311855272
8.21227613682429
9.16341887568894
11.5975946961911
8.6073964755281
8.28872637467401
10.4439099331701
6.25273795248165
6.48586117278448
9.71098092340154
11.6781869345409
6.88852743915688
9.90355472702876
12.1128106293402
9.88807544813857
9.19571276990467
9.30798332183148
7.65616616896167
12.0252101880427
7.01113409604014
9.40857918669614
10.1596946779517
8.27082979018968
11.2520706957279
9.54489458502786
10.5622980525097
10.4624535344422
11.2895664049346
10.1494126759429
9.99661733546954
11.6572618881562
9.05860183940404
7.50592169463527
10.6738830189822
13.3190229887989
9.99592806689813
9.8257920011745
11.2077210784293
10.1249213411926
10.0988401998842
5.77729244432084
7.90804508260449
10.0913354536576
7.05556176476653
8.70627192761623
9.54937481179362
9.88924292016207
9.82379319107676
7.24950269344356
10.2303763823725
9.16104178278892
7.55887878716576
10.9835580846248
9.33888037058333
10.0659774333297
12.6630476257141
9.80473044787874
10.237369492942
8.06815376727334
8.64714901954658
10.7747947893643
6.60589536866136
7.48752673261601
10.2808558064079
8.90037462844761
9.21683728170712
7.07329798701812
10.1567609339427
6.84201883077728
7.2606455796788
10.2393957718574
10.2394173060853
10.7814315956444
8.54878457672051
7.79653407424027
8.52809389026669
7.82049674168163
12.6735282918581
9.41617514540535
7.73182186187179
8.27428845300327
8.34507999724507
9.35510545825584
9.76306399335051
10.0805045607119
8.99943215874043
10.0249691034459
8.47390141253036
6.67176851767966
10.2195084896999
10.6807056389549
8.63289615897974
15
8.57724120817859
8.69261594843447
9.18218865311003
7.12590401565278
10.678438379759
9.48868750954213
10.4243498111839
7.31369644852469
9.35067091765653
9.12293793229652
10.3238465144808
11.9870193485588
12.3299405905707
9.26855874449271
9.09959064526342
9.4753327600616
10.7237278609519
9.70995530332348
10.995617377087
9.00448189629268
11.5099162148247
9.64500625698468
6.04265412224009
7.01628203468745
7.20546190465105
9.86231832970511
9.03073046683119
10.2876876742361
10.3739357030078
10.0814715796993
7.84946387880788
9.4768032038302
9.21207109036973
9.00977848433137
11.638292299017
8.84591355951158
9.53722719961079
8.85492004352593
9.83028207378328
10.2323306145563
10.2935441196097
10.2933970781948
10.8127024863727
11.4194645812917
9.84218808953623
10.3850192527771
7.90625328645544
5.74755419312485
9.97159876330289
10.3122074002565
7.74963190210021
9.136415258573
7.1691490771617
10.0074935241157
9.08751053275129
12.5856906235141
10.2900210446696
9.07551834160732
8.09250340768595
8.51151354351802
14.8155514085436
8.41861902974719
6.98946959876714
7.52817063535216
11.3422112601789
11.0133656907021
10.282338478541
12.1715615349954
7.49055229305661
10.074668983311
7.8424391421743
9.81409945433558
10.3284576546747
10.8454299065108
9.17951888413626
9.2041428589472
10.9306349470029
11.2164217598158
10.1058528118603
10.0380255704609
9.60313914481847
6.83091477799303
9.51093188735118
8.66257326518624
6.24662550898107
11.0325898397082
11.1630666336214
9.57566976526813
11.3480599213905
8.50803611557567
5.89615370581801
7.04390209604716
10.522776496594
8.00557127525288
10.4663398770124
10.5515355496927
7.90272637844938
8.78769283043397
9.40277687865677
10.1585605465317
10.0427229970775
9.46477473937142
9.47057949874614
8.44000141682439
8.4199662146675
10.8491910301588
9.8940972268708
11.4128481584877
8.75082175829622
10.3971444313481
7.68734838745725
7.72713136705829
8.0043644521841
8.20661857874585
10.3218572619016
8.61697248500983
7.28488699446585
10.3469335659719
10.5640402648105
9.27798469319328
9.91252268752733
8.90750843712537
9.78164251151511
10.7780703153919
11.4141862997526
8.45719076562904
10.2684534698095
8.47847705703623
9.99231619275644
