-506.669753895611
130.965657596352
60.3537597759151
-207.194165451915
1035.66163744045
1391.41142831381
427.595671033685
134.838090920019
-81.1858843121585
866.912568698564
-36.6934813496414
774.360862707064
1549.47216767772
18.0699293655224
-133.684557230372
-239.635103921974
-2.21167673597513
554.181780365155
-137.873075660532
1040.81453898062
203.926246796058
1618.35551013398
225.87308557458
-142.624768622094
-613.628752074629
-661.961439069664
-120.669514532664
559.132105832888
-470.196143243558
-246.519097505885
328.230974857854
-200.214936629567
-93.1587386767954
818.023528864183
-134.336195147798
-66.2790452172155
-9.09086828004408
1214.13496014748
57.956272188519
790.914131884688
1114.30756757665
31.4735861956186
-115.296141894402
-73.203422826382
-219.600856414344
-7.89301773714349
-172.616673745932
-184.30602999453
-16.7445122500639
564.065231912371
393.193724562128
713.751510433272
1136.30301995361
-520.599692205004
-475.71465654789
-259.254650531509
1375.79362434793
6.12178872628963
-61.1634471737144
299.372902089332
167.149028983873
-422.38948511622
936.571190640584
6.93873958041335
844.137845980757
-538.321525689748
1189.52467153836
-192.84663731183
-458.457588627025
-254.29054913496
-401.032109423564
1697.20612777164
-179.964890563227
-625.709617335981
53.5862244571827
-137.036611832167
-235.881870033938
195.060719058629
-89.9664582995009
191.17582463244
-503.80539429361
-42.8320335700183
-141.715563438002
1421.91039842673
87.0349790861429
-233.890952049952
-398.695038621734
-308.188017067772
48.8843453157975
1368.85010116273
1459.58770139942
10.017699003196
98.4838533801276
1191.06879930632
-94.1747675769176
33.1281371392963
-14.2084819800196
-278.102567250367
-177.321769586785
464.424379498017
139.407923041724
1259.58294904563
1043.05042669872
-118.29571275219
110.733612946682
-91.582854450594
878.243608170842
1021.96923965272
1213.25473839753
384.006757857383
1497.28476079473
-175.616303311859
460.578440740734
-190.778309632722
-7.35452262919723
-207.093446638754
-351.012618259961
-123.88077467147
584.384881231967
65.3556903052051
22.1699139438107
808.469850038773
-19.7793377354091
-183.305223444762
-19.8797651222973
118.292060409013
134.603718047255
-55.1117381842051
234.717723679408
162.709496043345
87.5671259844321
-492.110299284347
-387.320918925748
369.296222018446
110.92751166771
-65.1929528218269
-61.5610024789061
323.429774811131
-253.318305132022
688.596185971628
678.356289484304
57.9593301845219
-16.0468701681471
1049.12287114684
-230.875490147972
1141.4005698253
53.7411291796286
-66.9606082922428
106.316309903558
-200.881928573915
28.7789051981817
-607.44138457698
735.767523698266
831.574570734407
-151.866295102722
-90.0419262638341
64.6623448290542
756.270090952785
-172.42116961119
-523.259381575621
120.03517607212
198.02386061454
48.9953179523704
1028.33928917276
1036.42186188927
111.232289335687
544.73926750944
-64.9193238953333
33.6722604179536
102.097080392764
802.076501257647
870.126201213376
-92.6718946979535
870.157781200149
1090.15398741941
-121.815051573758
-284.073276799914
51.1013889998738
-117.774293013631
38.2013097331381
1097.7378619647
18.6985297564157
-173.897862216678
-85.5994890736475
25.619680387962
-37.9933386400375
103.208386194015
56.6447354340854
-96.7236966197399
-315.482582990057
366.838402845023
189.648242902411
-315.314427388588
282.442641728473
-115.156251050778
1406.40330285073
769.339982789665
724.392885012037
-166.187320778525
-22.1476122190039
1354.69352385912
72.2502998495154
-106.109329353126
-26.5238692112996
-595.058322989629
-351.691348972332
1392.32822023222
1269.96194176035
172.740366352925
-74.5635561435096
72.1944840630594
85.973730375922
7.54334995598495
1232.89135690551
41.0514141467324
-351.315284679086
357.346532542661
176.711260605505
184.054033896209
0.580479793917271
316.560934639876
-105.153288727217
-62.7200165744131
295.841670145139
1160.84553822422
-95.7747760647937
1195.6608765307
569.711670591512
-79.4480794389522
-400.323608008915
182.195597475281
848.033219199119
937.322321225159
55.4976053231249
-482.60049990294
121.82470181972
-430.153946144912
145.410788335831
-219.233574558416
-621.415251591972
133.278980295608
-281.928381975488
285.801901767076
143.175562588288
-125.8622557162
-292.532696117624
21.3002842881454
156.496298768585
924.490036277213
109.697025566719
-50.9264810506372
712.63422882186
-140.664613284418
-46.585691926367
1215.82050607784
-611.486278407251
-102.322567446606
-206.693641551429
1409.70682894017
97.7056204364882
278.433220481858
-54.5847346963776
-66.3833688998343
713.550813630577
-100.436509903078
-180.013751448942
-51.9504912745804
24.9802017086929
1213.88206881089
1074.71024889412
381.087082866706
868.511881042377
693.115774343891
-268.014535430967
-166.036528976837
95.0463699526452
-20.874548074038
-139.474697806986
50.1855135745801
650.509121101064
-443.978517628467
86.108112177962
369.115460924539
-304.990155576126
1610.41562348895
1185.5691339861
-76.062877734035
1308.69109577775
-35.8394138264576
44.206105050229
-125.285653705667
879.413490160633
-121.662500486687
-45.7309960695537
995.708653646748
-10.323493967308
-75.5067076225667
136.9909355483
-151.305554802551
94.6455846257095
970.950517010017
210.382444436788
-61.8079547667762
-35.1764518603115
1097.37570234403
778.440002346077
145.008683161198
-649.847499566324
1014.37546425282
995.675737160969
0.284185788833319
257.448889731707
119.69949038837
1428.51831579756
-494.901231774082
679.269841042304
324.479150658889
300.240306429996
-203.760694647022
887.359698096359
31.9185365878192
-252.702417272811
16.302447877529
25.0425761560368
-247.069896612491
1033.8512261168
446.782159103342
205.894968314063
9.74417211104442
1278.04245950419
-106.049530490765
-157.657750628517
559.277594821489
-211.007995766654
887.658602573952
790.977750266753
28.3221784268468
49.4461662825062
18.6013402780433
200.255313857197
-215.827926533014
-73.6150897426552
1572.66444616015
79.4485408152096
457.700704846818
553.895369577829
-319.82975478266
1208.15961397771
1012.31663301892
648.287761211543
-43.4797656710875
211.7972659478
1222.3261910283
880.0552383425
-321.252808648908
897.342530961742
244.890688960665
1238.09326382384
889.777562069056
-18.173001255198
-612.226135296007
-172.303105989609
-244.830770400911
-38.4982841585267
1689.15084585729
-642.274943129921
-28.7464595543894
9.79334548788344
21.0231154255217
-488.039727050275
602.479540725244
-246.476602795841
388.187490425655
-260.97132029675
1366.57494590241
124.339554844006
-434.906785054796
682.416579298801
1319.03109230934
-65.7536497559606
-102.414678870674
-294.987969339283
1047.71895381514
-636.599210615651
1331.69714038308
1279.40535797965
48.0962885191492
-220.994060164579
-203.860917316716
-397.097068139286
-290.177537410635
1599.72253822348
233.194653623289
141.067964581517
75.8683363470502
352.127556485106
-97.1014712735356
227.447077533003
-75.4045293288715
307.705238048439
1651.04566764508
35.8486196778899
-115.28064703096
300.703248313742
1184.31339059768
800.977030381036
1556.23166590803
-106.472858023071
-253.309470454115
-450.382004213262
423.294404869385
1015.84547400726
881.479087490189
-93.0705805834802
642.86611933845
-122.929635954986
756.370377312811
-189.376588650541
-113.432367179018
127.286841570782
-132.806723773415
-36.9948802222431
-550.086666174426
19.3728514296955
-60.1269207204752
103.226396623194
877.119283357437
-530.615152841528
-44.7107867924644
-561.001739440457
648.822483461809
619.052848984054
-219.365532866181
68.7042892762155
-30.4701103534342
1177.70918008943
724.930496277391
-76.7206509224613
936.532973169321
19.2863064235392
-1.06621605921351
-89.8454915237454
50.0053511721493
-133.443502604821
114.358114308465
563.245496779946
1391.73239337319
1666.17592158075
963.932548518187
-218.957990825922
-10.2066165314679
234.006914868568
-85.0896565961493
268.414822309623
-56.6796107205244
-172.437324776238
845.802695746271
357.377433638832
-22.2047005061029
74.7305802834101
510.374550586193
590.432523205057
99.4457988273617
67.4603796190814
221.087043749498
1415.76740279611
114.610043597838
347.957529984098
-143.626348394745
-30.6671399006114
928.860494814243
425.52427401809
-412.199572320861
1188.56850419605
-129.229248880379
-12.9317625329802
322.463723635642
93.1640537645509
-114.101806973635
1196.59295086782
-88.7805732445295
176.467277539118
876.225744924458
-37.8456732893832
1548.60940568342
309.438263380885
-204.322296575906
-18.0312532346862
-24.089976915347
-649.82809853604
-172.818143725303
166.39653301491
137.504404741412
1298.11282328058
-93.8756992630608
632.250633636173
-138.770825505737
54.1970883134291
567.904765231208
-405.023702515108
374.702266790326
-352.030143283059
-42.0085461639114
13.3454974501123
143.826997391612
-566.754627932584
72.7350394861179
736.139039256649
1197.91471792238
817.014488291889
38.7916036478767
-27.291618647793
-293.108953794361
-317.540368056976
334.843096985685
199.997557552086
533.273493302472
-44.9355118843201
-489.167266346319
-86.372356479671
43.3833141851794
936.460041697009
26.2436249989234
192.152037996805
-282.965210354871
359.646145795161
837.18538406922
34.1423445229626
106.779313149251
-176.302962939827
130.5590796086
-439.742519768975
1572.72723725474
-12.4009101850391
1270.80537875597
60.9317067911647
27.3138247635906
-57.5230950138816
225.819940409724
480.684213636093
1679.79757678212
-212.466825436521
144.741796123037
-242.920776432284
486.977104450121
