8.61056560895548
7.90937210672504
7.40462671492298
8.45856493561149
9.37905647672756
6.81217153438263
6.69416126588672
7.9148497601212
6.44240131302081
7.94387088628903
10.2635476811716
9.02676963218585
5.74309654069523
8.35896389192828
8.67043262351655
7.01682770810538
9.70966501136269
10.6175010521
6.38051763319586
8.63369497517044
7.27372527565021
7.79649945290802
8.90083073815336
8.52333389445334
8.81237353758101
8.24917178688662
7.5162031815504
8.09076087871392
5.56149229862808
7.3836991835704
9.6140501641276
6.05937968184497
8.93678057402576
7.97066997727464
9.99490026092082
7.72730999074153
8.16747159330023
7.56662991330697
8.39344920461241
7.57012793535898
7.45646746906826
5.74459809780322
8.6313147041495
4.92982156384144
7.44885868192912
7.42965491120276
9.04944112448447
7.51900429256798
6.84643127682855
7.88757259489944
6.05606682939148
5.22752714417979
7.97066997727464
6.73216816766265
7.96299385573604
4.67886625704907
6.04704401986365
7.74542967763657
7.37235333726119
7.53896557528827
7.50708273714335
8.66676963218586
8.15015991919873
7.77152175742782
6.28527985859776
7.64230367814159
7.00592963555258
6.75101506607189
8.37043094015655
6.3066147630671
8.32160676710714
8.40242488006061
7.46960441040318
7.63696742698426
7.61023903711811
5.34287770389699
8.13736638330107
5.54293157141655
8.29928541368574
7.50150071542799
6.29752461913981
6.71014308559887
7.02711977106304
7.45458547260333
7.25404006396769
8.11232135342144
7.97106725023147
6.64911455264709
7.34524114131807
9.08060685127515
6.45756501977948
7.96358976517129
6.79181297870551
7.39563757259489
7.23589681003284
7.93572679067418
7.06155458294757
7.7850155710799
6.69416126588672
7.43919956232642
5.56149229862808
4.92787223297702
6.17645400218836
6.4954641865163
5.83260752461914
6.22839239121288
5.49966248632271
6.35264119181889
5.6487004460904
5.68269085093849
6.40426647588586
6.03387677804901
5.97793535897654
7.02360828213114
5.92921555424627
6.64971046208231
6.89580422523358
8.10048396599615
5.39335830317313
5.20260668293915
4.83169514350644
6.77652807002778
7.2194369160845
6.31073226159415
7.7412280111102
6.45094268159247
6.52008837639929
6.17141738910865
7.45376735964987
5.82979968016161
6.0908517801532
6.54078023735377
6.93401649692788
6.82908593552733
6.83344583789244
6.6732371012541
6.65874000505008
6.32584883427322
5.54940577392478
4.89513088123897
7.35177257806583
6.90705917010354
6.10127177846982
5.75391717868868
5.62694470162444
5.79693039306457
6.3580279437758
6.65924837976601
6.10165558454676
6.53780405689758
5.59828381449373
5.19882922312937
6.39288696237691
5.79397104620824
5.49966248632271
6.19233145358135
5.49713744634292
5.64804393569565
5.3310504166316
5.28596330275229
5.26717363858262
5.66121454423029
4.83146620654827
4.70477990068176
5.33997895800019
5.75175911118595
5.48759616193925
6.21010100159921
4.38866172881072
5.82220772662234
5.58564178099488
5.89570995707433
5.35751956905986
5.79294082989648
7.28499368740006
5.94994108240047
5.58211345846311
5.12158656678733
5.27647588586819
5.27000841679995
5.69348792189211
4.79342227085263
5.70139634710884
6.17465617372275
5.31885279016919
5.9546645905227
6.20546839491627
5.92771063041832
6.3919274471846
4.52356283141151
5.84792273377661
5.69438010268496
6.17906657688746
4.06874926353001
7.57517464859862
5.11821984681424
5.7374741183402
5.37616109755072
5.40444827876442
4.90763487921893
4.79114300143087
5.85600286171197
4.4073874253009
6.8978646578571
5.22436916084504
4.33724854810202
4.26258816597931
5.68815167073478
5.34505933843954
4.71040568975675
6.57665600538675
4.6389874589681
5.12417894116658
5.68813483713492
4.17129618718963
4.78789074993688
5.59090396431279
5.38874926353
5.22606598771148
4.00429004292567
4.78198552310411
5.19714922986282
5.36071795303425
4.71853968521168
4.93425553404597
4.82268243413856
5.24712145442302
4.94283730325731
4.58810622001516
4.98148388182813
5.69818112953456
5.45498611228012
5.08767022977864
5.96358303173133
4.89265297533879
5.18433212692534
6.13082484639341
5.33081811295347
5.0306009595152
5.75032488847742
5.55218668462251
4.57726538170189
5.0170263445838
5.39033498863733
6.81295598013637
4.60499368740005
3.79885952360914
4.54373621749011
4.17334988637322
5.57183486238532
4.89265297533879
5.14085093847319
5.21929888056562
4.39838144937295
4.83169514350644
4.00429004292567
4.60000757511995
4.3550113626799
5.49387846140897
4.278627219931
4.05636310074911
5.23025755407795
5.23044945711641
3.69110428415118
4.09097298207223
5.32296355525631
4.05348455517213
3.82708610386331
4.27985270600118
4.5454397777965
4.16460314788318
4.68617540611061
5.44936705664506
5.0116867267065
4.62577308307382
3.83618634795053
5.32527649187779
4.85491541116068
5.05962881912296
4.28096709031226
5.4198139887215
5.00993603232052
4.47399797996803
4.63707516202339
4.76617540611059
4.32794630081645
4.66254776533964
5.001000757512
5.00818197121455
4.53037033919705
4.00568049827456
3.47898745896811
5.34672923154616
4.36578149987375
5.12819207137446
4.18317734197458
4.84845804225233
4.29608029627136
5.31517969867858
4.03544566955645
3.70073983671409
3.99279269421766
3.85245770558035
4.06464859860282
3.69110428415118
4.52047218247623
4.38415705748676
4.39166484302669
4.06395505428836
4.31352663917178
3.91442218668462
4.52460314788317
4.43762393737902
4.2401153101591
4.57604662907164
4.21422186684623
4.45206716606347
4.12903038464776
4.11194428078446
3.73938978200488
4.24833347361334
3.53117161855064
4.52325982661392
3.26015739415874
4.81779732345763
4.0763142833095
3.93241393822069
4.12828633953373
4.32778469825772
3.75294419661645
4.00429004292567
3.92680161602559
4.44387256964902
4.17147125662822
4.29097298207222
4.00623600707013
4.20684201666526
3.37036360575709
4.05696237690429
4.53096624863227
3.85850433465197
4.96780153185759
3.99741520074068
4.18076677047387
4.05814746233483
3.9180279437758
5.92888561568893
3.61005723423955
4.16987543136099
4.10880986448953
3.82074993687399
3.71353673933172
3.90410992340713
3.87658362090733
3.86981651376146
3.91065482703476
3.76998316640015
3.84245518054036
4.14389108660887
3.75966753640267
3.37400976348792
4.33622169851023
3.38414022388687
3.63073562831411
4.14766517969869
3.53411413180709
4.07722329770223
3.7734374210925
4.02713323794293
4.03738153354095
3.85980388856157
4.31711556266308
3.74978284656174
4.12919535392643
4.74998821648009
2.95434811884522
3.75294419661645
3.26015739415874
3.61005723423955
3.86965827792275
3.59219341806246
3.62135257974919
3.57698594394412
3.91442218668462
4.05006733439947
4.05616783099066
4.16987543136099
3.37036360575709
3.3503518222372
3.86764834609883
3.54994781584043
4.44668041410657
3.14564514771484
4.29706337850351
3.77327245181382
4.40957916000337
4.24020284487838
3.65432286844543
3.85630249978959
3.88174816934603
3.75856998569145
3.17474034172207
2.70565524787477
3.71451982156384
3.3642126083663
2.94175658614594
3.86631849170945
3.73938978200488
3.40398030468816
3.35841174985271
4.25173386078615
3.28124316135006
3.87324046797409
3.34680666610555
3.83163454254694
3.28502735459978
3.79885952360914
3.292252335662
3.34157478326742
3.70523104115816
3.04069438599444
3.61005723423955
3.78344331285246
3.76512835619897
3.54655079538759
4.39009258479928
2.93219510142245
3.3441637909267
3.82517380691863
3.70148051510816
3.54390118676881
4.02004292567966
3.41625199898999
3.52761636225907
3.50100244087199
3.73918104536656
4.35970793704234
3.01772325561822
3.63590017675281
3.39154364110766
3.46031899671746
3.64577139971382
3.19518306539854
3.69165305950679
3.54234239542126
3.56643464354852
4.08122296103022
3.85980388856157
3.712876862217
3.30194175574448
3.22450382964396
3.45743708442052
3.17511741435908
3.06064893527483
3.25781079033752
3.40111522599108
3.9569371265045
2.89033330527735
3.1152133658783
3.3832884437337
3.50735544146116
3.19929719720562
3.48882164800943
3.61591532699268
3.31036192239711
3.54892769968859
3.51228431950173
3.09686810874507
3.07706842858346
3.24465364868277
2.79234828718123
2.89104031647167
3.83688662570492
3.06655752882756
3.52761636225907
3.4413508963892
3.35841174985271
3.11399797996802
3.36074152007407
3.11664758858683
3.32613837219091
3.68161350054709
3.86971214544232
2.99844205033247
3.25645400218838
2.96728979042169
3.33456863900346
3.06189798838483
3.49837639929299
2.81349128861208
2.83408214796734
2.81354178941169
3.17793872569649
3.20747159330023
3.16180203686559
2.94864152849087
3.08607440451141
3.70624105715007
3.34857082737145
3.52597340291223
3.1036385826109
2.72940409056477
3.16699351906405
2.79398451308813
2.71624021547009
3.70446006228434
3.47145947310833
2.74187105462505
3.292252335662
3.20149903206803
2.98787391633701
2.85297618045621
3.07281962797745
3.14572931571416
2.84830990657352
3.23039558959684
2.74356788149146
2.62767191313864
3.02068596919452
2.55349633869204
3.26583368403334
3.37324215133407
3.51151670734788
2.73159919198721
3.18223129366217
2.94263866677889
2.9413121791095
3.01154869118761
2.92309485733526
3.38309990741521
3.02496507028027
2.74963134416296
2.9891869371265
2.81349128861208
3.29243413854053
3.2183124316135
2.68592963555258
3.17319838397441
3.17921471256628
3.13683780826531
3.28462334820301
2.71533120107736
3.00796986785625
2.7945635889235
3.21010773503914
3.14564514771484
2.4875759616194
3.1152133658783
3.50359481525126
2.67532783435738
2.93723844794209
2.34280700277756
2.98644979378841
2.92724265634206
3.02767191313862
2.67327750189378
2.58603568723171
2.7282257385742
2.85297618045621
2.82724097298208
3.11059759279522
2.71580254187359
2.79398451308813
2.87560390539517
2.82396515444827
2.59196784782426
2.8592382796061
2.91746570154029
2.78369581685044
2.86972897904218
2.4875759616194
2.89677384058581
3.12795303425639
2.66117077687065
2.74796818449627
2.69018180287856
2.71200488174398
3.06288780405691
2.59018011951858
3.07662402154702
2.86709283730326
2.93529248379767
2.70172965238618
2.98992088208064
2.80939062368489
2.8208509384732
2.70999494992006
2.62767191313864
2.60333389445333
2.62445669556436
2.93894874168842
2.88634710882923
2.9891869371265
2.74963134416296
2.50263866677889
2.77122885279019
2.52967679488259
2.9052007406784
2.67220015150241
2.9469379681845
2.78979968016162
2.86149061526808
2.49118508543052
2.54310327413518
3.01552142075585
2.43625704906995
2.60888224896894
2.56809780321524
2.69254187357967
2.4405395168757
2.7212768285498
2.29316808349466
2.77101674943188
2.68137109670903
2.34219762646242
3.05897904216818
2.56069101927449
3.01282804477739
2.46044019863649
2.69143422270852
2.52873074657015
2.43813231209495
2.87024408719805
2.46703896978369
2.95219005134248
2.6059397357125
2.80137783014899
2.36088965575289
2.32122969447016
2.83635468394917
2.30952024240383
2.71409224812726
2.70270263445838
2.90263530005893
2.51362764077098
2.63668462250652
2.84267401733862
2.76798670145612
2.54789411665686
2.68876778048985
2.57731924922146
2.88736722498106
2.55349633869204
2.44555592963556
2.83573520747413
2.62535897651713
2.45390539516876
2.48209157478328
2.34656089554753
2.84428667620571
2.64099402407206
2.75997390792023
2.4499124652807
2.36019947815842
2.32266728389868
2.30595151923239
2.24167410150662
2.57604326235167
2.51121370255029
2.50355441461159
2.42442302836463
2.5858370507533
2.48208484134332
2.68835704065316
2.17216480094268
2.67156720814748
2.25150492382798
2.4353143674775
2.20737395842102
2.29142748926859
2.60426984260585
2.5674379261005
2.4328263614174
2.26874253009007
2.67370170861039
2.39351990573184
2.45254187357966
2.59868108745056
2.35594731083242
2.34656089554753
2.45280111101761
2.56730325730157
2.56047891591618
2.44594646915243
2.45224223550207
2.49833263193335
2.54532194259744
2.26060180119518
2.53512414779902
2.73618466459052
2.40869707937043
2.57731924922146
2.59019358639847
2.43892349128862
2.56710462082316
2.17234323710127
2.40151586566788
2.5438001851696
2.41128272030974
2.5757267906742
1.99749600202003
2.59611564683109
2.30637572594901
2.48208484134332
2.34460146452321
2.5506144263951
2.20798670145612
2.5816757848666
2.32720898914235
2.26413349044694
2.55039222287687
2.48754902785961
2.43906152680751
2.15934433128524
2.23549280363608
2.18449372948405
2.61034677215724
2.18852032657185
2.31851611817189
2.47551973739584
2.26874253009007
1.95872822153018
2.59310579917516
2.56053951687568
2.34219089302249
2.35414611564684
2.27979883848161
2.34788738321691
2.30595151923239
2.32266728389868
2.44459641444323
2.09645063546841
2.59087366383301
2.57699941082402
2.21354852285162
2.12106135847151
2.30453749684369
2.33622169851023
2.13610723003114
2.3655256291558
2.36782173217745
2.14323457621413
2.63804814409562
2.33176416126588
2.24404090564769
2.45652807002779
2.14001599191988
2.37596919451227
2.34491120276073
2.43404511404765
2.36068091911457
1.94634205874928
2.30453749684369
2.23128777038971
2.30757427825941
2.13610723003114
2.18852032657185
2.40635720898916
2.19775523945796
2.20572426563422
2.20335072805321
2.25995202424039
2.16238784614092
2.22998148304015
2.41158572510733
2.16921218752631
2.35719299722246
2.07954296776367
2.20534382627724
2.03014645231883
2.43134500462924
2.36320259237439
2.34417052436663
1.91861711977106
2.25311084925511
2.02929467216566
2.14298207221614
1.85364279101086
2.20390287012879
2.4228272030974
2.13123558623013
2.34280700277756
2.23465785708274
2.14275986869794
2.38491120276072
2.1183511488932
2.16272451813822
2.14103274135175
2.34357461493141
2.29628229946974
2.26175321942597
2.05215806750275
2.27519653227844
2.63768117161857
1.94602895379177
2.32122969447016
2.14776618129787
2.2376138372191
1.94632859186939
2.36366046629072
2.06664843026681
1.92123306119015
2.27603147883175
2.05109755071123
1.92300395589598
2.06713323794295
2.04971719552228
2.23315293325479
1.88777796481779
2.18158825014731
2.04331706085347
2.0847243498022
2.18393485396854
2.23876862216986
1.95687315882503
1.9815882501473
2.17280111101761
1.86366214965071
2.18252083157984
2.18852032657185
2.38417725780658
2.08679488258565
2.20008500967933
2.01747075162024
2.13040737311675
2.0093030889656
2.34289790421681
1.99148304014815
1.94839575793284
2.15531773419747
2.01687147546502
2.41237017086104
2.22513340627893
1.89589849339282
2.58431866004545
1.80850517633198
1.96038128103694
1.87037202255704
2.20590270179278
2.16686221698512
2.15575540779398
1.92498695396012
2.16938052352495
1.86850685969196
2.19590017675282
2.12737059170104
1.93702297786382
2.39271525965827
2.11947226664424
2.13568639003452
2.08561316387511
1.84036108071712
1.97863900345089
2.19568470667454
1.98196532278428
1.9137017086104
1.98276660213787
1.77548102011616
2.29002356703981
2.1257377325141
1.94602895379177
1.98666189714672
1.92215217574278
2.15100833263193
1.90447016244426
2.09425890076594
2.0029399882165
1.66953034256377
2.12255618213956
1.90456106388351
1.97400639676795
2.05151839070786
1.74540611059675
1.80808096961536
1.93216143422271
2.13753135257974
1.72165053446679
1.89684117498527
2.07171871054626
1.9448371349213
2.07684285834526
1.994876693881
1.79497769548018
2.10278343573773
2.04601717027188
1.86179025334567
2.24772073057824
2.06470583284235
1.82412339028701
2.0093030889656
1.86657772914739
2.04168083494656
1.8673116741015
1.80850517633198
2.07954296776367
1.75828044777376
2.07582947563338
2.02089133911286
2.10311337429511
1.73147799006819
1.91885615688915
1.90456106388351
1.71152344078783
1.95224728558202
1.9450021042
1.83714249642287
1.82320427573438
1.67494066156047
1.91399124652807
1.68424290884607
1.8379505092164
1.8538010268496
1.81172712734619
1.69904974328762
1.95859691945122
2.07051342479591
2.02391128692872
1.7883654574531
1.73678394074574
1.95390371180878
1.86939904048481
1.75980220520159
2.04838060769296
1.82102937463176
1.72774093089808
1.85105378335157
1.74327834357379
1.80096035687234
1.68066745223467
1.67809191145528
1.97458547260334
1.75454675532364
1.87181971214545
1.73788485817693
1.83517969867856
1.87304183149567
1.77395589596836
1.96718542210252
2.00976769632186
2.03798417641613
1.81661560474708
1.90270600117836
1.82297197205622
1.91912212776703
1.74018096119855
1.79477905900177
1.73251493981988
2.03886962376905
1.69037707263698
2.00134752966923
1.82815672081475
1.52891928288867
1.86178015318578
1.73788485817693
1.86366214965071
1.73920461240638
2.04804730241563
1.61208736638332
1.74609292147127
1.67185337934518
1.69558202171535
1.98028869623769
1.71818954633449
1.81047134079623
1.76102769127178
1.64960609376317
1.81184496254525
1.76571753219426
1.75924332968606
1.89395926268833
1.56442807844459
1.79123726959011
1.79928036360576
1.71635805066913
1.72803046881577
1.78725443986198
1.71677215722582
1.81095278175238
1.86226496086189
1.68661307970712
1.80850517633198
1.78332547765339
1.86673259826614
1.74697836882419
1.80063378503493
1.68145526470838
1.72552226243582
1.74979631344164
1.99493392812053
1.76479505092163
1.60881491456948
1.7160516791516
1.8297020452824
1.77172376062623
1.61169346014646
1.70615688915075
1.89607692955138
1.65027607103781
1.68717195522262
1.95361417389108
1.75944196616447
1.58312347445502
1.67877198888982
1.70031562999748
1.83147293998823
1.56271778469826
1.74439272788487
1.62231209494152
1.64880481440957
1.62352411413181
1.81491877788065
1.64034424711724
1.72516202339872
1.52881491456949
1.58067250231463
1.92412507364702
1.71643211850855
1.66648346098813
1.69178099486575
1.6583023314536
1.60881491456948
1.39478915916169
1.68128356198974
1.82337934517298
1.67809191145528
1.67940829896475
1.60881154784951
1.69957831832338
1.7315621580675
1.71152344078783
1.73205706590355
1.56443481188452
1.77663917178688
1.69783435737733
1.81308391549533
1.59658698762732
1.46925427152598
2.1200513424796
1.78255786549954
1.70551384563589
1.6400749095194
1.68294335493647
1.71990657352075
1.67297786381619
1.64809780321522
1.61162612574699
1.69516791515866
1.61043767359649
1.71286676205708
1.71137530510902
1.533127682855
1.63207221614343
1.52712818786299
1.41621496507028
1.5695387593637
1.75160087534721
1.62707263698343
1.52345509637237
1.60483881828131
1.56235754566114
1.64958926016328
1.68434054372528
1.49490867772073
1.59061779311506
1.62511657267908
1.59208231630336
1.75066829391466
1.45648093594815
1.71949583368405
1.50181718710547
1.63356030637152
1.53008416799932
1.89720814746235
1.57970288696239
1.76186600454508
1.5408509384732
1.72281878629747
1.54337597845299
1.78242656342059
1.5162637825099
1.58101590775189
1.77065314367479
1.40194343910446
1.61862216985102
1.58485733524114
1.56148219846816
1.66299553909604
1.4309510983924
1.74373621749012
1.58915663664675
1.83462755660298
1.52254271525968
1.5759523609124
1.51834441545324
1.53194259742446
1.61100664927196
1.53745728474036
1.6612010773504
1.54215385910277
1.64920545408637
1.47677215722584
1.56598686979211
1.55193418062453
1.52848834273209
1.42347698005219
1.64115562663076
1.80541789411666
1.39098813231209
1.42611648851107
1.28174143590607
1.66417725780659
1.42923070448617
1.71146957326826
1.29292567965661
1.58067250231463
1.57421513340628
1.66571248211432
1.50509973907921
1.43528406699772
1.50486070196112
1.67530763403755
1.4734896052521
1.44215890918272
1.56105462503157
1.43500126251999
1.51176584462587
1.48927952192577
1.46986028112113
1.50864489521084
1.63325730157396
1.68164043430687
1.47240552142077
1.63689672586483
1.47782930729738
1.48635384226918
1.52594310243245
1.5564119181887
1.44956232640351
1.4919526975844
1.60708105378336
1.41160592542715
1.48221277670231
1.50168251830655
1.61947395000422
1.69234323710126
1.39983250568136
1.44532025923743
1.54297197205622
1.5338010268496
1.56235754566114
1.36400050500799
1.49017506943861
1.47189041326487
1.55132480430942
1.48908088544735
1.32581853379347
1.38314704149482
1.37338018685296
1.51055045871561
1.40662991330697
1.51688999242489
1.42731840754146
1.36594310243245
1.40553909603568
1.4444617456443
1.52397357124821
1.40751872737985
1.4778124736975
1.41701287770391
1.43062789327499
1.43525713323794
1.28194680582445
1.59882248968944
1.55701792778387
1.46201582358387
1.53050837471594
1.36885531520917
1.41304688157564
1.35057065903544
1.54745644306036
1.52251914821986
1.39384311084928
1.49199309822407
1.36442807844458
1.59276576045789
1.29292567965661
1.46986028112113
1.37973655416212
1.52896305024831
1.38199562326403
1.25018853631849
1.54498190388014
1.56454928036362
1.51283646157731
1.43978873832171
1.40677468226582
1.39558033835536
1.50149398198806
1.54999831664003
1.44343489605254
1.36594310243245
1.28081558791348
1.38711640434309
1.46986028112113
1.41716438010269
1.30282383637743
1.39542546923661
1.4562755660298
1.3759018601128
1.45155205790758
1.24393317060853
1.34004965911961
1.5566374884269
1.31315629997476
1.43209241646326
1.29279101085768
1.4040375389277
1.35317986701457
1.44661644642707
1.4287862974497
1.25378755996971
1.36221614342227
1.39525713323795
1.48740762562073
1.36889908256882
1.40941082400471
1.36596666947227
1.4794520663244
1.41428583452571
1.37310748253515
1.33626209914991
1.37977358808183
1.33710041242321
1.47655332042757
1.37646073562831
1.42609965491121
1.37970625368234
1.24066745223467
1.32581853379347
1.44009174311927
1.3638254355694
1.34635889234914
1.39045955727633
1.51150997390792
1.31577897483376
1.4231133742951
1.4898518643212
1.33176752798587
1.39542546923661
1.30164885110682
1.07677215722583
1.46697836882419
1.30577981651376
1.33410739836714
1.23522346603821
1.33626209914991
1.36221614342227
1.47849591785203
1.34707600370339
1.26034593047723
1.4158378924333
1.17835283225318
1.3794874168841
1.26491793620067
1.27536823499707
1.28102095783183
1.31949920040401
1.35928373032573
1.30374631765002
1.27295766349636
1.35114636815084
1.20229694470163
1.3392248127262
1.53348118845216
1.22403248884774
1.32487921892098
1.34874253009008
1.40628987458967
1.42495833684035
1.37359565693123
1.30326824341387
1.42436579412509
1.35323710125411
1.21968605336252
1.31453665516372
1.34392138708864
1.17321858429426
1.4334492046124
1.27124063631007
1.25741015066072
1.26990741520075
1.34186095446512
1.38704233650367
1.34823752209411
1.28194680582445
1.3125267233398
1.33368655837052
1.31577897483376
1.33253177341976
1.31191061358473
1.45208399966333
1.21702297786382
1.3084496254524
1.34675953202594
1.33936284824512
1.19028785455771
1.22372275061022
1.35785960777713
1.08367393317062
1.11135510478917
1.2912894537497
1.3476382459389
1.28466711556268
1.18090480599278
1.46973571248213
1.12255954885953
1.33654827034763
1.15872148809024
1.25981735544147
1.38470583284237
1.22680666610555
1.28278848581769
1.26034593047723
1.21798585977612
1.12378503492974
1.22866846225065
1.28650534466797
1.19374884269001
1.47346267149231
1.28868697921052
1.18819038801448
1.23827371433381
1.29761215385912
1.25881070616953
1.3166139213871
1.17632270010944
1.35881575624947
1.17321858429426
1.06681339954551
1.22732850770137
1.27520663243834
1.32074152007408
1.34141318070871
1.24465364868277
1.33287517885699
1.25528575035773
1.24914148640687
1.24702045282385
1.30200909014394
1.23584630923324
1.18646999410825
1.09331621917349
1.14380691860956
1.08214207558288
1.03517969867858
1.3571155626631
1.21968268664256
1.2125149398199
1.24327666021378
1.27462755660298
0.91523356619814
1.15567797323459
1.20457958084336
1.25466627388269
1.24519905731842
1.26218415958255
1.21123221951015
1.22767864657857
1.18811295345512
1.28993939904049
1.24138119686896
1.1452748085178
1.16457284740343
1.19474875852202
1.13919114552647
1.31448278764415
1.1863891928289
1.22028196279774
1.17321858429426
1.22403248884774
1.31749936874002
1.0973865836209
1.16193670566452
1.27858681929132
1.11973487080212
1.25884437336924
1.17685800858516
1.29762225401902
1.35099486575206
1.02220099318239
1.23383637740932
1.27749936874002
1.20982829728138
1.01760878713912
1.17857503577142
1.2970869455433
1.08229021126169
1.19145273966839
1.16016917767865
1.11808181129535
1.06700866930393
1.1275523945796
1.1295387593637
1.05763572089893
1.03679572426563
1.08185590438515
1.27538170187697
0.905106472519151
1.08746822658026
1.12369413349046
1.07677215722583
1.1692391212861
1.11439861964482
1.12834694049323
1.17321858429426
1.16193670566452
1.13331285245351
1.16709452066326
1.20286592037709
0.913210167494327
1.18038296439696
1.09214796734281
1.11911202760712
1.00006817607945
1.18759784529922
1.19079286255368
1.20804393569566
1.14910613584715
0.978298964733625
1.1091398030469
1.2303383553573
1.12736722498107
1.1926883258985
1.03729399882167
0.953041831495682
1.09521168251831
1.17743371770052
1.1588898240889
1.15209914990322
1.09284487837724
1.18276323541789
1.11973487080212
1.17685800858516
1.03807171113544
1.19145273966839
1.07209241646328
1.12352579749179
1.18267570069861
1.21637320090903
1.06287770389699
0.924364110765083
1.04971719552228
1.1487391633701
0.965451561316399
1.1786625704907
0.998216480094271
1.0432126925343
1.10407962292737
1.22868192913054
1.08825603905396
1.09505344667957
0.907816682097462
0.911718710546268
0.904109923407134
1.02220099318239
1.1630376230957
1.00098729063211
1.07123726959011
0.967865499537083
1.03853295177174
1.08001767527986
1.03448952108408
1.17600286171199
1.04449541284404
1.05271357629829
1.16662317986703
1.0371896305025
1.09396262940831
1.03235838734113
1.11026092079791
1.10778638161773
1.11808181129535
1.00112869287096
0.859544651123656
0.955189798838489
1.00557612995539
1.00669388098646
0.984524029963808
0.929101085767201
1.06783688241731
1.12041158151672
1.20431360996551
0.975013046039891
1.08804730241562
1.065126672839
1.08694301826446
1.04874758017002
1.11573520747413
0.939554751283566
1.11034172207727
0.978292231293665
0.956411918188707
1.10145021462841
1.02771568049829
0.955122464439029
1.06200572342397
0.956283982829746
0.917088628903286
1.01422186684624
0.878852790169191
1.08123306119015
0.997876441377002
1.038374715933
0.975013046039891
0.955189798838489
0.953994613248057
0.852242235502075
0.877724938978218
1.02870212945038
0.874641023482866
0.930060600959536
1.11983250568136
0.928282972813747
1.02801195185592
0.877381533540955
0.972181634542551
0.983173975254601
1.00882838144938
1.07564093931487
1.06045029879641
0.822847403417228
0.903022472855838
1.05400976348793
0.927710630418318
1.01708021210337
0.949257638245939
1.09121875263025
0.925340459557276
0.880775187273798
0.930363605757094
0.926360575709111
0.920943523272456
1.02653732850771
0.995071963639418
0.895285750357715
1.02617035603063
0.893952529248395
1.04304435653566
0.953378503492985
1.01647083578825
0.975090480599278
0.878330948573364
0.97074404511406
0.88818870465451
0.900174227758612
0.895366551637068
0.837095362343234
0.968501809611979
0.820665768874676
0.851572258227435
0.971848329265214
0.893198383974408
0.902689167578501
0.840276912717798
0.976662738826718
0.877852874337179
0.904614931403074
0.932609207979141
0.955721740594242
0.926680414106556
0.81670987290633
0.88206800774347
0.98323457621413
0.922216143422276
0.933302752293599
0.954802626041584
0.881849170945202
0.927703896978386
0.901871054625047
0.873294335493654
0.888252672333977
0.937426984260583
0.905998653312025
0.897497685380017
0.848037202255711
0.941551216227595
0.857097045703227
0.834270684285855
0.969781163201759
0.934339702045293
0.89519148219847
0.916630754986954
1.026624863227
0.88751199393991
0.858723171450208
0.928515276491879
0.945412844036696
0.911863479505087
0.876758690345952
0.893844794209258
0.895558454675552
0.898389866172892
0.885869034593043
0.876206548270346
0.909941082400479
0.809188620486509
0.818709704570324
0.851127851190995
0.878199646494409
0.868628061610991
0.874038380607686
0.799856072721155
0.884246275566028
0.881078192071385
0.886640013466888
0.850831579833368
0.836580254187368
0.881418230788654
0.879303930645563
0.794795892601627
0.902820469657456
0.921303762309577
0.949799680161618
0.850895547512835
0.85517464859862
0.85064304351485
0.750217153438257
0.952917262856658
0.886293241309659
0.936225065230218
0.862288527901711
0.912641191818864
0.783907920208748
0.851996464944023
0.824029122127769
0.834331285245355
0.877886541536924
0.890481440956165
0.896868108745053
0.901665684706671
0.881855904385162
0.817608787139136
0.855164548438694
0.783746317650042
0.939234912886121
0.837405100580753
0.924498779564004
0.808245938894032
1.02084757175322
0.847272956821826
0.863335577813331
0.885545829475632
0.860140560558875
0.833142833094854
0.820100159919207
0.860520999915849
0.767660129618719
0.751307970709547
0.842047807423626
0.896743540106058
0.839694470162442
0.815066913559463
0.854006396767943
0.838553152091578
0.817608787139136
0.857985859776107
0.818709704570324
0.887044019863652
0.73651123642793
0.823577981651397
0.887633195858939
0.77347108829224
0.806946384984428
0.84535055971719
0.863756417809952
0.834223550206218
0.84421260836632
0.810141402238884
0.813508122211942
0.86460146452319
0.866254524029983
0.769114552647096
0.871590775187286
0.804172207726623
0.87441881996466
0.717192997222469
0.818474034172226
0.747092837303256
0.841832337345352
0.850555508795566
0.86616698931067
0.763980304688175
0.919502567123999
0.908109586735122
0.812201834862407
0.903493813652062
0.843064556855495
0.837118929383053
0.870580759195349
0.782928204696589
0.800869455433059
0.781662317986701
0.844088039727296
0.810107735039139
0.776699772746412
0.793681508290547
0.883936537328509
0.862389529500888
0.787766181297883
0.685700698594388
0.74724097298207
0.811424122548601
0.814770642201836
0.798371349213028
0.752876862216993
0.802330611901368
0.828321690093446
0.876395084588836
0.77344078781249
0.7352621833179
0.832496422860032
0.795940577392486
0.823621749011039
0.750570659035446
0.787177005302595
0.787301573941591
0.745510478915918
0.7992130292063
0.782928204696589
0.805259658277919
0.745446511236423
0.789358639845148
0.794462587324318
0.799741604242087
0.831176668630604
0.78745980978033
0.748264455853899
0.775299217237603
0.820696069354426
0.794711724602308
0.780079959599362
0.817288948741691
0.791419072468642
0.778457200572348
0.727720730578255
0.767215722582279
0.79928709704572
0.824736133322119
0.74313694133491
0.759627135762997
0.745029037959767
0.740558033835555
0.781770053025838
0.750375389276996
0.775595488595229
0.688219005134243
0.793816177089468
0.70620738995035
0.761259994949938
0.804922986280616
0.691174985270607
0.657699688578418
0.788358724013136
0.794795892601627
0.733790926689693
0.764451645484399
0.755098897399222
0.779753387761986
0.749119602727063
0.747426142580593
0.757159330022745
0.77044440703645
0.782163959262704
0.758071711135443
0.731006649271961
0.766007070111954
0.795829475633383
0.713183233734554
0.756994360744045
0.772023398703823
0.755765507953896
0.76668041410656
0.768902449288788
0.767215722582279
0.816895042504854
0.741251578149985
0.686892517464855
0.776046629071629
0.735797491793619
0.748264455853899
0.765592963555264
0.7081129534551
0.764313609965512
0.77298964733609
0.758011110175914
0.738096961535234
0.744335493645337
0.771073983671414
0.782601632859183
0.737807423617539
0.765592963555264
0.735797491793619
0.755853042673181
0.721293662149662
0.687276323541795
0.728882248968944
0.734279101085775
0.701685885026507
0.705396010436829
0.704382627724954
0.750429256796565
0.746890834104875
0.719250063125997
0.732764077097897
0.667840249137299
0.810818112953456
0.741251578149985
0.748086019695307
0.660497432876014
0.771440956148467
0.700022725359815
0.786416126588676
0.737268748421855
0.682344078781256
0.734706674522357
0.74508627219933
0.725710798754335
0.763229526134182
0.686562578907512
0.70792441713661
0.717684538338517
0.669075835367408
0.776632438346951
0.77105378335159
0.685629997474962
0.733090648935274
0.670244087198057
0.693743792610064
0.757435401060519
0.764121706927028
0.726885784024915
0.777622254019036
0.698837639929309
0.765559296355519
0.757149229862819
0.758071711135443
0.729629660802971
0.71165810958675
0.695733524114132
0.745456611396349
0.690343405437261
0.703874253009019
0.668729063210179
0.686697247706434
0.713455938052363
0.695733524114132
0.692286002861721
0.657878124736982
0.699840922481286
0.750557192155554
0.656888309064897
0.735481020116168
0.683596498611223
0.735858092753148
0.709089302247293
0.641249894790008
0.687235922902119
0.67430771820554
0.757559969699514
0.67488006060097
0.718058244255531
0.748981567208148
0.591843279185269
0.714469320764266
0.658824173049425
0.724488679404089
0.716489352748084
0.721095025671247
0.68122632775021
0.681936705664526
0.662769968857845
0.714001346688008
0.672856661897157
0.743170608534655
0.719532867603732
0.676395084588847
0.647299890581621
0.743847319249227
0.69501304603989
0.731905563504768
0.682344078781256
0.704382627724954
0.65487501052101
0.777548186179615
0.66185422102518
0.67424711724604
0.712004881743979
0.678310748253523
0.675573604915428
0.723404595572759
0.678408383132734
0.679805571921577
0.677378166820972
0.663618382291048
0.707426142580601
0.684498779564024
0.634398619644827
0.644566113963492
0.614551805403579
0.673631007490968
0.637681171618567
0.704406194764744
0.670473024156223
0.732336503661315
0.640717953034255
0.642303678141587
0.707749347698012
0.698713071290314
0.592267485901857
0.655794125073641
0.664042589007664
0.75447605420419
0.669604410403167
0.707049069943622
0.672651291978809
0.640155710798751
0.641751536065982
0.649993266560074
0.67717616362259
0.6443270768454
0.68342479589262
0.686562578907512
0.707530510899772
0.67424711724604
0.685576129955393
0.697221614342226
0.668819964649458
0.69501304603989
0.666927868024572
0.688969783688236
0.595462503156313
0.714388519484885
0.593509805571927
0.691440956148483
0.675573604915428
0.673553572931581
0.635802541873574
0.717014561063877
0.655575288275401
0.670621159835036
0.628247622254037
0.682556182139564
0.615518054035874
0.637681171618567
0.659396515444826
0.649431024324571
0.620760037033932
0.644498779564003
0.693447521252438
0.637028027943785
0.658022893695829
0.660453665516371
0.674704991162372
0.66356451477148
0.659292147125683
0.61525881659793
0.63670818954634
0.654602306203202
0.631371938389037
0.600347613837215
0.642458547260333
0.656733439946152
0.562603316219167
0.691700193586399
0.644889319080903
0.606629913306961
0.649047218247631
0.616797407625626
0.662769968857845
0.767124821143
0.547311674101508
0.570939314872504
0.570478074236178
0.686808349465537
0.672550290379604
0.658268664253853
0.637176163622598
0.682472014140245
0.626520494907851
0.682192576382477
0.557546502819633
0.642552815419577
0.678246780574028
0.71180961198553
0.628146620654832
0.623439946132493
0.652720309738243
0.645158656678746
0.600431781836562
0.64849844289202
0.570494907836036
0.642785119097738
0.589048901607612
0.576571837387434
0.640472182476231
0.640458715596338
0.661093342311261
0.598563252251495
0.652508206379935
0.633445837892452
0.567458126420348
0.598872990489014
0.641593300227271
0.631398872148822
0.559940240720493
0.5884395252925
0.571865162865095
0.564411244844706
0.627375641781015
0.574147799006823
0.635344667957241
0.596647588586819
0.557570069859452
0.566633280026934
0.599377998484982
0.550557192155537
0.645727632354181
0.662766602137879
0.647720730578243
0.598014476895884
0.656514603147883
0.607175321942606
0.577622254019019
0.638118845215047
0.570696911034446
0.624847235081234
0.575403585556785
0.650138035518893
0.618534635131738
0.670873663833021
0.598970625368253
0.619113710967099
0.570478074236178
0.628146620654832
0.644253009005979
0.642310411581519
0.647299890581621
0.628995034088035
0.581800353505599
0.662234660382126
0.576470835788228
0.622736301658108
0.538197963134422
0.650060600959534
0.61838986617289
0.560889655752902
0.495225149398209
0.616164464270696
0.574652807002792
0.60764666273883
0.592267485901857
0.598078444575378
0.57075414527398
0.541564683107481
0.560691019274486
0.565064388519488
0.5796995202424
0.588634795050922
0.574861543641106
0.543678983250572
0.612521673259835
0.549621244003049
0.575006312599953
0.568279606093768
0.626045787391632
0.594240383806095
0.613333052773356
0.522909687736728
0.572821311337435
0.570454507196359
0.562458547260349
0.598728221530195
0.594183149566533
0.562744718458049
0.6012768285498
0.574423870044626
0.558691187610464
0.570478074236178
0.597718205538257
0.542668967258663
0.571807928625532
0.547675279858595
0.570565608955491
0.573545156131644
0.575107314199158
0.611703560306381
0.56045534887636
0.63253009005976
0.591089133911282
0.585867351233077
0.545907751872733
0.565064388519488
0.55931066408553
0.579605252083155
0.549964649440284
0.493006480935946
0.578635636730922
0.578006060095959
0.520418314956657
0.522303678141583
0.572151334062795
0.571686726706503
0.555752041073987
0.564283309485745
0.566633280026934
0.569875431360998
0.548362090733121
0.53222876862219
0.550954465112369
0.60656931234746
0.514344752125254
0.564885952360925
0.582931571416566
0.560798754313623
0.57842690009258
0.570060600959522
0.572376904300995
0.558021210335824
0.526528911707771
0.551715343826288
0.569198720646426
0.570585809275315
0.584904469320776
0.487791431697673
0.59206884942347
0.550846730073232
0.579524450803802
0.558583452571327
0.551590775187293
0.588766097129877
0.531555424627555
0.547712313778305
0.564572847403412
0.570915747832686
0.513408803972737
0.540483965996145
0.616760373705915
0.5180144768959
0.548247622254024
0.554196616446433
0.570451140476393
0.532615941419067
0.48182223718544
0.555752041073987
0.525050921639604
0.551479673428162
0.478872990489037
0.540450298796401
0.529090985607269
0.505234407878135
0.509025334567809
0.503682349970546
0.543069606935461
0.547049069943625
0.550277754397797
0.547712313778305
0.583702550290383
0.51520663243835
0.547675279858595
0.531080717111365
0.554603989563162
0.526528911707771
0.544948236680426
0.519300563925611
0.517933675616547
0.535194848918451
0.572595741099235
0.570740678394088
0.539874589681006
0.596644221866853
0.504183991246549
0.574043430687652
0.574508038043945
0.495225149398209
0.550203686558376
0.510372022557021
0.505416210756664
0.504732766602132
0.53993182392054
0.518091911455258
0.514344752125254
0.502948405016411
0.53819122969449
0.492427405100585
0.521653901186767
0.581063041831499
0.587042336503657
0.498652470330796
0.553930645568556
0.480135510478931
0.518287181213708
0.487528827539791
0.474762225401918
0.506843700025257
0.505103105799179
0.530848413433233
0.525788233313705
0.521929972224569
0.49796565945627
0.495619055635046
0.524727716522193
0.531191818870468
0.532312936621508
0.51418988300648
0.530801279353597
0.516007911791945
0.507927783856587
0.520465449036294
0.51196111438432
0.501042841511662
0.520940156552484
0.508698762730404
0.483104957495158
0.484539180203683
0.509964649440292
0.517926942176587
0.525276491877804
0.501244844710044
0.548513593131901
0.491743960946053
0.466941334904476
0.551257469909956
0.487703896978388
0.496390034508892
0.50277670229778
0.478697921050411
0.515489436916084
0.536194764750462
0.536231798670144
0.441754902785959
0.514937294840507
0.48201077350393
0.482219510142244
0.556428751788587
0.544827034761397
0.493992929888066
0.48222961030217
0.511668209746659
0.529027017927802
0.525135089638923
0.462029290463761
0.467651712818792
0.498460567292312
0.481832337345338
0.465463344836309
0.490198636478425
0.499928457200582
0.509769379681842
0.48182223718544
0.504732766602132
0.496831074825366
0.470297954717637
0.470648093594832
0.516974160424212
0.444145273966853
0.506826866425399
0.469005134247965
0.50819712145443
0.474075414527391
0.465170440198648
0.495922060432633
0.491616025587092
0.502840669977275
0.496093763151265
0.509560643043528
0.505463344836301
0.505443144516448
0.511277670229788
0.496275566029794
0.516448952108419
0.4621875263025
0.435108997559126
0.556125746991
0.494309401565545
0.513361669893101
0.468819964649441
0.488383974412926
0.508523693291806
0.49752798585979
0.49535308475717
0.463487080212104
0.484401144684796
0.519620402323056
0.481606767107166
0.47770473865836
0.479031226327749
0.493703391970371
0.511082400471338
0.456757006985953
0.518765255449892
0.489447857924432
0.443003955895989
0.468671828970628
0.456719973066242
0.499871222961048
0.467102937463181
0.491979631344179
0.4621875263025
0.419952024240388
0.444397777964838
0.476637488426917
0.514418819964646
0.512402154700794
0.484848918441202
0.454881743960954
0.429358639845134
0.51788654153691
0.452141233902864
0.507655079538779
0.442041073983688
0.462736301658111
0.478172712734619
0.477054961703573
0.469742445922066
0.487084420503322
0.463113374295091
0.445996969952034
0.509321605925436
0.514132648766946
0.429957916000348
0.530185169598525
0.487323457621414
0.470233987038142
0.492925679656594
0.46107314199142
0.454501304604008
0.44249894790002
0.475752041074003
0.521519232387845
0.425045871559632
0.503702550290399
0.46849675953203
0.44947142496423
0.453060348455523
0.49822826361418
0.472190051342494
0.473799343489617
0.50278343573774
0.502285161181732
0.444882585640954
0.472836461577316
0.464362427405121
0.469139803046886
0.443687400050521
0.449255954885956
0.465746149314043
0.433802710209591
0.47149314030807
0.460416631596672
0.442562915579515
0.500224728558209
0.429957916000348
0.457810790337533
0.436930393064557
0.445869034593045
0.454144432286853
0.43899082568808
0.457706422018362
0.425668714754664
0.443047723255631
0.469005134247965
0.463514013971889
0.443411329012719
0.464500462924008
0.475997811632027
0.420632101674954
0.444145273966853
0.480744886794042
0.434102348287183
0.439610302163118
0.437546502819629
0.448969783688256
0.423244676374054
0.426840333305279
0.425140139718877
0.466271357629836
0.437438767780492
0.461972056224226
0.466911034424726
0.469893948320845
0.442219510142252
0.432196784782434
0.452959346856346
0.444613248043112
0.459820722161453
0.453060348455523
0.470887130712924
0.476294082989654
0.450134668798938
0.457696321858435
0.463779984849765
0.418601969531181
0.444579580843367
0.399499200404023
0.4781491456948
0.439963807760307
0.405495328676039
0.445071121959444
0.442482114300162
0.4404890160761
0.446545745307645
0.436280616109769
0.430170019358656
0.428311589933514
0.441017591111859
0.422675700698591
0.436832758185346
0.442296944701638
0.439233229526138
0.439101927447183
0.437953875936387
0.483455096372353
0.422221193502224
0.42018432791852
0.449188620486495
0.494834609881337
0.389005134247952
0.4436133322111
0.437418567460668
0.455282383637751
0.428745896810028
0.422022557023837
0.456413601548689
0.43966080296272
0.440721319754232
0.461339112869297
0.476684622506525
0.43771820553826
0.430688494234488
0.420376230957004
0.44612827203099
0.419952024240388
0.432196784782434
0.436142580590854
0.44702381954383
0.425934685632541
0.442865920377074
0.441892938304875
0.433179867014559
0.452292736301672
0.402182476222549
0.462079791263363
0.41990489016078
0.451599191987214
0.395799175153627
0.393459304772335
0.401505765507949
0.431287770389702
0.459416715764661
0.435108997559126
0.43771820553826
0.429681844962545
0.424752966921972
0.405225991078197
0.454201666526387
0.3953379345173
0.444236175406104
0.403960104368338
0.470533625115735
0.406926184664599
0.444579580843367
0.447515360659878
0.419642286002869
0.43914906152682
0.422827203097398
0.416110596751111
0.421517549027868
0.453346519653223
0.395802541873593
0.439876273040994
0.435637572594914
0.427988384816103
0.4114645231883
0.4183999663328
0.391230536150175
0.427678646578585
0.453625957410992
0.448606177931168
0.449390623684877
0.419830822321359
0.420042925679667
0.403290127093697
0.43634795050923
0.413094015655247
0.395257133237948
0.403677299890575
0.45782089049743
0.445151923238797
0.429914148640705
0.424466795724271
0.399724770642223
0.419598518643227
0.41694554330445
0.417177846982582
0.392708526218343
0.433964312768296
0.4238506859692
0.39743203434054
0.408868782089058
0.416110596751111
0.420652301994778
0.392415621580682
0.409316555845464
0.396502819627983
0.387442976180466
0.388698762730428
0.426422860028623
0.385136772998919
0.400586650955319
0.422207726622332
0.420403164716788
0.420867772073052
0.426709031226324
0.404017338607872
0.417662654658699
0.425749516034017
0.402515781499886
0.378376399292989
0.418645736890852
0.433661307970709
0.362428246780581
0.435664506354698
0.424109923407116
0.387917683696656
0.420127093678985
0.444781584041749
0.4026639171787
0.410754145273984
0.398418483292659
0.411373621749021
0.392910529416724
0.439569901523441
0.411121117751037
0.383493813652052
0.408747580170029
0.404306876525538
0.3972131975423
0.407205622422367
0.403960104368338
0.419952024240388
0.386698931066405
0.393991246528088
0.404616614763086
0.404495412844057
0.337336082821309
0.397371433381039
0.392967763656259
0.416312599949492
0.404838818281291
0.369104452487164
0.39161097550712
0.378248463934028
0.398337682013306
0.396071879471435
0.392796060937627
0.392910529416724
0.404273209325822
0.39109250063126
0.455925427152607
0.353429004292565
0.419221446006247
0.389476475044205
0.358149145694824
0.404017338607872
0.404165474286685
0.39855988553154
0.392284319501726
0.387863816177088
0.383530847571762
0.391637909266905
0.393466038212267
0.374760542041912
0.389005134247952
0.42372948405017
0.404138540526901
0.393095699015248
0.399499200404023
0.412380271020965
0.403960104368338
0.437192997222468
0.368232472014142
0.384332126925358
0.380409898156728
0.421473781668226
0.393654574530757
0.392210251662334
0.395768874673848
0.417123979463014
0.39374210925007
0.393398703812807
0.371474623348206
0.398822489689422
0.386234323710141
0.396310916589528
0.351065566871483
0.422911371096717
0.403569564851438
0.393536739331722
0.362118508543062
0.388210588334317
0.419649019442829
0.347614678899077
0.357836040737311
0.363212692534319
0.399845972561252
0.420201161518406
0.411676626546608
0.360499116236014
0.34222119350224
0.375117414359067
0.36098392391213
0.393661307970717
0.359293830485655
0.360552983755582
0.41451477148388
0.381716185506264
0.406027270431792
0.310456190556351
0.386042420671657
0.376891675784861
0.402327245181397
0.405454928036363
0.385806750273559
0.338820806329437
0.41780405689758
0.397415200740681
0.367508627219934
0.372255702381949
0.384853968521185
0.405010520999923
0.391705243666365
0.41518474875852
0.365825267233419
0.381187610470505
0.387257806581943
0.372100833263204
0.385136772998919
0.379043009847663
0.381436747748523
0.3836991835704
0.346611396347129
0.381440114468489
0.399233229526146
0.372895379176839
0.363283393653745
0.308415958252681
0.38042336503662
0.337060011783535
0.392449288780426
0.365047554919613
0.359647336082816
0.370175069438602
0.356600454507202
0.345224307718212
0.397910108576724
0.368801447689606
0.392587324299313
0.354401986364792
0.392671492298632
0.345153606598785
0.373174816934608
0.374760542041912
0.355886709872919
0.403084757175321
0.389271105125829
0.363552731251588
0.3417767864658
0.340376230956991
0.34846309233231
0.37669640602644
0.3232025923744
0.360674185674611
0.353728642370186
0.4107272115142
0.394408719804744
0.33759195353926
0.375440619476478
0.36599023651209
0.368245938894034
0.369898998400828
0.376851275145185
0.361118592711051
0.328724013130227
0.354772325561839
0.373676458210582
0.397745139298053
0.346722498106232
0.34960777712314
0.347328507701377
0.320842521673256
0.368680245770577
0.331326487669401
0.308351990573186
0.374582105883349
0.346261257469905
0.346079454591376
0.338820806329437
0.296474202508222
0.33131975422944
0.343261509973928
0.346271357629831
0.328969783688251
0.322068007743468
0.348096119855228
0.34725780658195
0.345325309317417
0.336827708105375
0.330383806076924
0.364882585640942
0.332932413096557
0.332915579496671
0.373763992929895
0.332538506859692
0.365680498274571
0.337238447942099
0.352796060937635
0.349466374884287
0.348338523693286
0.373568723171445
0.358872990489033
0.338470667452242
0.369390623684893
0.342547765339617
0.33759195353926
0.352721993098243
0.336656005386772
0.340389697836883
0.327434559380521
0.333572089891419
0.354496254524037
0.324350643885197
0.364323710125404
0.3541629492467
0.346486827708105
0.33494907836041
0.365044188199647
0.344843868361266
0.385786549953707
0.309210504166316
0.363219425974251
0.32147883174818
0.329067418567462
0.323751367729983
0.32558286339534
0.338803972729579
0.315311000757532
0.324562747243505
0.363680666610549
0.339477316724185
0.332289369581702
0.328192071374474
0.323377661812998
0.330451140476384
0.337871391297028
0.310597592795233
0.336427068428577
0.293740425890093
0.346665263866697
0.309624610723006
0.326165305950695
0.352173217742632
0.334403669724765
0.310850096793217
0.359953707600368
0.320014308559905
0.313644474370847
0.331794461745659
0.303194175574447
0.308856998569155
0.3232025923744
0.338554835451561
0.337935358976523
0.330861880313108
0.331077350391382
0.328107903375155
0.340786970793715
0.346678730746589
0.305850517633189
0.32297028869624
0.327633195858937
0.324801784361597
0.353240467974075
0.363556097971554
0.329902365120802
0.317937042336524
0.363232892854143
0.329612827203107
0.284953286760384
0.297804056897576
0.350536991835725
0.334763908761886
0.306170356030634
0.304874168841025
0.285411160676716
0.29786129113711
0.311334904469334
0.338561568891521
0.321579833347357
0.303911286928724
0.301695985186427
0.318977358808183
0.321270095109838
0.321596666947244
0.302271694301822
0.323774934769801
0.324502146283976
0.313415537412681
0.319862806161098
0.330239037118105
0.317627304098977
0.304887635720917
0.31949920040401
0.314880060600956
0.334578739163391
0.339803888561562
0.317115562663076
0.310648093594835
0.307466543220272
0.321802036865591
0.316634121706926
0.301460314788329
0.297322615941425
0.350200319838393
0.323017422775877
0.286501977947978
0.303194175574447
0.291945964144446
0.333016581095876
0.331282720309758
0.304449962124409
0.344884269000943
0.291053783351572
0.346261257469905
0.310200319838401
0.311247369750021
0.319155794966747
0.317176163622605
0.325205790758361
0.302211093342322
0.332053699183575
0.293440787812472
0.315721740594228
0.310671660634625
0.296921976264628
0.312923996296604
0.303928120528582
0.307567544819477
0.293087282215311
0.310846730073223
0.294376735964988
0.301669051426643
0.289872064641031
0.307884016496928
0.313455938052357
0.297282215301749
0.307072636983435
0.309705412002359
0.311584041747324
0.298521168251824
0.29193586398452
0.316876525544984
0.31178267822574
0.309607777123148
0.299894790000849
0.284337177005312
0.269314872485495
0.315624105715017
0.287979968016174
0.309604410403182
0.31749600202005
0.302685800858512
0.292935779816531
0.287309990741534
0.292137867182902
0.291407288948761
0.327872232977029
0.289282888645744
0.315108997559122
0.314193249726458
0.30611985523106
0.293518222371858
0.306628229946995
0.283340627893296
0.301002440871997
0.328899082568825
0.288064136015493
0.316984260584121
0.286091238111283
0.317381533540953
0.300359397357141
0.283317060853477
0.303827118929377
0.286858850265133
0.313991246528076
0.278192913054454
0.301578149987392
0.28534045955729
0.297494318660057
0.293188283814487
0.282889487416895
0.299726454002183
0.296800774345598
0.284953286760384
0.290010100159918
0.286734281626138
0.298406699772755
0.28320932581434
0.293198383974413
0.30264203349887
0.299510983923909
0.314391886204874
0.271304603989563
0.323441629492464
0.307496843700022
0.268375557613012
0.27555340459557
0.300046292399628
0.302137025502901
0.290686810874519
0.304682265802541
0.281967006144271
0.269264371685892
0.280606851275166
0.296393401228869
0.29761215385912
0.296881575624951
0.305268075077862
0.30936537328509
0.277209830822329
0.282879387256969
0.303429845972573
0.292955980136355
0.280007575119953
0.294945711640452
0.297086945543299
0.297578486659376
0.289952865920384
0.308843531689263
0.286316808349483
0.285283225317755
0.283461829812325
0.296797407625633
0.291464523188296
0.28734365794125
0.281091658951283
0.281007490951936
0.285168756838658
0.279125494487005
0.293578823331387
0.297878124736968
0.284148640686823
0.278734954970133
0.277428667620569
0.284865752041071
0.273748842690026
0.272476222540206
0.269651544482798
0.281374463429017
0.271513340627905
0.283185758774522
0.280606851275166
0.285848834273224
0.285454928036359
0.270402323036791
0.291013382711895
0.280243245518051
0.290336671997323
0.28887214880902
0.279223129366216
0.296797407625633
0.268944533288447
0.299325814325414
0.276994360744055
0.284751283562002
0.296356367309158
0.313718542210268
0.24917178688662
0.286835283225315
0.261891254944885
0.293067081895458
0.27333136941337
0.291174985270601
0.276347950509233
0.285040821479669
0.279239962966074
0.27750273545999
0.286108071711141
0.311486406868113
0.272863395337112
0.278859523609128
0.256194764750461
0.275570238195456
0.279643969362866
0.272641191818877
0.289454591364375
0.270971298712226
0.249835030721329
0.289279521925778
0.290366972477074
0.271876946384992
0.280031142159771
0.272863395337112
0.276627388267002
0.279542967763661
0.270173386078625
0.260490699436076
0.271459473108337
0.288043935695669
0.242478747580179
0.314560222203539
0.310159919198725
0.290999915832003
0.264099823247221
0.273947479168442
0.295309317397539
0.275156131638767
0.25981062200151
0.284131807086965
0.278768622169849
0.270823163033413
0.272132817102943
0.272482955980138
0.267133237942943
0.285485228516137
0.249350223045212
0.24866004545072
0.284084673007328
0.285562663075495
0.286828549785383
0.263439946132479
0.27312936621496
0.253757259489959
0.292629408298978
0.287969867856248
0.257373116741036
0.292750610218008
0.279691103442474
0.262231293662154
0.280122043599022
0.276442218668478
0.260335830317331
0.26574951603402
0.262887804056902
0.25452487164381
0.280832421513338
0.275610638835133
0.266406026428768
0.272863395337112
0.246602979547191
0.265934685632516
0.273910445248731
0.245993603232051
0.264682265802549
0.267796481777623
0.245242824678058
0.24917178688662
0.254868277081073
0.281246528070028
0.258002693376
0.274617456443082
0.276014645231896
0.258995875768051
0.258884774008919
0.273829643969378
0.273381870212944
0.267136604662909
0.267025502903806
0.240818954633454
0.272257385741938
0.253639424290895
0.272156384142761
0.264389361164888
0.255191482198484
0.268055719215567
0.282731251578156
0.25679067418568
0.263059506775534
0.255228516118166
0.264200824846398
0.25478747580172
0.251885363184925
0.262800269337617
0.271509973907939
0.269035434727726
0.276344583789239
0.235156131638746
0.250154869118774
0.28145526470837
0.281185927110528
0.262860870297118
0.257241814662081
0.257713155458305
0.261638750946901
0.245114889319098
0.258541368571684
0.243384395252946
0.237297365541622
0.257036444743704
0.24059675111522
0.244505513003958
0.260830738153373
0.265540779395678
0.260029458799778
0.257228347782188
0.251376988468991
0.263517380691866
0.242047807423631
0.250336671997303
0.257147546502836
0.245784866593738
0.246195606430433
0.225601380355187
0.275923743792617
0.245956569312341
0.259204612406364
0.25478747580172
0.257080212103375
0.258413433212695
0.236735123306119
0.237778806497772
0.265099739079204
0.24579160003367
0.277408467300745
0.242939988216477
0.23795387593637
0.235920377072631
0.264894369160857
0.254949078360426
0.280512583115893
0.233021631175831
0.22897146704824
0.25066997727464
0.279943607440458
0.24866004545072
0.258884774008919
0.24872737985018
0.270776028953804
0.261591616867264
0.244192408046473
0.232940829896478
0.248868782089062
0.23359397357126
0.260002525039994
0.228217321774281
0.231092500631263
0.248515276491872
0.240394747916838
0.235661139634715
0.23617624779061
0.237654237858777
0.249481525124168
0.252211935022302
0.247158488342734
0.237529669219782
0.240600117835214
0.2421622759027
0.221335746149322
0.248165137614677
0.232937463176512
0.245835367393312
0.240960356872336
0.25048144095615
0.247720730578237
0.236980893864171
0.25127935358978
0.2447748506018
0.233886878208921
0.260618634795065
0.243428162612588
0.235987711472092
0.235927110512591
0.248161770894711
0.233287602053707
0.240610217995112
0.253531689251759
0.247165221782694
0.235146031478848
0.236233482030144
0.231910613584716
0.234247117246042
0.245959936032335
0.252908846056727
0.235516370675867
0.259968857840249
0.245114889319098
0.237788906657698
0.26004292567967
0.244795050921653
0.230715427994284
0.231213702550292
0.223500547092016
0.241408130628741
0.239290463765684
0.239573268243419
0.227422775860617
0.246377409308991
0.225183907078531
0.260362764077115
0.231213702550292
0.211451056308391
0.261648851106827
0.243428162612588
0.225601380355187
0.233365036613094
0.221901355104791
0.249393990404855
0.248791347529675
0.223170608534645
0.220204528238384
0.223796818449642
0.237714838818277
0.238973992088205
0.240613584715106
0.235442302836475
0.225217574278275
0.227931150576552
0.229193670566445
0.265355609797155
0.214221866846231
0.23098139887216
0.241926605504602
0.232456022220362
0.25612069691104
0.231052099991587
0.216157730830759
0.232519989899856
0.244131807086944
0.22897146704824
0.248330106893377
0.218016160255871
0.242307044861548
0.249912465280715
0.240175911118598
0.239542967763668
0.227197205622417
0.23866088713072
0.221520915747845
0.23250988973993
0.249037118087699
0.221281878629753
0.211575624947415
0.229133069606945
0.218692870970472
0.229580843363351
0.215821058833427
0.240970457032233
0.228998400808024
0.212801111017598
0.236182981230542
0.211235586230117
0.216450635468391
0.229974749600217
0.219399882164822
0.241145526470831
0.219571584883425
0.226853800185182
0.220638835114897
0.224840501641296
0.243044356535648
0.208357040653141
0.229540442723675
0.223874253009001
0.237512835619896
0.211942597424468
0.234129282046979
0.219544651123641
0.225850517633205
0.216534803467738
0.240728053194175
0.233169766854644
0.226746065146045
0.233755576129965
0.221349213029214
0.235516370675867
0.221520915747845
0.228755996969966
0.229543809443669
0.227422775860617
0.233944112448455
0.23339870381281
0.234698257722414
0.220406531436765
0.227998484976013
0.233903711808779
0.231307970709537
0.213642791010869
0.221591616867272
0.215888393232888
0.233314535813491
0.222440030300476
0.228244255534065
0.208831748169359
0.221335746149322
0.214302668125583
0.225358976517128
0.213279185253782
0.212114300143099
0.206242740510078
0.21157225822742
0.221244844710043
0.208498442892022
0.219753387761983
0.220638835114897
0.220416631596663
0.215841259153279
0.214272367645833
0.227604578739175
0.215669556434648
0.2233625115731
0.204912886120695
0.219362848245112
0.221079875431371
0.220578234155369
0.2204637656763
0.217039811463678
0.225130039558962
0.219352748085186
0.226234323710145
0.214881743960945
0.219507617203959
0.211575624947415
0.211036949751701
0.235856409393165
0.214400303004794
0.21596919451224
0.211464523188283
0.216437168588499
0.222005723423962
0.211235586230117
0.218423533372629
0.221029374631769
0.221113542631088
0.209932665600547
0.212642875178858
0.226406026428748
0.21918441208652
0.225695648514431
0.227961451056302
0.229210504166332
0.233227001094178
0.212097466543241
0.22053110007576
0.211006649271951
0.224742866762057
0.211575624947415
0.223029206295763
0.196603821227171
0.20213870886289
0.214201666526407
0.210757511993961
0.210828213113388
0.192324720141414
0.216113963471088
0.21170019358641
0.210723844794217
0.184550963723609
0.232072216143422
0.232213618382303
0.231358471509139
0.204283309485731
0.206734281626126
0.222756501977955
0.208458042252346
0.217740089218097
0.218756838649966
0.209696995202421
0.217167746822668
0.214891844120871
0.21020873663835
0.214736975002126
0.210949415032417
0.221288612069685
0.21345425469238
0.229341806245259
0.210622843195011
0.216423701708607
0.210434306876522
0.201051258311594
0.22702213618382
0.204556013803568
0.217100412423207
0.209515192323892
0.206003703391985
0.208633111690943
0.228247622254031
0.206932918104542
0.217134079622923
0.218793872569648
0.196772157225837
0.229533709283743
0.197186263782527
0.206744381786052
0.211235586230117
0.212114300143099
0.205162023398714
0.208431108492562
0.193833010689332
0.198933591448537
0.200950256712417
0.210824846393422
0.208279606093782
0.213609123811125
0.207458126420335
0.222584799259323
0.197829307297383
0.210235670398134
0.195536570995728
0.206121538591049
0.21170019358641
0.215228516118174
0.201246528070044
0.207417725780658
0.200724686474217
0.211198552310407
0.219578318323386
0.200034508879725
0.208633111690943
0.203663833010694
0.184550963723609
0.210198636478424
0.207569228179466
0.21081137951353
0.195819375473462
0.207054120023571
0.204283309485731
0.197159330022743
0.209973066240224
0.208458042252346
0.216265465869895
0.195519737395841
0.218517801531874
0.209710462082313
0.21326571837389
0.205741099234075
0.193907078528753
0.200630418314972
0.218130628734968
0.206269674269862
0.220696069354432
0.190883763992929
0.189207137446346
0.204168841006663
0.202707684538353
0.204030805487747
0.193536739331705
0.193085598855333
0.184550963723609
0.199404932244761
0.213178183654577
0.186348792189222
0.195637572594904
0.204535813483716
0.196916926184684
0.196351317229187
0.204879218920979
0.208865415369075
0.20061021799512
0.187214039222283
0.205825267233394
0.18580001683361
0.208811547849507
0.20975759616195
0.195896810032821
0.200024408719798
0.195536570995728
0.214811042841518
0.199906573520764
0.195243666358067
0.200963723592309
0.199879639760979
0.205451561316409
0.186890834104872
0.210407373116738
0.204899419240803
0.194829559801377
0.200478915916165
0.196230115310158
0.194401986364795
0.188254355693971
0.209195353926447
0.178618803131059
0.212299469741623
0.205347192997237
0.195536570995728
0.191718710546269
0.202741351738069
0.197401733860801
0.205273125157817
0.195893443312855
0.194035013887714
0.198452150492386
0.203912970288712
0.191196868950442
0.186520494907853
0.194516454843864
0.198822489689434
0.178750105210014
0.198835956569326
0.195257133237959
0.193294335493647
0.200297113037635
0.189281205285766
0.18927110512584
0.18878966416969
0.186547428667637
0.179521084083831
0.210309738237527
0.188106220015158
0.183413012372711
0.189951182560407
0.190776028953792
0.19647588586821
0.190200319838397
0.194607356283143
0.193489605252097
0.201650534466808
0.195792441713678
0.19497096204023
0.189877114720986
0.198145778974833
0.18993434896052
0.195465869876273
0.183453413012387
0.180800437673611
0.18580001683361
0.202798585977632
0.192866762057065
0.198627219930984
0.178800606009617
0.197425300900619
0.193085598855333
0.176487669388109
0.198936958168503
0.186318491709471
0.190476390876199
0.187308307381528
0.186338692029295
0.195536570995728
0.198324215133425
0.195513003955909
0.171575624947394
0.195425469236596
0.186789832505696
0.17420503324638
0.175817692113469
0.186661897146706
0.198075077855407
0.190031983839759
0.184133490446953
0.172360070701131
0.178268664253864
0.196455685548358
0.18580001683361
0.189281205285766
0.181056308391561
0.184355693965159
0.184224391886204
0.178800606009617
0.191587408467313
0.192775860617814
0.193907078528753
0.176090396431277
0.187045703223646
0.204633448362927
0.185833684033327
0.192873495497025
0.196502819627995
0.177056645063544
0.182301994781596
0.193294335493647
0.187214039222283
0.210451140476408
0.18968521168253
0.189335072805335
0.193482871812137
0.188725696490195
0.180571500715445
0.189749179362025
0.187998484976021
0.184736133322104
0.186655163706774
0.178682770810553
0.17304688157563
0.189530342563756
0.19841174985271
0.197852874337173
0.1857629829139
0.172323036781421
0.197489268580085
0.181763319585912
0.178228263614187
0.170488174396098
0.193415537412676
0.177679488258576
0.17304688157563
0.17699941082401
0.170370339197035
0.17047134079624
0.179999158320015
0.178282131133756
0.182537665179694
0.188362090733108
0.181386246948904
0.189840080801275
0.185510478915916
0.194583789243325
0.179164211766704
0.175050079959618
0.1754776533962
0.17311421597509
0.183069606935447
0.167983334736135
0.174898577560811
0.189099402407209
0.180635468394911
0.18401565524789
0.1826992677384
0.178766938809872
0.181527649187785
0.169592626883258
0.188486659372103
0.180709536234332
0.182763235417895
0.17569649019444
0.191738910866093
0.178049827455595
0.180635468394911
0.174716774682281
0.182120191903039
0.185264708357892
0.179851022641202
0.178618803131059
0.17467300732261
0.189705412002354
0.182874337177026
0.178733271610128
0.173760626209912
0.190594226075262
0.184917936200662
0.178184496254545
0.180672502314621
0.168707179530344
0.17420503324638
0.173548522851632
0.186550795387603
0.180302163117602
0.172161434222716
0.166922817944624
0.177423617540626
0.181958589344333
0.173922228768618
0.172659708778724
0.178733271610128
0.178726538170196
0.175134247958937
0.181672418146633
0.17311421597509
0.176726706506201
0.170582442555343
0.175986028112106
0.181965322784293
0.174898577560811
0.178389866172893
0.179362848245091
0.179049743287607
0.173891928288867
0.171373621749012
0.17435653564516
0.170942681592464
0.177841090817282
0.179383048564944
0.169592626883258
0.172649608618798
0.173760626209912
0.184880902280952
0.166757848665952
0.194859860281127
0.172582274219337
0.170797912633617
0.171575624947394
0.167983334736135
0.174514771483899
0.177325982661387
0.18022136183825
0.17393569564851
0.183375978453
0.170568975675451
0.182147125662823
0.180716269674264
0.172356703981166
0.182221193502244
0.161179193670563
0.167986701456101
0.169592626883258
0.167751031058003
0.171097550711238
0.17859523609124
0.181069775271453
0.164980220520164
0.168919282888652
0.174572005723434
0.170323205117427
0.184086356367317
0.17107398367142
0.177214880902284
0.173003114215987
0.172232135342142
0.181655584546775
0.178514434811888
0.172885279016924
0.167855399377174
0.172838144937316
0.168101169935198
0.168474875852212
0.17375389276998
0.16020957831833
0.166660213786713
0.176201498190409
0.171696826866423
0.183072973655413
0.172572174059439
0.172683275818542
0.170898914232822
0.167747664338037
0.175268916757858
0.172807844457537
0.174211766686312
0.164202508206387
0.168589344331281
0.171036949751709
0.172861711977106
0.175975927952209
0.162455180540377
0.192307886541556
0.18114720983084
0.158250147294012
0.170568975675451
0.168168504334659
0.165303425637575
0.166757848665952
0.164118340207068
0.163636899250918
0.159297197205632
0.156405184748763
0.169175153606602
0.162576382459406
0.166475044188218
0.169835030721316
0.178006060095953
0.167410992340706
0.166673680666605
0.166424543388615
0.170491541116064
0.168511909771922
0.160717953034265
0.177716522178287
0.184170524366635
0.165101422439193
0.160808854473544
0.176238532110091
0.166569312347463
0.15520999915833
0.171212019190307
0.165017254439874
0.172333136941347
0.159468899924264
0.17355862301153
0.16415537412675
0.165458294756348
0.16542799427657
0.171053783351567
0.156159414190739
0.188180287854578
0.173575456611417
0.169010184327931
0.166131638750954
0.15976517128189
0.17699941082401
0.173565356451491
0.169272788485813
0.161650534466816
0.172228768622176
0.168033835535738
0.162775018937793
0.16212187526304
0.168168504334659
0.177810790337531
0.176376567629006
0.155792441713658
0.157496002020025
0.158149145694807
0.163636899250918
0.162899587576817
0.166427910108581
0.16613500547092
0.156176247790597
0.1564523188284
0.162084841343329
0.17129955390962
0.167037286423721
0.155667873074663
0.164158740846744
0.15756670313948
0.171195185590449
0.15890665768876
0.165101422439193
0.167693796818469
0.159627135763003
0.165104789159159
0.162108408383148
0.159472266644229
0.159468899924264
0.166131638750954
0.164922986280629
0.159553067923582
0.158263614173904
0.171339954549296
0.158054877535562
0.154832926521351
0.164771483881822
0.15625704906995
0.156007911791932
0.161529332547786
0.168599444491207
0.160276912717791
0.175861459473111
0.149829980641357
0.157102095783188
0.166592879387252
0.160818954633442
0.162411413180706
0.158428583452576
0.173740425890088
0.151742277586067
0.15756670313948
0.157711472098327
0.170579075835377
0.161350896389195
0.171107650871136
0.157196363942433
0.159553067923582
0.15756670313948
0.155900176752795
0.156159414190739
0.149227337766177
0.158263614173904
0.164643548522861
0.160455348876354
0.166246107230052
0.148988300648114
0.158290547933689
0.155004629239983
0.158795555929629
0.160492382796065
0.142534298459736
0.161047891591636
0.152594057739265
0.153903711808766
0.160132143758943
0.174013130207896
0.14800521841596
0.167363858261098
0.155677973234589
0.165946469152431
0.165858934433146
0.155738574194089
0.151247369750024
0.160556350475559
0.16432034340545
0.144857335241142
0.172107566703147
0.157034761383727
0.158347782173223
0.153846477569232
0.148887299048909
0.160492382796065
0.149782846561749
0.164855651881169
0.154152849086785
0.156018011951858
0.161034424711744
0.159307297365558
0.154055214207574
0.160034508879733
0.159468899924264
0.1676399292989
0.148328423533371
0.149271105125848
0.152620991499049
0.160394747916854
0.151139634710887
0.15432118508545
0.155273966837825
0.140951940072398
0.149829980641357
0.164340543725274
0.157940409056494
0.155890076592897
0.154681424122543
0.146735964986107
0.148840164969272
0.148301489773587
0.154661223802719
0.155115730999086
0.148887299048909
0.158610386331134
0.150082484639341
0.165811800353509
0.1455508795556
0.148580927531356
0.152870128777039
0.153671408130634
0.149597676963225
0.155422102516638
0.159960441040312
0.145453244676389
0.148931066408551
0.144712566282294
0.157290632101677
0.147708947058334
0.147449709620417
0.150799595993618
0.15517296523862
0.152058749263546
0.152095783183228
0.159872906321027
0.14405942260754
0.165135089638937
0.153664674690702
0.165374126757001
0.146338692029303
0.154725191482214
0.15278596077772
0.149183570406535
0.16021631175829
0.157802373537578
0.155250399798007
0.15231125326153
0.153159666694734
0.151230536150166
0.138689504250493
0.154755491961964
0.140951940072398
0.146207389950348
0.14465533204276
0.145042504839665
0.14775608113797
0.155075330359409
0.148830064809374
0.147224139382217
0.151944280784448
0.153637740930918
0.148052352495597
0.150132985438944
0.142887804056897
0.155789074993692
0.155677973234589
0.151459473108332
0.136326066829412
0.151378671828979
0.143702550290385
0.150715427994271
0.152890329096891
0.14928457200574
0.149914148640704
0.153812810369516
0.15256712397948
0.155193165558472
0.14227506102182
0.149355273125167
0.151365204949087
0.152570490699446
0.146830233145351
0.145699015234413
0.146301658109593
0.152526723339804
0.148988300648114
0.149442807844451
0.149183570406535
0.142793535897653
0.14794461745646
0.148146620654842
0.145274808517797
0.141827287265386
0.156354683949161
0.144385994444917
0.154977695480198
0.146645063546856
0.153132732934949
0.147065903543478
0.143702550290385
0.135901860112796
0.146786465785709
0.147456443060349
0.137595320259237
0.147644979378839
0.146581095867361
0.148658362090742
0.146641696826862
0.161633700866929
0.136036528911717
0.148944533288443
0.143099907415206
0.144066156047472
0.140096793199234
0.142517464859878
0.149614510563083
0.148415958252684
0.144712566282294
0.149378840164985
0.142631933338947
0.1457764497938
0.143059506775529
0.142655500378766
0.146803299385567
0.146725864826209
0.152950930056392
0.1431638750947
0.145116572679086
0.145352243077184
0.150661560474703
0.150338355357292
0.143823752209414
0.146789832505675
0.136255365709957
0.150149819038802
0.148237522094121
0.143480346772151
0.151102600791177
0.139760121201931
0.146173722750603
0.148331790253366
0.148277922733797
0.143005639255961
0.144709199562328
0.137868024577074
0.144157057486751
0.136682939146539
0.142069691103444
0.15122043599024
0.140214628398297
0.142490531100094
0.129542126083663
0.142870970457039
0.147247706422036
0.144591364363265
0.128801447689597
0.145453244676389
0.141069775271461
0.141827287265386
0.146311758269519
0.140123726959018
0.144806834441539
0.131255786549957
0.144564430603481
0.142887804056897
0.149362006565099
0.137672754818624
0.146490194428083
0.143099907415206
0.152775860617794
0.128936116488518
0.138746738490028
0.143120107735058
0.142924837976608
0.149900681760812
0.139739920882079
0.135736890834124
0.143689083410493
0.151025166231818
0.149873748001028
0.138251830653985
0.136861375305102
0.143288443733695
0.134757175321937
0.148325056813405
0.14924080464607
0.145406110596753
0.132757343657943
0.139036276407722
0.148284656173729
0.148018685295852
0.138591869371282
0.137726622338192
0.135625789074993
0.147476643380202
0.148850265129198
0.140571500715424
0.142544398619663
0.138652470330783
0.14093510647254
0.138332631933338
0.141702718626391
0.138362932413116
0.134514771483879
0.134518138203873
0.14854726033164
0.129387256964918
0.137221614342224
0.135097214039234
0.139874589681
0.1372620149819
0.133349886373196
0.142160592542723
0.134986112280131
0.13067334399463
0.136480935948157
0.141211177510314
0.142029290463768
0.133952529248376
0.132710209578335
0.130680077434562
0.149399040484809
0.1372620149819
0.137507785539952
0.14188452150492
0.134609039643124
0.139440282804486
0.143005639255961
0.131255786549957
0.136251998989991
0.134346435485242
0.141261678309917
0.136524703307799
0.144355693965167
0.13334651965323
0.138891507448875
0.146577729147396
0.131956064304347
0.151143001430853
0.132141233902871
0.133763992929886
0.142335661981321
0.132801111017585
0.126097971551218
0.138820806329448
0.134922144600637
0.147399208820815
0.137952192576392
0.13592879387258
0.134726874842187
0.136440535308481
0.126380776028952
0.143514013971895
0.129128019526974
0.137581853379345
0.141914821984699
0.129313189125497
0.131238952950099
0.130942681592472
0.149264371685888
0.129296355525639
0.133673091490635
0.132935779816535
0.1239129702887
0.140827371433375
0.126431276828555
0.13461913980305
0.134723508122221
0.125902701792796
0.1372620149819
0.131828128945386
0.145813483713511
0.133878461408983
0.132265802541895
0.136100496591212
0.138046460735637
0.132107566703155
0.126202339870389
0.12630670818956
0.141315545829485
0.140221361838229
0.125518895715857
0.138410066492725
0.141086608871319
0.127303257301577
0.13483797660129
0.135831158993369
0.137635720898913
0.126912717784705
0.135975927952188
0.135181382038553
0.139978958000171
0.133110849255132
0.122929888056575
0.13111775103107
0.135215049238298
0.125690598434488
0.126953118424382
0.134356535645168
0.124636815082908
0.130457873916356
0.135868192913051
0.130939314872506
0.136353000589196
0.130535308475714
0.13968605336251
0.128181971214559
0.137979126336177
0.116667788906653
0.124983587240138
0.128700446090392
0.123798501809631
0.135750357714016
0.13067334399463
0.134467637404271
0.129191987206468
0.127751031058011
0.124421345004635
0.131733860786142
0.135211682518303
0.129336756165316
0.124141907246866
0.131407288948736
0.125906068512762
0.137814157057505
0.13503324635974
0.118613753051108
0.123364194933089
0.128151670734781
0.134518138203873
0.12630670818956
0.130138035518911
0.123192492214457
0.135588755155311
0.123542631091652
0.125118256039059
0.141140476390888
0.127259489941935
0.129350223045208
0.129454591364379
0.137258648261934
0.12563673091492
0.134444070364452
0.128862048649097
0.129282888645747
0.123936537328518
0.131932497264557
0.130939314872506
0.125293325477656
0.128532110091754
0.128330106893372
0.120882922312944
0.121946805824422
0.116324383469419
0.118842690009274
0.129202087366394
0.132370170861037
0.131972897904234
0.123788401649705
0.127145021462837
0.12763992929888
0.124104873327155
0.12149566534805
0.122653817018772
0.123542631091652
0.125794966753659
0.134908677720745
0.123418062452657
0.129165053446684
0.123727800690176
0.122515781499885
0.129518559043845
0.12525292483798
0.124687315882511
0.121946805824422
0.135854726033159
0.118041410655678
0.142325561821394
0.125498695396004
0.123071290295428
0.125397693796828
0.127713997138301
0.124815251241472
0.116667788906653
0.124633448362943
0.125111522599127
0.120738153354097
0.124152007406792
0.12257301573942
0.132174901102616
0.128720646410244
0.129595993603232
0.126912717784705
0.12398030468816
0.127097887383229
0.130565608955493
0.117031394663769
0.134036697247723
0.119623769043017
0.117937042336507
0.118324215133413
0.125225991078196
0.125865667873086
0.122674017338625
0.124549280363624
0.123078023735388
0.114405353084777
0.119657436242761
0.121569733187442
0.127441292820464
0.133538422691686
0.122596582779238
0.115230199478162
0.124239542126105
0.134885110680926
0.124502146283987
0.119549701203596
0.121640434306897
0.12588586819291
0.123936537328518
0.117617203939062
0.117421934180641
0.121785203265716
0.116108913391145
0.125959936032331
0.12022304519823
0.117044861543661
0.128639845130891
0.115876609712984
0.122246443902043
0.121350896389202
0.126475044188197
0.120482282636146
0.118997559128019
0.118270347613844
0.127666863058664
0.119462166484311
0.125596330275243
0.12519232387848
0.118670987290642
0.122212776702298
0.124798417641614
0.119213029206293
0.128643211850857
0.120940156552479
0.128559043851538
0.121408130628737
0.125528995875783
0.116731756586148
0.136140897230888
0.118805656089563
0.119920040400643
0.113358303173129
0.118771988889819
0.118748421850029
0.118149145694815
0.120000841679996
0.11588670987291
0.11492382796061
0.118384816092941
0.116324383469419
0.115964144432297
0.115755407793955
0.123189125494491
0.119845972561251
0.117192997222475
0.113711808770319
0.119260163285929
0.120758353673949
0.122872653817012
0.117364699941078
0.116762057065898
0.12082568807341
0.116799090985609
0.120465449036288
0.116108913391145
0.122566282299488
0.121610133827119
0.116297449709634
0.121946805824422
0.118923491288626
0.11776870633787
0.117132396262946
0.120239878798088
0.124037538927695
0.11971130376233
0.116576887467403
0.126912717784705
0.121549532867618
0.111419072468664
0.117007827623951
0.119623769043017
0.125360659877117
0.105739415874098
0.116364784109095
0.11677552394579
0.120300479757617
0.118145778974849
0.118543051931653
0.106954801784383
0.115704906994381
0.113947479168417
0.114193249726469
0.12005807591953
0.113459304772334
0.115146031478844
0.117536402659709
0.119549701203596
0.118559885531539
0.111536907667698
0.119448699604419
0.108375557613016
0.133827960609381
0.118122211935031
0.112812894537512
0.116169514350645
0.114566955643483
0.119465533204277
0.112674859018597
0.119317397525464
0.119142328086866
0.113331369413345
0.112759027017944
0.116852958505177
0.117277165221793
0.116610554667119
0.117526302499783
0.119337597845316
0.116310916589526
0.11958336840334
0.104227758606186
0.114873327161007
0.112277586061794
0.121690935106471
0.120303846477583
0.110728894874171
0.116055045871576
0.117873074657012
0.117600370339204
0.110267654237873
0.116193081390463
0.117852874337189
0.115472603316221
0.108570827371437
0.120334146957333
0.116425385068595
0.121788569985711
0.113681508290568
0.117075162023411
0.112136183822912
0.106446427068448
0.115415369076686
0.110678394074569
0.10709283730327
0.113711808770319
0.117246864742043
0.109287938725714
0.116004545071974
0.116267149229884
0.116257049069958
0.115539937715681
0.115863142833092
0.115115730999094
0.113849844289206
0.109170103526651
0.115183065398554
0.118098644895213
0.110574025755426
0.110897230872837
0.121812137025501
0.109968016160252
0.110476390876187
0.105833684033342
0.111563841427483
0.118933591448553
0.112984597256144
0.112210251662333
0.119580001683374
0.110456190556363
0.111560474707517
0.112213618382299
0.108671828970643
0.113129366214963
0.111594141907261
0.113088965575287
0.112550290379602
0.111166568470679
0.105197373958418
0.107045703223633
0.115462503156294
0.110351822237192
0.115348034677226
0.11515613163877
0.116041578991684
0.107887383216905
0.118556518811545
0.116570154027443
0.110920797912627
0.112139550542878
0.108298123053629
0.106722498106222
0.11388351148895
0.103992088208059
0.111446006228448
0.109890581600894
0.115980978032155
0.113156299974747
0.105456611396363
0.106072721151435
0.100699436074422
0.112526723339784
0.107416042420681
0.110469657436255
0.110974665432224
0.105402743876795
0.10268916757849
0.113422270852624
0.10992424880061
0.113095699015247
0.104241225486078
0.119182728726543
0.102743035098058
0.108338523693305
0.104251325646004
0.111809611985535
0.106924501304604
0.110597592795216
0.113681508290568
0.111419072468664
0.112678225738591
0.108958000168343
0.110574025755426
0.109543809443664
0.107954717616366
0.107230872822157
0.109432707684533
0.109715512162296
0.11560053867521
0.107220772662231
0.108160087534714
0.1055643464355
0.111351738069203
0.116607187947153
0.109085935527332
0.105591280195284
0.114001346687985
0.112190051342481
0.105890918272877
0.10820048817439
0.103517380691869
0.105685548354529
0.110021883679821
0.109597676963233
0.109099402407224
0.105702381954387
0.104241225486078
0.104692365962478
0.104419661644641
0.103992088208059
0.107045703223633
0.11193418062453
0.107001935863991
0.108937799848519
0.107008669303951
0.100699436074422
0.107338607861294
0.106348792189209
0.105234407878129
0.112038548943701
0.102180792862555
0.100598434475216
0.108702129450393
0.102352495581187
0.10269590101845
0.108459725612335
0.110752461913989
0.105803383553592
0.102931571416548
0.102743035098058
0.105321942597442
0.106355525629169
0.103547681171619
0.105052604999599
0.103817018769462
0.108490026092085
0.100595067755251
0.108654995370756
0.113378503492982
0.1055643464355
0.107941250736474
0.100618634795069
0.107675279858597
0.107459809780323
0.109651544482801
0.103941587408485
0.107271273461834
0.10708610386331
0.105638414274893
0.10900513424798
0.105318575877448
0.102813736217485
0.100699436074422
0.0970970457032365
0.106439693628488
0.096955643464355
0.109412507364709
0.101164043430686
0.112984597256144
0.101638750946904
0.105749516034024
0.1057899166737
0.104301826445607
0.104258059085936
0.106480094268164
0.10537581011701
0.104796734281621
0.104221025166225
0.102780069017768
0.11231798670147
0.102497264540034
0.105072805319423
0.102352495581187
0.104981903880145
0.0991608450467254
0.10976601296187
0.105793283393666
0.0992820469657545
0.102894537496837
0.103618382291074
0.100197794798419
0.10276323541791
0.102921471256622
0.104025755407804
0.101325645989391
0.0985144348119036
0.110388856156902
0.102325561821402
0.102211093342305
0.0996153522430916
0.100611901355109
0.107416042420681
0.106560895547517
0.102702634458382
0.106725864826188
0.10935190640518
0.102473697500216
0.10409645652723
0.106284824509743
0.108143253934855
0.0976862216985239
0.101150576550793
0.100850938473201
0.10074657015403
0.0971778469825892
0.0984538338523748
0.10161181718712
0.0997028869623762
0.101621917347046
0.10409645652723
0.100255029037953
0.103237942934101
0.0935619897315121
0.0998981567208261
0.104126757006981
0.0972418146620839
0.108503492971977
0.0977064220183479
0.105234407878129
0.0979387256965083
0.10421765844626
0.0958277922733828
0.102349128861221
0.106224223550214
0.0992719468058283
0.102204359902373
0.105806750273558
0.104072889487412
0.0983292652133798
0.0992012456864018
0.105874084673019
0.103709283730325
0.102032657183742
0.095056813399566
0.106877367224996
0.105927952192587
0.0984134332126985
0.104975170440213
0.0970701119434523
0.10075330359399
0.0989824088881619
0.105746149314029
0.0999419240804684
0.106342058749277
0.1053993771568
0.103992088208059
0.097487585220108
0.0950635468394978
0.102601632859205
0.100756670313956
0.0962923996296752
0.0964573689083466
0.102248127262015
0.094646073562842
0.0955618213955063
0.100810537833524
0.0995446511236366
0.0988241730494224
0.103413012372698
0.0990127093679121
0.101376146788994
0.0980969615352194
0.102631933338955
0.0932758185338116
0.0960398956316908
0.0986120696911144
0.097807423617553
0.0986289032909724
0.0977131554583082
0.0944878377241025
0.102921471256622
0.0973226159414367
0.0967974076256155
0.0916193923070523
0.107806581937552
0.101477148388199
0.102402996380789
0.098447100412443
0.100288696237698
0.0966122380271202
0.100524366635824
0.103534214291727
0.0941612658867257
0.0975481861796084
0.0990766770474067
0.0922759027018003
0.104076256207406
0.0976592879387397
0.103002272536003
0.0992046124063677
0.104577897483381
0.0968378082652919
0.0928852790169117
0.0995042504839603
0.0933734534130224
0.100850938473201
0.0968883090648944
0.097699688578416
0.103392812052874
0.0979757596161903
0.0868352832253265
0.09157562494741
0.101150576550793
0.100157394158742
0.0963125999494991
0.0962216985102202
0.0985009679320115
0.0974034172207894
0.0958446258732408
0.0981811295345665
0.09290884605673
0.0961038633111855
0.0959759279521961
0.0955247874757958
0.100729736554172
0.0897508627220134
0.102379429340971
0.0976390876188873
0.0920368655837081
0.0990127093679121
0.0946090396431316
0.100931739752554
0.0917675279858656
0.0942252335661919
0.0977131554583082
0.0916193923070523
0.0994200824846416
0.0953800185169769
0.0968075077855417
0.0964573689083466
0.0960971298712252
0.096938809864497
0.0953126841175163
0.0987568386499618
0.0926058412591715
0.0921681676626633
0.0978983250568319
0.092676542378598
0.0956123221951088
0.0917506943860076
0.0973192492214423
0.0929290463765824
0.0999452908004344
0.0938043935695703
0.0994638498442839
0.100059759279532
0.0990834104873386
0.0938245938894227
0.0951409813988846
0.0979892264960824
0.102466964060284
0.0930906489352878
0.0906161097550751
0.0883772409729886
0.095642622674859
0.0921648009426974
0.0914510563083866
0.0917506943860076
0.093760626209928
0.0922759027018003
0.0927337766181324
0.0978747580170136
0.092676542378598
0.0904814409561538
0.0991541116067651
0.0799941082400437
0.0940602642875206
0.0942757343657945
0.0972249810621975
0.0870978873832371
0.0989992424880199
0.0854751283561939
0.100837471593309
0.09290884605673
0.0930401481356853
0.0973394495412947
0.0885556771315521
0.0981104284151115
0.0921075667031346
0.0903737059170169
0.0936057570911544
0.0942656342058683
0.0932556182139592
0.0931344162949301
0.0907171113542802
0.0973562831411527
0.0920570659035604
0.0920267654237819
0.0894949920040347
0.0991103442471228
0.0945349718037392
0.0899090985607245
0.0904713407962277
0.0956022220351826
0.0944609039643183
0.0968883090648944
0.0880607692955095
0.0906565103947514
0.0970499116235999
0.0912187526302546
0.0913029206295732
0.0944407036444943
0.0876197289790355
0.0919223971046392
0.0958749263530194
0.091238952950107
0.0935720898914383
0.0858589344331335
0.0883705075330568
0.0854481945964096
0.0953598181971245
0.0870877872233109
0.0909965491120488
0.0922759027018003
0.0884782425721937
0.0943329686053573
0.0932118508543169
0.094009763487918
0.0843068765255452
0.0957402575540982
0.0856434643548596
0.0902962713576301
0.0907608787139225
0.0886937126504677
0.0871416547428794
0.0973394495412947
0.0840779395673792
0.0961072300311514
0.0895589596835293
0.0908551468731673
0.0897777964817976
0.0959085935527355
0.0870608534635267
0.0884243750526252
0.0949625452402927
0.094736975002121
0.0984066997727666
0.0893569564851475
0.0870204528238503
0.0921614342227031
0.0839533709283842
0.0909864489521226
0.0905016412760062
0.0800446090396463
0.0977367224981265
0.0903737059170169
0.0931411497348904
0.0896397609628821
0.0903501388771986
0.0927775439777747
0.0843843110849321
0.087973234576225
0.0878284656173776
0.0847782173217695
0.080462082316302
0.0935788233313701
0.0870776870633847
0.094774008921803
0.087225822742198
0.0872224560222321
0.0829231546166227
0.0859330022725544
0.0929021126167981
0.0918112953455079
0.0877678646578772
0.0808963891928443
0.0814754650282055
0.0908888140728834
0.0989386415284912
0.0803543472771651
0.0883301068933804
0.0809300563925603
0.0972451813820499
0.0917271273461893
0.084811884521514
0.0853034256375906
0.0893468563252213
0.0906632438347117
0.0884412086524833
0.0813205959094319
0.0950399797996795
0.0825629155795014
0.0870574867435607
0.0827043178183828
0.0914207558286364
0.0871820553825557
0.090848413433207
0.0900740678394243
0.0879126336166962
0.0912456863900388
0.0814350643885291
0.0828793872569804
0.0841082400471294
0.0917372275061155
0.0843270768453976
0.0888889824088892
0.0912894537496811
0.0873907920208694
0.0948447100412579
0.0826672838986724
0.083818702129463
0.0815596330275241
0.0785598855315186
0.085044188199646
0.0861013382711917
0.0789201245686399
0.0886903459304733
0.0882392054541015
0.0889428499284577
0.0868420166652584
0.0838557360491734
0.0840173386078789
0.0848421850012642
0.0862023398703968
0.0835863984513026
0.0821993098224141
0.0823777459809776
0.082394579580864
0.0813643632691026
0.0833305277333523
0.0860643043514813
0.0830376230957199
0.0827952192576333
0.0776980052184229
0.0841789411665843
0.0838826698089576
0.0870574867435607
0.0791894621664824
0.0856501977948199
0.0821622759027036
0.0832732934938178
0.0849835872401457
0.086993519064066
0.0896094604831319
0.0808930224728499
0.0807482535140309
0.0823710125410457
0.0883200067334542
0.0846132480430981
0.0799772746401857
0.0814350643885291
0.0842328086861528
0.0812734618298236
0.0849061526807589
0.0852226243582379
0.0886196448110468
0.0845088797239271
0.077708105378349
0.090262604157914
0.079149061526806
