1213.67584401065
-348.063558601593
-210.663571855811
-208.04933657983
-340.879427564123
28.2178929317658
-125.78542402939
1389.93518361098
816.840509122076
-242.876439443804
210.309946076179
1148.27446767304
1386.43243502562
-113.993431224524
3.56311430443241
639.539859547514
46.0948224006255
89.2303373333758
-45.604138983019
62.3653569244139
74.0528554133388
-387.334140403588
289.010686767908
284.369398938666
-38.4325244634342
828.519881000947
-78.7561245703018
1328.88952722535
256.27447327825
381.559459146549
115.023628071463
-24.8152604121705
1195.04207796246
1527.78907271263
-82.9298440439225
-196.624707625587
-57.3650237497353
-108.396416425064
86.3478365581567
-152.387785345871
325.459733871379
43.8837244248637
110.826349703717
260.435827366203
-123.998398936035
136.713349149712
-116.734798831163
965.78161413155
-124.934799974729
-320.316820539703
-84.9417543247512
-108.008160250032
327.613789197265
-263.533794021877
-49.4109528905209
715.672958873165
-42.2955102272254
20.277921861618
1020.41129106311
1176.39613223953
871.403676305511
-114.155008911508
1122.94777500569
1242.23815633325
-37.923727385088
-132.008702936152
1315.97121498509
300.405351972405
72.2638368538838
120.605710217925
159.26148956192
411.711041310054
224.48570226332
100.951808312463
-16.0555184751379
-49.4867584037149
57.6835177049659
879.038214572523
-43.3177203971283
-9.04447989976358
193.459664907659
303.299048541101
-91.5727494244849
-281.896715016523
-207.204698859539
-222.175573846824
-129.804959889235
1074.82535438555
-29.2974093342906
239.150044382022
1188.93788201594
1265.78765565746
967.287151516248
-136.195422176613
1135.78400636253
-83.9154574533725
67.5858811250966
469.752221216462
15.8639710291834
-32.650334486129
116.596227644577
939.512554137853
940.878518696949
992.249981681192
-208.927142564278
122.666590890228
59.564008547843
-386.29441602748
-44.2536071613681
1148.50974208372
1060.4128845615
1382.38147334671
-121.336416962583
247.989757490562
-18.36177451613
-500.129646179247
-201.488971904364
783.696012697751
457.547725165649
164.028928553829
-330.049138247452
-91.3174123854836
-70.469604304055
-55.5391633756063
1069.8407405693
766.507754192718
-284.55230081489
354.347878086474
1033.81200111049
-89.3249444856412
-144.417621980009
112.980775149697
364.806669738345
-136.040508762289
-254.801397663431
-306.578202643012
27.7960657987704
-311.760222209837
-267.025286579032
129.843507246831
-131.342180655119
-99.1618647552723
148.589801370855
-141.101575732576
144.397189700248
-19.8130143945915
844.013137744099
819.158752039967
125.928052198582
1105.70122741014
-294.149966339559
933.259839849136
-196.745748023285
-14.6785805075486
1255.29240537589
-45.8301208605486
36.6388872296017
-50.6863944065795
-450.174000720099
3.68036062149064
199.877088045576
54.8114315225301
454.302200458558
65.0273221821204
-143.440477398025
977.041784588548
32.5083331311737
1264.80054287877
-249.842222588182
-72.3544548313955
185.535862849613
28.8330735445013
1.09032244802975
1005.85425115381
995.996954536587
750.528928416151
47.2963169204759
3.01111744768937
335.003689227257
-137.801901052814
1.89389990596567
1385.48426758005
206.587227842938
-93.1986329313046
-131.699530698623
425.760731790534
-29.8540282814034
-323.2544627679
837.059969238954
673.020843776916
-25.4433136697561
201.628061717296
130.47391014647
324.965827257951
21.989291106823
36.2818410384801
-155.986965210972
29.0096521133554
880.542775022052
-97.6105219182516
976.563940915668
-681.750852037656
231.398926309982
116.763556146419
1370.57353493266
-309.336415325891
-250.999029992767
23.6098719701958
193.74983909144
-59.830522699131
1223.22975022628
59.1219157536297
1046.95162886201
1257.53075334788
-274.030377322843
1702.88995464357
332.158943731068
-322.830009023915
-124.925322467674
-52.7005611825488
909.410339457334
-202.026965791081
-179.37794640371
-177.795394014498
945.450824698549
1291.75332963773
-77.2892735048692
1305.71956785958
-490.826350998142
313.2481947441
-151.49090237159
-230.335066989874
28.1706735551079
211.18035909355
736.870251728285
643.745007369362
-94.6903940484222
892.281405167805
196.022898868612
-222.453101157501
944.925565221424
-358.795656434331
931.653549907396
-171.970118921226
182.388494135878
884.037493702209
-76.2743054690175
1043.11775550837
-14.8735839416585
0.12965633694165
14.0125087275398
614.958344976909
-60.0192598364642
-76.8272967378375
659.165432199328
-42.7180613862641
1283.36404757087
1412.77639490916
96.1706630824655
1142.78554721611
22.8860996400297
27.5758760188947
52.553524002975
251.934849980241
-82.3124491316377
-98.2724008499444
-121.749125069178
-176.244485211653
1108.12938190886
729.534708779335
93.1457434033672
54.5948599297775
211.538015011094
264.979965277725
-214.83189361599
68.4746250050869
-142.099502227993
-170.324177427306
-279.386508335976
1393.5666067781
-160.29444543904
-51.8217880084828
151.142866425869
-24.6499024744322
236.06788636967
-191.773570739441
409.973601697374
1505.08784609102
311.578223270788
4.85758843980457
337.56952329402
793.159040352272
7.19988676733735
137.850044342068
-304.456349262219
1178.51317359857
201.362238484423
381.288157907265
1273.58939820727
88.83224363483
-296.754286768339
-335.182278287861
771.651694744627
10.5329021871364
-90.8361834365193
-49.8563832790967
152.343934390467
-62.7518675554309
41.1362628239443
-171.106534360747
109.324027458972
277.559886347629
80.110312911223
1190.57772284945
190.197188445811
-454.474488591939
847.031117030076
1213.49305971331
158.732961649497
93.7828008966564
-252.732603441552
135.051599055971
-66.9092133401356
226.868102530013
1171.13632953571
-47.3919562220971
-236.72729616904
1329.06599100831
281.11613091008
-207.448204173332
-170.16916317294
15.671921846863
-143.319442906244
-54.3276476996883
-336.497255967389
1021.68615138981
-102.422972298205
549.832188542758
-30.1984901195443
-252.276002136632
1368.45608831569
-163.520418885433
915.252354155034
-312.627601585044
-30.1577120547564
110.768282670519
-55.5455113664477
1019.67857637038
283.763271143255
-304.108360278687
204.509494331948
-316.089840808148
276.060685691844
-47.8084460267594
-253.898307364528
-185.354959480175
-360.909934223453
69.0703772135199
-204.682184832345
-135.133315944517
-212.898711247346
1242.60224459721
-2.33536166735948
-33.0292655343683
1230.65821375018
-261.776759956112
888.324130633633
784.413320638256
273.953148213124
859.007797320882
-352.722487035936
50.0750373857602
1511.23939007769
172.261276483728
407.018022638759
196.774352006197
-407.734154703658
72.362193361699
-211.876127878479
463.081947049637
968.761510415515
69.8959326922912
-186.207283025554
1440.03632091812
-436.546282541974
-126.734378501075
-187.080418312651
783.958300930891
-105.276277840764
-347.314675368021
-295.383699656553
-159.28108629928
1255.34202216771
125.598999055975
-76.3758659573774
1280.26883255322
1308.00152074311
1026.11155207342
-65.3986774894798
-399.469649838065
-313.65704230774
246.59242435931
-114.504719359949
28.1589032545168
130.353836718357
85.3233527585823
927.746254974991
162.503673179865
-75.7369329452916
-121.927393536536
1115.49823840239
231.738212198917
-65.4791907523912
212.174740069148
325.898710840652
78.5456268404582
1239.26286271361
155.216837192833
232.201040557702
-326.079955345022
-19.6174301461468
-20.1702820335126
-85.0303692436911
496.649398606739
-82.818212350041
47.7762308468578
83.7868183407129
85.7453433136331
75.0163890873879
-250.144482084909
-138.364256122528
-240.863524453664
1017.98502227139
-320.082241295953
482.860528572728
477.082943954707
220.141768354204
88.6612988076585
103.926344887547
959.568081612546
-422.654206534812
308.602387526584
-53.5454900631679
280.694829701537
951.117822086237
359.859054794088
127.596448936853
-397.103742320771
-46.3186048965307
-333.143653136365
-249.106612931418
-324.37216024475
101.688922342487
-360.143178528783
-265.739008820092
432.706298302493
65.4385869016263
7.49676042485732
71.1712192737157
-198.753871780574
656.953537844685
-33.8858613177471
847.986111438425
933.596361377367
-10.7455641712017
-248.433752002642
734.443433128861
128.586662672449
-299.957856195903
1118.58257288187
130.370217830411
41.3097557837484
1105.09219785431
-459.430917957198
-162.426326075882
-153.313885797418
-84.6568538690383
672.480429739595
173.020177104139
-160.67646413174
122.697140779177
165.593120095885
-15.6959726111559
164.153395721921
-131.43561103826
814.258761298892
61.8291386721963
-104.895552493146
1052.09197137867
-210.265960389938
-292.873487144751
185.548153011082
304.596124475699
-115.032544163764
1212.04732828005
33.1340976464553
1036.65248817163
-146.080716566824
1211.1931579522
289.175550132079
0.129830538035876
467.047856930063
-97.213467623086
962.347742392692
169.571987297846
37.4456266872525
335.03690184331
-226.510742311895
1240.75047334353
-84.4340668025052
1101.08211760302
-53.6286117798918
28.2381449978949
859.634862911367
-91.4359310874825
1133.36700526732
1627.03156955788
50.829711050354
149.36717081687
-219.17737431914
-187.455952740228
-154.222425857211
-240.849223582454
109.082182235553
-231.300521994022
-9.98348386506184
-9.20697233769658
146.824739739546
-274.250840771017
111.856689472381
227.375894008375
35.969431744024
1381.81022736795
-104.070769187567
96.9505797937884
1229.5473469885
900.792086962947
-289.308893743422
-58.1756180498056
-102.835675389796
131.629805241527
-560.918598858961
-86.8100499771473
-33.0970523613319
-311.267928654166
