12.8149342214596
10.0365325607059
10.0519159856015
13.3387604908427
7.73579922915273
12.388369187654
9.98380514144949
6.30224145646918
10.0008353412884
7.39454953532292
10.0060873003664
14.7741307070987
13.5232766914075
13.1955521029711
14.8847540226116
5.88491649485835
10.0821966035881
6.23660689698998
5.11944141637861
9.99364336706788
9.97226722167429
6.69979430393601
7.67282739029597
5.05813362935327
7.92010125997689
10.0138573566532
5.08355463042509
5.14828739771554
14.8307564096251
8.16962813786344
10.1663402508084
9.97893637604887
8.27567606437514
7.27448221807173
9.97725777479177
9.98622266002501
14.9641585076917
10.1219176622788
6.75815265168616
14.8693255926597
5.01291095441978
11.6126346683599
10.0315386789301
14.8394003711275
14.7409600103865
14.6810247483617
14.8026301166848
6.83069790468224
14.9791336387303
5.78921588577361
10.2477499864605
10.0325635025068
10.0478042135285
9.99749550292309
10.0913116808612
12.9356689227575
10.058177484278
10.0364890534551
8.00197462403329
10.002105603073
5.19263205080886
14.8035311647027
10.0236692322452
13.7392779154662
6.92870393863395
5.13511882980148
13.2064151247188
6.48953168203158
5.16120843247207
14.9766702168156
11.7184765176689
6.26359722776445
12.5853468606214
7.7001357373909
14.8995545994596
10.1998383284721
5.19089404096277
9.97336239903039
13.0430782166959
10.0682622488868
13.0506862206644
14.6496055216113
13.7148419810846
13.7253558288906
5.19723275693442
12.9979531799361
5.19796934903791
9.99898041246778
9.98011525976703
12.7658773475272
10.0816569683546
13.7979932941763
12.0924464086625
7.55399310935989
10.0811965218131
6.08500392337033
10.1150955985969
5.50695526206489
13.1348261688668
14.6617853610766
10.0110654471855
7.32502987016978
14.9116233583467
10.0430630243998
14.6563903063475
13.0785383172531
10.0337826472296
7.20150448241946
10.0148027028955
10.1806612910282
7.6184021449548
9.9901020442203
5.18430730210779
7.57609377497574
10.0014908705391
5.11456039638186
5.05010289152228
14.9034084165547
8.04204300191714
6.65050384799335
10.1076562933635
10.0759813940345
14.1565481415431
6.0203475035883
14.8963902642504
9.9688256134762
9.98142844595723
9.97126297478968
5.03991756420101
5.01782436239081
8.13857756506905
13.3023657277384
14.7032594944406
5.58151733194484
14.8382186112206
12.5769796894096
10.0109284599726
10.0525170265722
14.7068325869678
5.21460576194748
9.97409616979543
14.8227732208713
14.745106904402
10.0714043912682
10.0600616409772
14.7498204948145
10.1011833019288
10.0257873692406
10.0984264135791
5.86811523124358
5.98823384425701
13.2507119046472
10.0260888723166
12.5431474277635
12.5022585396656
10.0862865019496
10.062387544991
14.7598659054002
14.2627308932473
10.0903514002364
14.8345838084999
5.2295925224306
14.9332549825248
14.6975931485817
5.88409546152419
5.2496315652454
12.7938777765772
13.1719554072044
9.98754717255489
7.43617408314249
7.86600036715692
9.99057404780681
7.55534657446591
10.090526500975
10.0341087820814
10.0433116101131
10.0691066608731
12.6718386529979
9.99430276572014
7.04811829823976
14.709835837466
9.99013176412909
6.82965529778144
7.65946036908546
14.6685654992371
10.1595289980602
9.98418115887116
10.0150182414178
9.9958863070478
10.0292851667746
5.19252546381561
13.0496817427185
14.6239791078354
12.3948529892755
13.3782208078826
9.98729961367833
10.0196900930543
14.757796131343
9.96750502194654
10.0218001078308
5.15197596907874
10.0306915011453
9.98711246146148
6.16690769613474
14.7011088187222
13.5358780073275
10.0538558035554
9.98992355084714
10.2548226479754
13.453552746781
10.0511129237741
12.9510399332419
10.1138523610411
10.0369659883239
5.10189767513231
10.0695841742339
14.6794455454728
8.36034002280393
12.2094082255892
13.1894142828901
6.39082587641913
5.79093349258275
6.91020034072674
14.6271888289153
9.99143304305322
10.0884681025455
10.071049928604
10.1085459207632
12.3748245094865
10.0346563531372
5.15305615388864
10.0352986524854
8.75364603674606
10.0294346014733
11.1965229928846
12.1395084627148
10.1033374031996
5.1554744027303
10.1640506846346
5.27841427569164
10.0908243260164
9.97648537052839
10.0749272165475
6.76281903177782
14.7808471171461
6.52151156269962
14.6176359486097
12.674067884246
12.931461883055
13.5669902587045
14.7176798114453
5.22733018478176
14.863322630647
6.64874024887808
5.69327831102734
14.6734113408826
14.6344507969552
8.52216896027154
7.629527977427
10.0167253903091
6.31881457541519
10.0006715391778
7.31599679500508
10.1598847032436
10.085899661862
9.98478975085993
10.0043125171039
7.84168346559152
10.1646352864884
7.771226042372
12.825796180878
10.0793737624931
10.0481392491432
6.97452984963549
9.96667836287399
14.6665024885706
12.4600901162401
14.6394348922446
12.1787312527044
5.18170715605297
6.65920831628595
14.703882112223
10.0793176021776
9.9669209510613
14.7005232899718
14.7080224017643
10.0653328017145
14.6470833168505
9.98754997337548
10.0619124786735
10.1480410416006
5.07031092318588
14.994066662624
10.0228331112816
14.7296090645073
9.98494604954402
10.1210357279867
12.5312594402531
11.7474331878681
10.1359503118523
9.97817671746464
10.0919630777157
6.52570734300477
10.0114858403837
5.3436671069181
7.29618164305286
10.1199937255495
10.0131028186336
10.0030107979341
9.97894726349649
10.0181356702461
5.23256723620352
7.25631184239508
13.5066329350205
9.99907144556749
5.20641872942358
10.0905762763691
8.72282124425068
13.5650375900977
10.069504120921
11.0436966793436
10.0013659192644
10.0934209408792
9.97034186629088
5.23979780238143
9.99425983146756
10.1334948296469
9.97007398502221
12.9499863582198
13.594124132086
5.21372926756053
10.1324620856438
7.15957425428418
14.7621430742463
5.73317512511957
5.55378486891968
10.1398609242615
5.12055463131255
10.005691611104
14.9259173156806
10.0563237564739
14.8926773871728
13.9015138487358
10.0117157327819
14.843632765361
9.97369567515056
10.0433196127005
6.87207561100389
14.7369751526649
10.085802562407
10.0750565358218
9.97936056272002
14.8347937260725
14.9509497059346
10.0817070485873
7.79289540459484
10.0497676949914
10.2543658443866
5.16390450536082
14.875481276272
10.0906061779718
10.0738029353665
9.97830302572411
7.2084709418063
7.13871601445393
9.99115140979951
10.0082305607696
14.8016754910811
13.0043822263781
12.193257432467
10.0478896445056
10.0230938333659
10.1193461908146
14.8895162803866
6.86026659001584
8.43127207237052
9.98982008029109
10.1707136705836
14.7094360499119
14.6857927613363
12.3256508034208
6.48791038755111
5.26913206514269
10.0224610287749
13.8371213742548
13.4521587393285
12.195903240736
5.0590336996695
13.6895701247429
5.23813562001079
5.01051766981634
10.0792662181748
5.54198644276125
10.1699516854466
5.65940496570003
9.99187644503247
10.1920928273538
10.0836987212767
6.16250008170174
10.2517233699399
11.4222576850144
12.0599332041043
9.98022622095623
10.11477696254
9.97182407614889
9.96569545663762
13.2043395901601
12.5195198719512
9.97084566169814
10.0061882275436
12.1121859201024
10.022329987103
7.01428383506246
10.0135753392539
9.97098333656947
10.0827710970162
9.97507308837044
10.3347049431284
6.13887340099658
5.14530643073403
6.65684525323395
14.8787128282364
14.833300542713
10.0519252546734
6.2651301067725
6.10394822967722
8.76515714458571
14.7775338108453
10.0023173638406
10.0478414128331
5.12371807654196
5.14825460246623
6.46694046624006
5.13020793979989
7.35815207891871
5.06201829427556
12.1203025111488
14.8816945933775
7.73880744554665
9.98924269926959
14.7889768837364
13.2899172954759
7.84566278739934
10.0395757108449
10.1112134088595
10.1052103261332
9.9738878295981
6.16429045747506
8.42505728769605
14.6265323395915
14.8326862232323
10.0821784556151
10.104327949319
10.1043653961281
10.0212870279426
10.0996053703467
9.99505833560708
14.6587200542889
13.1802657048432
10.0267598041989
10.0436297291559
12.6303053704666
5.30779461939639
7.02959660614474
5.21811273775804
5.86113784139259
7.86768365546839
10.1715080857182
9.97528338158977
10.0908658476034
14.8193664067426
10.0211611511639
6.59034971301492
10.0492138538669
10.0059486108192
10.0078250868472
5.74053346655868
14.7826968960252
9.98610197457038
5.19500985781956
6.48661735296558
13.7067569699748
5.11740972907615
7.63731975060794
10.1507724083226
11.7141358391237
12.9279698594456
13.6711550623505
14.7991593731843
9.99214752207708
14.6930151794345
10.0081644513633
10.1104394796803
7.25361972872307
9.97635012854053
10.0245424976566
10.1532707689694
9.9753849916081
10.0497995159399
9.98684629318981
11.8425605790073
14.811228599133
10.2004339235422
10.0573740617417
9.99843653089982
10.0584584001044
14.9628418336152
7.23508263334767
13.7241083024044
10.0375326734019
13.4240164254356
10.0718693052203
9.99943307192911
11.3646827182027
10.003967473425
9.9926356231634
9.99761236542314
10.0353281217563
5.17308496608889
10.1436206630471
7.88421572024925
7.40974999248328
14.7562689512891
9.97301592482181
11.9963887833128
10.0242990950103
9.97156463283806
8.4385537033729
10.0170240473358
10.0788649178223
12.2478643065484
14.7524958382212
9.97001059788486
5.52739330261422
10.144141259265
14.1923348205448
9.98000361069465
10.0671867649964
11.9192101592494
13.518990202601
12.883283783858
10.0244713176924
14.7406952551336
9.99418362210082
10.0105227985624
