10.0353001464997
10.0850302174755
5.16040053187665
10.0831246241932
5.10507086380466
10.2728702343708
14.7599581879038
5.09715294874943
10.0267063698361
9.94667343925764
10.269041769988
10.1072479496291
14.8917554455917
5.23566500852106
14.6559327128175
9.97795197918734
9.96976090517165
9.86782260863546
9.97589394500524
9.97377730866349
10.177450845983
9.94600984050646
10.0116988884959
9.9612431073942
9.78509615035081
14.8325061962485
14.6998924064562
9.99723355958964
10.3471209593348
9.97079049134688
10.0861575549656
9.99229332845053
10.0136724505442
10.0363502290273
10.1012923874786
10.010864325231
10.2372845155764
14.6728132284977
14.5532083207315
10.0671702892508
9.9350116018733
10.018848312118
10.1335731944162
10.374520753965
10.0985627134035
10.3228281448474
10.5504647819961
9.97058378204529
14.6780081136308
14.7420318567802
10.3326084148495
5.0093112059853
10.462345295059
10.0228006024876
10.2544030250926
9.87533000618501
9.96308063039341
10.1941806070632
10.0751174682592
10.0023889080862
10.0989385565164
5.12989727786262
10.0177953888522
10.0095258876054
10.3785322023186
9.79924937172827
10.0733968675581
10.174629127597
10.1879332755447
5.23841819947021
9.98626517506533
10.2069161440735
10.0069768137893
14.6029728305628
10.0209902249975
9.8879475956036
9.96616674242244
10.060367038141
10.3290304419498
10.1728402957299
10.0343808005937
10.1214351783234
5.27581728713859
10.0222441784708
9.83161517907631
14.8287959996304
14.7118578276445
5.17599852089708
10.0972380975282
10.1131310746316
14.708874043854
9.9885463710568
9.89259990275504
10.2603044643647
5.19569414318769
10.3727699024451
10.0324205781974
14.8279098884639
9.94764615250033
10.4503078614057
9.98987375196637
10.2918688929959
9.86915479594956
9.96270445216929
9.99142498266212
9.95094512124745
10.0340923503676
9.84727470098866
14.5572817634678
9.99527969389486
10.4057120979468
9.99576558177893
9.9715680216532
5.28793733279277
10.4072829415098
9.98859588150099
14.8700338054241
10.0892630514354
14.8380191545206
15
10.4882219502921
10.1354012817013
10.0726675299986
9.97056364329887
14.8505501253487
9.98100088276057
14.5359018205594
5.20182168281848
5.13711800531779
10.0344220151992
10.0070127939214
10.0675280112468
10.5421969854986
10.4555971384641
10.1114682113667
10.472101596132
9.9879078727579
10.0061390395424
14.7290905541397
10.105688969767
10.3009858096133
10.1307644262491
14.8700109220808
10.1224369318454
10.2043877529077
10.1023138257513
5.1836349580542
9.93067809938475
14.6722113736893
9.97922906852829
9.92202096050866
9.88864726707961
14.8513303567885
9.95770657738152
10.2207832455154
14.7667095887809
14.8451079549455
14.580505184763
10.1277193715092
10.0113990329054
5.23186425825306
9.8991379261358
5.13652232061274
10.3380373509151
10.0084207478567
9.94483287714763
14.8694796833514
10.0278853864033
10.0922515340597
9.9537157462436
14.5886959230174
14.666275384651
14.6521705458416
14.9288995061762
14.8678370942366
9.96152063038016
10.1010188158719
9.99764962729389
10.4081532509544
10.2162536417913
9.99155316125608
9.87050541368217
9.92040162768212
5.28470058963318
5.35006244311796
14.5747992532819
9.97286044105339
10.0784633966466
9.88824395673415
14.7638622491119
10.1460280440819
9.98409321273714
14.9219363879929
14.7116393219096
9.87034239824734
10.0273591551114
9.9797795499927
10.0376425213887
14.9701919220614
14.7138627595315
9.90095112391102
10.0503062652084
9.92498846663911
10.1885982562932
9.93012534048914
5.17827396659418
10.0140979995983
10.0819894044354
10.0827152530097
14.5231950773174
10.312244515345
10.0912648195876
9.91848399174344
9.94677438849368
10.0282164355607
10.1480474849822
10.0395092215402
9.9231898378394
9.97902528482089
10.0383229219576
10.0574456000175
9.97824911879934
14.7013615606294
10.0403428931608
9.97078593888395
14.801554208752
9.90126959052955
10.1174898869122
9.9811453613539
10.2627299885707
9.9641054294704
14.8413280433373
14.8771948042722
9.93049798447435
5.38633866717552
14.6623612929678
10.0176239736231
9.97343359099554
5.02754223167599
10.1699567462499
10.0907169593754
10.3552349642857
10.0814593047999
14.5948817129869
9.8952001128367
9.98151770532405
10.110809400067
14.5955137034813
14.8754862433171
9.90290918645296
10.3353065597309
14.6090929061508
9.95591396382773
10.0403557984978
10.0261127986833
9.93264990176888
9.97304796138394
9.77067747232267
14.910836646506
9.97574956350121
5.23962518634007
5.35247350028476
10.1678537173939
10.0905458482095
10.3183797811199
5.21319481687437
14.9331493727183
10.2154278999357
9.88864505182136
14.8027655662021
10.433503973285
10.2714149772686
10.0039103682973
9.9098783792877
10.0856981732223
10.0000815648197
9.97067209584931
9.94000233264822
9.99086544587066
9.86568249138783
10.2534767479523
9.97125662312238
9.96685224269535
10.0386890514357
5.17630302921591
14.5525497500644
10.0450711151976
10.0023934682252
10.4251879463631
10.3643978227619
9.98320661755729
9.9356904550488
10.023703181127
9.96231264975944
9.85691884519949
10.0243204852768
10.4288228941187
5.1208548017442
9.99059836222977
14.7864746056247
9.73293477597915
10.0050584987758
9.99356024640824
10.0187804960574
9.99092442851397
9.9745886149919
10.377975218265
5.1967058859639
10.3613780961502
10.0552284735271
9.98962243461127
5.28336943981749
14.7254579107732
10.0591433620809
10.0103463322448
10.1335321138873
10.0631197120399
14.8026085423436
10.0943756233811
10.0346054394175
9.97725397370423
9.87219656996294
10.0095965119984
5.1940538424065
9.98973984634972
9.94956484533328
10.0575210313025
10.0053900184916
10.3827235601185
14.8010504870709
10.0124820756531
5.18557008561784
10.1466797608887
10.0352045298778
10.2547854959309
9.938702039163
9.89262211520146
10.0931458680943
9.8861765795534
14.7945295149482
10.1261214982267
14.7322627982124
10.0081359087108
9.94236050272576
5.22629678403151
9.99662658221242
9.99746788446965
10.0397480423574
10.3392168625515
10.1610437691277
10.3405274547758
10.0068252116656
9.91529998019318
10.0067309578646
9.94128663274785
10.14489731708
9.99322963851305
10.0895497554693
9.90892532702222
5.09307303246613
10.3126968078277
10.085174706699
5.24648913697787
9.97491278890352
14.8327888471207
9.94284290447001
9.98360557647179
14.6227517381952
10.3308187581181
10.2709960676291
10.0882363000798
14.8864314528638
14.5963836661123
10.1035547364093
10.0788289514851
5.14962002679855
5.43116687156048
10.062796833918
5.07582531297747
10.0504664238837
9.95142112882938
9.87781188272621
14.6649100676248
9.91463183054665
9.99452202389404
9.84865980584703
10.0362153885433
5.32412846686094
9.87129323500143
9.87702703093328
10.4391631072485
10.0367462246271
14.5769099264458
14.6172283257612
14.789560105844
5.12449539399181
14.6644691048487
10.3426237445176
10.4515181833942
10.05247141536
10.0652512275903
10.076856828326
14.6958139201617
5.06810342333351
9.96958600380598
9.9834132704785
14.6336030068996
10.1639714001605
5.17669648804077
5.11682130926824
9.91414459212699
10.0197444119276
9.91397716349166
10.0146631315371
10.1127844873601
9.97495347987471
10.0735223028275
10.2923259662756
10.0269636462425
9.9615078754825
10.0620476810748
14.8371975818114
9.92100536549391
10.0445321717639
9.95983602264302
9.9983167843837
10.2972586384528
14.5241877894388
10.1326363486708
14.6651259343426
14.737043848342
9.94570432485789
10.323240437252
10.0794523988463
9.96793107217075
10.3977102259937
14.5176641388432
10.2025010482553
14.8620231315738
14.7855230733919
5.00973469816147
9.99592713558583
10.333077025013
9.99144870728503
9.98591224989613
5.15810622104901
9.96116198104816
10.3434629082452
14.6379859075718
10.0843794808354
5.0636640007745
9.96932182987558
14.7620797630967
9.85952263482336
10.1031807488272
5.19135461586389
10.0523324896605
10.3944572667752
10.0281904019531
14.817271657471
9.96204601093766
10.184776669487
10.2103602446639
10.1497485902275
9.93243488898008
9.92910845326755
10.1910007204533
10.0363798430754
10.0445420308271
9.96831633966737
5.24705232252559
9.8234382579991
9.91543963520828
14.7393816519856
10.2957337470222
10.0916814048759
9.86656058221556
5.16867823523675
5.23769279032085
5.22647861923316
10.0660294172803
10.0491525499266
9.89953118076778
5.11740226706569
9.94346244894225
9.95681337418614
14.7789444205695
10.4035380267722
5.12885048100081
10.0053334279663
9.99554790790739
10.0550009325661
10.2730941343928
9.99452874546837
14.891028824374
10.1494313151776
10.2933404960603
9.93169157803084
10.0900355068224
10.0223687386784
14.6200669303895
10.0765691875304
10.5635502946874
14.6186380205091
14.5111061252522
10.0500707103391
10.4177675182875
14.6225183879244
5
10.1165890290273
9.97425227965557
9.91931862280106
5.23525828632914
9.96914090024964
5.15894495298309
14.8712911137152
5.18531130196902
9.91601996313288
9.99024639789781
14.6956597934229
10.0484505736539
9.99439292857086
10.2641560443321
14.9035730781908
5.14650747823473
10.0647546370894
14.7267106630498
14.6913434805953
10.176044549074
9.97238490223408
9.85075067985883
14.7085133685508
14.9377402819445
10.0233519974549
9.99062097093252
5.23785229444907
9.95246155416402
9.98909109179175
14.7422594504434
10.3948962662183
14.8838464477366
9.98550921233918
10.0580607137006
10.0441653590323
9.92284339579109
