10479.3821815712
662.275648008816
6065.34061805651
12487.4824717679
1106.47382292324
4087.77408339665
1784.35152287938
10302.2570800624
7973.3010997474
8482.93595832634
2573.31016864004
3511.93885656809
2640.45594259046
-1507.05623664816
2281.54186095852
623.521663918738
5915.03760663265
3881.10743641998
-114.174037028115
-1665.9688681069
4016.43447181802
-313.300791878457
3664.62781888156
8554.70788900565
4083.19343232962
-4292.79697323873
4863.01665522916
3483.07914197053
4253.61021956061
224.681831430623
6992.36177276509
3287.70795367145
1627.69057697372
3225.34511235818
7429.71009178041
-692.252958373449
4564.42926606533
3113.54855672854
2532.15983701211
8204.16364737586
10430.484530342
8727.61208433383
-3740.26854358959
739.520695583747
5024.93701002678
-130.824793776816
1241.83558942617
12494.6950561416
-3234.91790389989
2930.80532027156
3002.7048363396
3378.94966253338
4527.40390669608
5113.40593066251
-754.182425680614
1347.76570477378
-2020.74965722269
5141.82890959894
1160.6797091274
2932.66516820326
9469.14191805544
445.752259616949
116.931827181939
12004.0284620989
2194.39632446361
9878.32057599077
6716.70001643709
9711.92303278591
852.197370132307
-763.346067434266
2064.57833384801
29.1510623546896
6722.07151518111
12896.8155990745
-0.0890111619299397
10665.0533482479
280.226119958588
-1251.82104954378
2153.16916456793
10795.5124335198
4307.11860560008
-574.920454943008
-1173.00656180442
2402.05867932935
8525.99922356781
8081.62922894166
4523.9821794388
2137.07495450986
1486.70515259391
8711.92586363906
1186.24948248535
2981.98870734913
2614.72721288008
1485.71692501654
5520.82492291687
550.945159097803
7877.48444343676
-1691.81958652988
13038.084233183
-1.24146370797073
3259.32677821054
3525.9143477132
566.58411447752
8056.78404195712
1225.39291335707
4046.50669744491
556.096776942953
4272.67588765303
-889.640135830238
2244.0128715945
-481.324708330866
1716.80740925369
207.952050928114
1131.72267428121
758.98182306387
2636.60684912282
3860.78245143275
5378.09995027294
2625.53208094284
708.114544607918
4456.4262386104
3940.41832320367
6965.13713541224
8283.10733331978
3452.10647055996
-1128.87697644357
461.520686238193
1327.02522735009
9492.08931722414
4002.15401064809
4493.14057157559
4461.30314992933
-86.8456358051779
2049.82414570578
717.455683014366
-1390.28620588468
7059.81717966817
4375.41429818722
9643.28335380207
-4280.18386011797
4372.04315659633
1482.61346440769
5152.72882602925
12989.0488973938
2082.40507049737
10165.8629131542
6030.10737126984
217.693978812527
11299.7768103886
10453.6321222787
1703.85906530764
12893.5697518162
3554.56367234824
9497.62073884945
4737.49368715997
12174.1211161872
896.599368648949
3400.20745940861
7789.07339971224
830.163698262916
4009.4229629561
-20.5856089762117
-125.513879840574
-1355.85156533297
12231.871845972
10238.3816106965
2379.25694487626
7206.04183513185
5448.26293979902
1169.58508647542
2136.73918055346
7807.74717166048
1975.30425121088
-2767.11571119327
7463.47922708425
4992.4022277435
-835.188232502915
2191.095895012
1972.80884984697
11350.8718711164
9911.36466111679
-638.256324540481
3072.52852600012
3757.1393972592
10146.9292202067
2838.83784762168
8872.58017730674
2563.60879897657
1302.23208530191
2158.05516052051
-4313.80108958997
-3419.25601309336
3433.72486602418
1292.31830563499
3334.78465751933
1902.15010430848
10673.4930409727
1078.18388440829
2660.97786242796
2447.10237240825
6829.50391956996
4820.59426335284
3759.11059207022
2888.91636351701
9226.09169943216
3162.45016993027
10023.10660067
3569.7558022439
11283.3763513916
371.636494512314
-1682.84485655729
99.3498774004899
3049.90102033254
4012.28942773509
13695.7847821564
2540.90575034554
14103.9095543434
4837.97675175806
4908.58970572301
2259.06417600377
793.793552728479
2690.31565627423
11450.8947646832
13804.0747959206
423.00995911992
13279.3445337888
-455.572857712808
2759.22253097193
3420.87757603876
7421.41041378865
3251.7958976165
-1752.30668977804
6530.93772829826
2827.94796517699
-689.629702917626
-5.32040017649146
5436.42280913752
8854.68752452592
455.551670738552
2938.19492129378
2192.74490392085
2047.93955999823
3165.1356621061
3676.00970797925
1682.69688278173
1824.42089195652
5474.11116746541
5621.18503740402
135.082181921475
3491.06632081385
-299.2194061599
313.123724331862
8793.60228160545
-333.900206233813
173.149372290896
2781.29552143512
3617.67662486955
-465.480083298013
-1669.69756415027
7151.3900094048
-1365.22920319802
1818.10069821802
4134.86602859962
451.94800242415
-491.792947813382
8332.89840628137
5340.46537932852
3706.00035595666
317.885005017711
1560.99301571887
2652.25238542434
-4783.54717567071
2450.66550189008
-2818.87183302931
8449.0573763272
8713.30218645699
5987.02210351859
1743.73761423929
1187.00155468927
587.246772711632
9739.04817852912
-748.022914739445
4050.01163527007
-2826.56869552327
8799.86286597483
-2527.36097080688
6163.86106985371
2226.70165540362
13988.3710655197
1940.89102864491
4602.73043110303
2239.15681895954
2507.15053051671
7855.73361672287
2822.42200132408
5544.99105494591
1466.10598935379
-256.582957344355
2448.86610424138
550.247583424728
591.628894615097
658.356894861843
9073.5856037914
2249.58255122247
5084.2427593591
5923.90938178811
-226.337356050929
1626.01114520914
2551.46700702144
11095.0788503661
1526.38443259865
-489.423945131559
1714.08623576857
4780.66218993191
3422.66368058347
2810.57193337872
4020.54918494845
402.604497271412
1523.19977126602
5345.03063431775
-489.252275222833
4672.86300120524
5230.26149529276
1749.74240796066
10079.625613529
6988.87967138013
13312.6497228142
1959.94985858545
713.218916890317
-221.285407628557
1292.39559951276
10730.6143533301
13757.2324886655
8248.1517609921
5317.94465774697
8374.1281994342
2415.2500172313
13459.7215850287
2663.0708375857
-380.61756291524
256.372749815919
4752.9409939418
11696.5313758532
11543.9808875703
11825.6438226586
8478.03962458588
3466.95044536751
4478.80126413757
3837.078272546
1404.56365337951
5256.40089625242
10814.6068719388
61.0931448243486
2845.02934722974
3341.72266390094
4286.12760719741
586.58632829778
1848.41096254842
-463.458891488095
-2035.05743448976
6677.63292723328
6083.68837410993
1381.86214830777
1120.51520504094
1901.2636512675
1073.740768322
3766.92328241297
11855.1262659126
3210.71654970119
-129.961216765178
80.4146661596187
8366.27244403606
6928.17306278132
3409.49083239613
6876.41604337529
1637.5651269294
8934.15504621685
12766.0296846916
3350.12603700885
2544.80853665666
707.597188692449
1384.72335663771
2855.59176866161
3718.05737632094
5257.52101357443
2957.13411881267
3094.92959994436
3532.45791897843
3129.79249391279
979.495022836509
786.03882390886
4339.89161453719
-557.321359012832
818.870741319191
1724.47065869205
-991.509095921749
-195.619370981294
9401.08191725702
1403.18173912555
7968.53492994343
11009.5229445254
3581.78520867947
3128.70602583396
-3873.62594742763
1078.63026258002
205.921523309052
2481.66061124024
519.81072347801
590.694775199655
-1256.77453427627
2685.87023318608
-535.417539403462
2036.91570977781
4843.07129130265
5557.37555467202
12340.8916392941
950.092931946209
3801.39617442981
2810.01608399686
4641.0611862996
6537.43033859472
7072.53958744
6929.82965702338
538.223743467594
3058.50889982938
4039.22804590848
2867.6099021729
5629.20237155051
3693.28813918241
6450.6146508764
1740.84992344696
2545.09433038395
7215.0598751598
7344.1788603431
-1982.80842732091
1524.30764657808
514.608405632202
6182.95734135748
6518.42965496599
-4854.84885345818
2998.78361025944
8636.40663543137
2121.2149640826
43.9181827411773
3272.57649284497
1001.36249970971
3657.92327698256
3894.86940627547
6665.92369121555
8481.62603087876
-1958.99833996464
5922.12659193227
1196.68378325629
7866.35676651268
5459.46957733708
5600.52277669998
1808.45375625028
8493.41536249353
11544.1766261917
3271.21487220572
983.183660863867
5227.18128043568
9886.39884464211
114.409422286349
4455.83871698644
9334.32160257866
4522.64691481378
5175.67677786123
-1023.2728868489
-2532.79004287636
1702.31341622194
8179.02092301128
2534.11769884056
669.45670092846
-2782.94505164055
3593.99745541428
3470.26905807712
10591.0104302484
3624.36618105272
4300.90708320038
1747.40582209758
1318.05571080587
6923.51848021298
5697.36369232239
3000.33378682188
4726.52600220695
2477.97912082549
3624.91993662657
13579.3824971225
5652.94942752819
5315.98149692105
-388.239681747908
9638.88010802451
3557.5944386298
1877.78593874479
9438.15217801617
901.766053898972
6703.24416416424
3940.77703829455
5951.62798154757
2134.28412046447
1078.35233416871
1006.35010488198
1718.07855885705
3402.25129210982
1499.90966346535
431.075146043784
-1391.04533591765
6667.14338257881
1577.06442166751
2942.84019997671
9076.21021680077
3902.33942846993
1294.89434304882
691.618870548844
3.39131211576344
3010.61243111448
4547.20968800722
12827.2824779618
3402.74939172145
-481.639733689706
13894.9372055542
4196.08811749998
864.10098919915
7078.44117711392
1118.411683352
770.705016674086
13147.8497396259
4813.07848034024
2506.35004856274
2855.11902220181
1281.37727825333
1540.80191171644
2895.59771919677
716.423956096413
5845.7353192649
1135.88530034539
-4742.04134294469
4602.30620828615
10280.2994665162
2187.05253920438
12184.6864247057
10809.84356653
9741.86821326533
3586.62463411955
