3.55037875599697
3.87268159245855
3.00578823331369
4.54889403248885
3.15336840333305
4.01389529500884
4.416750273546
3.3276365625789
3.40659287938726
4.34124821143001
5.41678057402575
2.89097634879221
4.65072047807425
3.49143085598857
4.24445501220436
3.43618971467049
3.43504839659963
4.36185253766519
4.86621075667031
4.77222876862217
3.24698341890414
3.54470246612237
4.9763024997896
3.47016665263868
3.28937715680499
5.39562073899504
3.6065625789075
3.94665853042673
3.87586314283311
3.61004040063969
3.33102348287181
3.86282383637743
4.88914485312685
3.66135257974918
4.03953960104369
3.24714165474288
3.80235081222119
4.06242993014058
3.83464775692283
3.66469573268245
3.6061518390708
3.12122969447017
3.94771231377831
3.96159330022726
4.70006985943945
3.56787896641697
4.72434054372528
4.4868386499453
3.97740341722078
4.06515023987882
3.48610470499116
3.1207381533541
3.24425637572597
3.43829391465366
3.47859018601127
3.96118256039054
3.0620629576635
3.80578823331371
3.37822489689421
3.62628819122969
3.44631344162951
3.92542799427659
3.30306960693545
3.52129366214965
3.39211598350309
3.38912633616701
3.16574446595405
4.03520999915833
3.94118424375054
3.3154894369161
3.7821134584631
3.61275734365796
3.69967595320259
3.82582021715345
3.40659287938726
3.19657688746739
3.94300900597594
3.01019526975844
3.24714165474288
4.04133069606937
3.16606767107146
3.86920040400639
4.75026428751789
3.17814409561487
3.8403880144769
4.46891423280869
3.58601212019192
3.64292988805656
2.80919872064641
4.00751199393991
4.34990404848077
3.64707095362343
3.87586314283311
3.33798922649609
3.82285413685719
3.37000336671997
3.50792105041663
4.04045534887638
2.88305782341556
3.06780321521759
3.37620823163033
3.33818449625454
3.16583200067336
3.25883763992931
3.2135889234913
2.74875263024998
3.93801952697586
3.30467889908257
3.14778638161772
3.03411581516707
3.30842269169261
2.89868277081055
3.19783940745728
3.14222456022222
2.80208147462335
3.57718794714251
3.0899393990405
3.44636730914908
3.19230788654156
3.14045366551639
3.86324130965409
3.52571079875432
3.22861796145105
2.76675111522599
3.15302163117585
3.23001851695986
3.17660213786718
3.71991330696071
2.91865752041076
3.40454254692366
2.9370633785035
3.23893022472856
3.0043001430856
2.88851864321185
3.72689588418484
2.83238195438096
3.14978958000168
2.89803299385574
3.02660466290718
3.17455853884354
3.07830738153353
3.62797828465619
3.76566703139468
3.19499789580001
2.60113542631092
2.87038548943693
3.30322447605423
3.74182728726538
3.77795892601634
3.17914737816682
3.03435821900513
2.91890665768875
3.61419156636649
2.38248716438011
2.57343068765258
3.0072022557024
2.93425216732598
2.57793535897653
3.21316471677468
3.33546755323627
3.33235670398116
2.60670734786635
3.46800858513595
2.44730325730157
3.11208568302331
2.9118365457453
3.11605841259154
3.20138119686897
2.94833179025335
2.98953370928373
2.9820999915832
3.09923827960611
2.88590270179279
3.3859144853127
2.58609965491121
3.19580927531354
2.75611564683109
2.85074741183402
3.28981819712146
2.85039390623686
3.04355609797156
3.16733019106135
2.81933928120529
3.13069354431445
3.47261762477908
2.74663159666696
2.8621504923828
2.80208147462335
3.14222456022222
2.72407793956739
3.06783351569734
3.00734365794125
2.71215975086272
2.62821395505429
3.37419156636648
3.18854389361167
3.14309317397527
3.43909519400725
2.62991078192073
2.70456779732348
2.60423280868613
2.92254271525965
3.12236427910111
2.78742277586062
2.56338102853297
3.01756838649945
3.00139803046883
2.53250483965996
2.55094099823248
2.84552562915582
2.92685885026515
3.30220435990236
3.11319670061442
2.29399292988808
2.29372022557024
2.46416715764667
3.11264119181888
3.09068007743457
2.92272115141824
2.49163285918695
2.34823752209411
2.77533288443735
3.38338607861292
2.85814409561485
2.22625789074993
2.41382459388942
2.41027943775777
3.01330611901355
3.08042504839662
2.76626967426984
2.64102095783184
2.60067081895465
3.19248295598015
2.7710504166316
2.66404258900766
2.88199730662402
2.9820999915832
2.65170692702634
2.78750357713997
2.85290547933676
3.0863134416295
2.44730325730157
3.52683528322532
2.28828970625369
2.74875263024998
2.80583873411331
2.74663159666696
2.13073394495413
2.52148219846816
2.87641191818872
2.56375136772999
2.42880986448952
2.67746906826025
2.95778553993773
2.58670903122635
2.53054877535561
2.28374126757006
2.30770558033836
2.75260415789919
2.32125999494994
2.52294335493647
2.50042336503662
1.94935863984514
2.52711135426313
2.85726874842186
2.1426521336588
3.39207558286341
2.84686895042506
2.23404511404766
2.17015486911876
2.66212355862302
2.35282299469742
2.50422102516623
3.04051594983588
2.44763319585894
2.4538885615689
2.54780321521758
3.25493561148053
2.62990741520076
2.67198468142414
2.2112625199899
2.25229946974162
2.70922060432625
2.35748926858008
2.3481365204949
2.45000336671998
2.29477400892182
2.48372443397022
2.4274766433802
2.36819207137447
2.52947479168421
2.44588250147294
2.72239457958085
2.9060390539517
2.67396431276831
2.08963639424292
2.45745391802038
2.85311758269506
2.36521925763824
2.45814072889488
2.46735880818113
2.23516286507871
2.434250483966
2.26057150071543
2.2228507701372
2.28468731588251
1.92339786213282
2.72607103779143
2.21585135931321
2.50082063799346
2.26073646999413
2.7308383132733
2.25923491288611
1.97234997054122
2.38396515444828
2.22626125746993
1.98707600370341
2.15658362090733
2.22440956148472
2.07408551468731
2.29399292988808
2.0884748758522
2.33747748506019
2.52138456358892
2.24437084420504
2.30770558033836
2.2425124147799
2.45403669724772
2.64607440451141
2.44720898914233
2.70694470162445
2.3019013551048
2.63788317481695
2.25729231546165
2.29428583452571
2.21992845720058
2.41632943354938
2.12938052352496
1.94935863984514
2.29775018937801
2.31380607692955
2.43653648682772
2.17614426395085
2.44588250147294
2.11322026765424
2.02461493140308
1.98553741267571
2.31244928878041
2.4638877198889
2.53206716606346
2.37263277501896
2.11068512751453
2.3885775608114
1.81152175742784
2.19584294251325
2.18258479925933
2.41012456863902
2.03396767948826
2.21474370844206
2.17747411834023
1.92339786213282
1.98707600370341
2.11322026765424
2.25833263193334
2.20642454338861
1.97215806750273
1.94833179025335
1.94736217490112
2.3971626967427
2.29707011194344
2.00571753219427
1.98850349297197
2.23416631596669
2.35842858345256
1.97665263866679
1.95128440366975
2.07626714922986
2.11274219341806
1.96555592963557
2.29543388603653
2.02732177426142
2.10084757175323
2.29392222876862
2.12855904385154
1.82943944112449
2.33990825688073
2.06750021042001
2.63915579496677
2.23379934348961
2.00629324130966
1.92299385573605
1.99322026765424
2.34495497012037
2.34491793620066
1.90231882838145
2.0253253093174
2.39166820974665
2.36782173217745
2.43299469741606
2.01322195101423
1.90901523440789
2.02507280531941
1.70535560979715
2.10358471509133
2.04380186852958
1.81603316219173
2.08288948741688
1.66484050164129
1.90044356535645
1.77481104284152
2.19485649356116
2.03939483208484
1.89884774008922
2.34380355188958
1.9347773756418
1.90218415958253
2.03836124905311
2.22394832084842
1.72622927363017
1.94616025587072
2.12855904385154
1.74954044272368
2.16113879303089
2.22281710293748
2.27803467721574
1.77200319838397
2.41112111775104
2.16264708357883
1.98473276660215
1.99045282383639
2.0215646831075
1.72814157057488
2.22980978032152
1.92812810369497
2.16628314114973
2.10587071795305
2.09665937210673
1.98044693207643
1.79787307465702
2.14683023314535
1.7412145442303
1.87174227758607
2.27706842858345
1.90205285750358
1.94951350896389
2.46027522935782
1.62465533204278
1.94826445585389
1.98850349297197
2.11203518222374
1.78798838481609
1.81409729820723
1.78649356114806
1.99758353673934
1.74359144853128
1.75824341385405
1.66015402743878
1.83089049743288
1.91037875599699
1.85809359481524
1.85919787896643
1.64719552226245
1.81887804056899
2.04543809443649
1.9739020284488
2.11071879471425
1.72830990657351
1.61033330527735
2.20382880228937
1.74737900850099
1.96257638245939
1.71235502062117
1.80218920966249
1.90264876693882
1.72806750273546
1.93565272283479
1.89884774008922
1.86035939735714
1.94713997138288
1.79812221193504
1.69126925342985
2.02034593047725
1.86164548438686
1.77303678141573
1.82133574614932
1.56021967847826
1.73084504671326
1.98056140055553
1.90766181297872
2.0588140728895
1.70856746065147
1.78256123221951
2.4389638919283
1.6918146620655
2.06940240720479
1.51615604747076
1.77224223550206
1.87882922312937
1.72402070532783
1.91569817355443
1.80649861122802
2.02575961619394
1.64912801952698
1.6238372190893
1.56244508038046
1.80129029542968
1.8597028869624
1.81533288443734
1.48051258311591
1.78698846898411
1.73359902365121
1.49455517212357
1.67458042252338
1.53284824509723
1.89916757848667
1.93393906236849
2.01073731167412
1.75923996296609
1.56018264455855
1.68843110849255
1.68156636646748
1.77731588250148
1.78437252756504
1.69168335998654
1.68138793030892
1.90981651376148
1.82970877872233
2.11744213450046
1.76085598855315
1.58524114131808
1.86200235670398
2.13100664927197
1.72814157057488
1.54321100917431
1.97855146873161
1.53874337177007
1.62895463344836
1.54150408214798
1.78270600117835
1.48644137698847
2.02063546839491
1.68737059170104
1.39460735628316
2.20272788485818
1.72167746822657
1.94659792946723
1.57497264540024
1.82868529585053
1.48107819207138
1.66232892854137
1.59426731756588
1.47856325225149
1.7997146704823
1.7890994024072
1.87627388266981
1.34596835283227
1.5694747916842
1.80390960356874
1.58076340375391
1.47038212271696
1.72168083494657
1.55084336335327
1.63617288107062
1.66730494066158
1.78142328086861
1.46532530931739
1.62182728726538
1.72772073057826
1.94220099318241
1.30422439188621
2.02241646326067
1.70795808433635
1.36945459136436
1.49704317818367
1.53534298459726
1.37913054456698
1.32113542631092
1.7687745139298
1.80952865920378
1.50728474034173
1.34246023062033
1.88846814241225
1.38026176247791
1.54129197878967
1.5677644979379
1.73033667199732
1.49292231293663
1.78886373200911
1.5733364194933
1.51723676458212
1.66470583284237
1.87152007406786
1.30108660887132
1.52001094183993
1.78503913811969
1.64073815335411
1.69030973823752
1.57044777375643
1.68619560643043
1.2913399545493
1.54453076340377
1.57973318744214
1.55167157646665
1.50264876693882
1.25495244508039
1.35040905647674
1.67770473865838
1.58240299638078
1.25871643801028
1.53754481945964
1.46744970962041
1.32980809696153
1.34814662065483
1.47738153354095
1.52664001346687
1.77176416126591
1.55416294924672
1.50235922902112
1.41018516959852
1.26124147799007
1.51071542799428
1.42189462166485
1.47337850349297
1.79760373705918
1.39605504587158
1.24662317986702
1.45413769884689
1.25976685464187
1.80163370086694
1.6484142748927
1.52047891591619
1.83932749768539
1.28819880481441
1.23649271946806
1.71034508879725
1.30250063125999
1.56892938304858
1.33513424795893
1.721125326151
1.52201750694385
1.72120276071038
1.32207810790339
1.6020781079034
1.14356114805153
1.83124063631007
1.38058160087536
1.66594478579245
1.22528490867774
1.53437336924503
1.27967090312265
1.42270936789834
1.34059170103527
1.52121286087029
1.59507196363944
1.18741604242067
1.30236596246107
1.35600791179195
1.37035350559717
1.38175995286593
1.29682097466545
1.4747386583621
1.21585135931321
1.24700698594395
1.25007743455939
1.43258395757934
1.39933423112532
1.23255029037961
1.39998737480011
1.34226832758185
1.43108913391129
1.45907331032743
1.36601380355191
1.47518643211851
1.41208063294337
1.31036528911707
1.22528490867774
1.48644137698847
1.33281121117753
1.13778048985776
1.2434618298123
1.33832589849339
1.35800437673598
1.35696742698426
1.16026681255786
1.12722918946218
1.37187862974497
1.5111497348708
1.27695059338441
1.39449288780406
1.18007995959937
1.17675027354599
1.49963218584296
1.29595909435233
1.25031647167748
1.30750694385995
1.52366046629072
1.42644642706844
1.32448867940408
1.34891086608872
1.30086103863312
1.30957074320344
1.29329938557362
1.1737875599697
1.22528490867774
1.08856241057151
1.40326656005388
1.11956653480348
1.29495917852034
1.27782930729737
1.21650113626799
1.14718373874254
1.12420587492636
1.1954120023567
1.23161770894706
1.19530763403753
1.31604157899167
1.19332800269339
1.24913475296694
1.35485312684119
1.18123811127009
1.44091322279269
1.48460651460314
1.28508795555931
1.28526639171787
1.16834694049322
1.25067334399463
1.24297028869626
1.43858008585136
1.10402238868784
1.1620141402239
1.3057764497938
1.24555256291558
1.19520326571839
1.27188367982492
1.26430855988554
1.07545240299638
1.25241730494068
1.36606767107148
1.16351233061192
1.2539255954886
1.33376062620991
1.34867182897062
1.02239289622085
1.34101254103192
1.21454507196364
1.45243077182056
1.23271525965828
0.98606598771147
1.35906826024745
1.45457200572343
1.0541141318071
1.26141991414866
1.14114047639089
1.12863311169093
1.23804814409561
1.1651990573184
1.14302247285582
1.43642875178858
1.21665263866677
0.98606598771147
1.50857419409141
0.862692534298475
1.17418819964649
1.17194933086441
1.11368487501053
1.17619813147041
1.21146788990828
1.29767275481862
1.5668622169851
1.08483545156133
1.22579328339367
1.25587492635302
1.18148724854811
1.12968352832254
0.997748506018013
1.19403164716775
1.44036781415707
0.891831495665343
1.13795555929636
1.32307465701541
1.15693712650452
1.10969531184244
1.18640265970879
1.34091153943271
1.11023398703813
1.24299722245604
1.23537496843701
1.08681508290547
1.05684790842523
1.04182223718544
1.24005807591954
1.34605925427152
1.23649271946806
1.02239289622085
1.08076172039392
1.02217742614258
1.20154616614764
1.21685464186518
0.98215722582276
1.42502230451984
1.03827708105379
1.06058496759533
0.935282383637741
1.24400723844795
0.942527565019788
0.988399124652801
1.0544508038044
0.883545997811638
1.14387088628905
0.959310664085535
1.17686810874505
1.12517549027859
1.17813399545494
1.15214628398283
0.983035939735714
0.90389445332886
1.08887214880903
0.992375220941
1.31418988300649
1.0797752714418
1.28619223971046
0.997748506018013
1.08315545829475
0.97494571164043
0.987453076340387
1.09829559801364
1.05746738490026
1.1625258816598
0.957031394663744
1.11827371433381
0.783678983250582
1.37585472603317
1.16233061190135
1.07968437000252
0.874237017086102
0.99961030216312
1.0661501557108
0.928390707852884
1.3536512078108
1.14686053362513
0.987954717616361
0.858103694975171
1.03546586987628
1.03908172712735
1.18632859186937
1.11672165642622
1.38789411665687
1.11272872653817
0.996193081390459
0.853003114215994
1.00566029795473
0.996415284908693
0.891831495665343
1.41428583452571
0.743867519569079
0.983561148051507
1.02660466290718
0.74358134837135
1.26734534130125
0.890138035518902
0.885619897315053
0.831489773588089
1.09596582779227
0.99900765928794
0.982022557023839
1.16803383553574
0.983948320848413
1.01827876441376
1.13965911960273
0.97233987038129
0.940726369834209
1.02984344752127
0.836058412591541
1.06466879892267
0.726539011867686
0.871139634710886
1.02560811379513
0.957135762982915
0.891844962545235
0.938154195774786
0.992375220941
1.02312684117499
1.04725948994192
0.770629576634974
0.848060769295529
1.06793451729652
0.832351653901185
0.798970625368241
1.12987879808097
0.99390371180877
1.08142833094857
1.01544061947649
0.949005134247955
0.916411918188714
1.29839659961283
0.895218415958254
1.10788401649694
0.866109755071136
1.21732261594141
0.973265718373881
0.910664927194688
0.979467216564274
0.907234239542134
0.810683444154535
0.826025587071797
0.955849675953203
0.982022557023839
0.8182383637741
1.03857671913138
0.874270684285847
0.921088292231303
0.943409645652736
0.849653227842794
0.82789748337683
0.727306624021566
0.891993098224049
0.901271778469834
0.740002525039984
0.937258648261945
0.853016581095886
0.765815167073498
0.946331958589354
1.00359986533121
0.98370928373032
0.966471677468235
0.898181129534549
0.848478242572185
1.00956232640351
0.784887635720906
0.827941250736473
0.830944364952444
0.965619897315037
0.722263277501895
0.890905647672753
0.938803972729573
0.890057234239549
0.840068176079456
0.980692702634457
0.89996549112027
0.685933002272549
0.953476138372196
1.07918609544652
0.789927615520583
0.920465449036271
0.743867519569079
0.928390707852884
0.862692534298475
0.713082232135349
0.836058412591541
0.831489773588089
0.877788906657685
0.804673849002626
0.726788149145705
0.81919451224644
0.800785287433712
0.800536150155722
0.969542126083667
0.715708273714341
0.901837387425303
0.704295093005641
0.707685380018518
0.722263277501895
0.907570911539437
0.705328676037368
0.8727017927784
0.907601212019188
0.794368319165073
0.760839154953288
0.769296355525626
0.859261846645921
0.929185253766519
0.654282467805757
0.727804898577574
0.949934348960539
0.75766770473868
0.569390623684882
0.965690598434492
0.69935611480517
1.05140392222879
0.799340964565289
1.00881154784952
0.706567628987472
1.088875515529
0.525990236512087
0.906372359229039
0.763734534130123
0.956984260584136
0.82745307634039
0.835146031478843
0.804236175406118
0.721330696069373
0.845010520999921
0.730242403838076
0.773124316135011
0.914476054204187
0.681802036865605
0.803037623095719
0.687754397777979
0.872567123979479
0.636432118508537
0.716448952108408
0.787857082737162
0.685933002272549
0.681802036865605
0.653615857251083
0.770764245433895
0.759118761047063
0.81505344667957
0.564912886120709
0.711974581264201
0.68430687652554
0.733753892769982
0.83012625199899
0.765505428835951
0.685003787559964
0.722263277501895
0.758704654490373
0.575043346519664
0.753068765255449
0.712368487501067
0.767242656342063
0.726734281626136
0.727646662738834
0.760839154953288
0.529222287686224
0.802724518138206
0.695834525713337
0.836159414190746
0.788197121454431
0.651733860786123
0.635257133237957
0.568623011531031
0.661662317986696
0.757233397862137
0.734965911960273
0.545284908677729
0.783678983250582
0.731494823668044
0.719566534803477
0.846555845467549
0.705328676037368
0.615659456274727
0.904763067081916
0.664776533961799
0.872361754061103
0.714866593721069
0.704379261004959
0.760162444238716
0.633513172291913
0.786022220351839
0.450808012793544
0.697958926016327
0.65391212860871
0.706301658109595
0.684290042925682
0.596095446511242
0.675209999158341
0.727185422102536
0.666769632185861
0.596708189546348
0.742854136857176
0.689363689925102
0.532996380776041
0.753125999495012
0.416194764750458
0.680098476559209
0.538073394495427
0.796384984428926
0.591223802710203
0.644354010605184
0.648293072973672
0.654511404763923
0.603074657015412
0.478398282972819
0.638233313694144
0.766441376988467
0.70202929046377
0.562320511741433
0.621817187105478
0.562589849339275
0.864682265802543
0.772107566703141
0.524768117161869
0.824540863563669
0.649777796481771
0.738962208568296
0.626874000505012
0.645663664674686
0.484731083242167
0.710055550879559
0.582591532699269
0.674028280447772
0.637509468899935
0.626887467384904
0.683242993014062
0.768074236175408
0.645700698594396
0.722263277501895
0.568623011531031
0.625507112195947
0.549496675364026
0.610757511993938
0.429230704486173
0.666224223550216
0.674179782846579
0.582591532699269
0.427786381617722
0.55784950761722
0.594088881407288
0.757122296103034
0.45185842942513
0.53375725948996
0.641583200067345
0.681771736385826
0.595247033078039
0.430318155037469
0.605872401313036
0.539558118003555
0.732232135342144
0.508052352495582
0.528737480010108
0.570518474875854
0.51934769800522
0.626517128187857
0.490316471677488
0.781254944869971
0.425699015234414
0.449138119686893
0.706230956990169
0.568505176331968
0.729030384647757
0.546395926268843
0.696289032909704
0.695262183317908
0.5125637572595
0.546830233145357
0.626305024829577
0.592206884942357
0.529367056645071
0.485508795555944
0.625254608197963
0.692972813736219
0.484613248043104
0.543746317650033
0.527619728979062
0.511193502230469
0.585806750273548
0.582480430940166
0.666964901944283
0.444229441966172
0.56201414022388
0.523266560053884
0.49971972056224
0.485148556518823
0.506476727548204
0.581079875431357
0.36382880228939
0.429486575204123
0.450205369918365
0.534272367645826
0.44207810790337
0.562714417978299
0.462709367898327
0.636721656426232
0.553351569733195
0.396199814830396
0.483327161013392
0.4671871054625
0.424914569480677
0.531669893106653
0.447070953623438
0.501500715427994
0.535433886036543
0.463719383890265
0.396839491625286
0.555873242993016
0.388621328171041
0.519088460567303
0.458709704570339
0.540244928878053
0.548466459052264
0.539292147125678
0.573494655332041
0.474146115646846
0.44376483460988
0.556135847150927
0.480034508879726
0.471509973907928
0.442970288696245
0.654040063967699
0.621083242151343
0.535555087955572
0.37516791515867
0.500255029037959
0.595348034677215
0.52028027943777
0.451976264624193
0.529838397441296
0.511244003030043
0.339443649524469
0.378783772409747
0.390937631512514
0.425358976517145
0.455511320595917
0.43395421260837
0.428718963050244
0.497682854978535
0.512745560138029
0.526461577308311
0.40164043430687
0.402727884858194
0.518162612574713
0.35598434475213
0.474782425721742
0.464490362764082
0.450959515192324
0.586288191229698
0.415406952276754
0.335975927952205
0.555334567797331
0.450545408635634
0.361987206464107
0.527946300816438
0.392216985102266
0.38785371601719
0.453090648935273
0.3446149314031
0.402791852537661
0.419039643127689
0.395856409393161
0.462261594141921
0.364539180203707
0.553284235333734
0.361098392391227
0.383355778133165
0.454120865247035
0.404391044524886
0.408161770894708
0.411016749431866
0.444613248043112
0.418901607608802
0.38890076592881
0.429483208484129
0.498787139129718
0.424133490446934
0.45051847487585
0.475580338355371
0.416255365709958
0.531669893106653
0.453003114215988
0.51782594057741
0.339548017843612
0.355896810032846
0.391439272788489
0.389725612322195
0.353789243329686
0.375295850517631
0.386214123390289
0.415046713239633
0.428304856493583
0.358953791768386
0.394375052605
0.434738658362107
0.388553993771581
0.399031226327764
0.404411244844709
0.330198636478428
0.416039895631684
0.415430519316573
0.531898830064819
0.293232051174158
0.389537076003705
0.399765171281899
0.414336335325316
0.332006565103967
0.449229021126172
0.371552057907593
0.355640939314867
0.365717532194253
0.338915074488682
0.395546671155643
0.554977695480176
0.303678983250563
0.378948741688419
0.509772746401836
0.484764750441883
0.538453833852373
0.291003282551969
0.277216564262261
0.348732429930152
0.359098560727205
0.477469068260262
0.429705412002363
0.447266223381888
0.361074825351409
0.35898072552817
0.343086440535302
0.353317902533462
0.494322868445437
0.329134752966922
0.378844373369247
0.314445753724442
0.338972308728216
0.362283477821734
0.36136772998907
0.324327076845378
0.312533456779732
0.400320680077442
0.314731924922143
0.264938136520499
0.396755323625968
0.317580170019369
0.360714586314288
0.383342311253273
0.431836545745313
0.371706927026338
0.318320848413435
0.334147799006814
0.324970120360234
0.233287602053707
0.308116320175088
0.407582695059347
0.366478410908172
0.319930140560558
0.387119771063055
0.36840754145274
0.355640939314867
0.376443902028456
0.315273966837822
0.330158235838752
0.384513929803887
0.354704991162379
0.276098813231215
0.438957158488364
0.339302247285588
0.288410908172722
0.330255870717963
0.411376988468987
0.42541621075668
0.334895210840841
0.331605925427169
0.358165979294682
0.353789243329686
0.279182728726539
0.309257638245953
0.348284656173718
0.336090396431274
0.326286507869725
0.392021715343844
0.315832842353331
0.253248884774024
0.351772578065834
0.288447942092432
0.253100749095211
0.41248127262017
0.246219173470251
0.344116656847064
0.335787391633716
0.230553825435578
0.305002104199986
0.323748001010017
0.319930140560558
0.322872653817029
0.350752461913999
0.296376567628982
0.36975422944198
0.289222287686215
0.341642117666879
0.30264203349887
0.333407120612748
0.326693880986454
0.327498527060015
0.233762309569897
0.329764329601886
0.298524534971818
0.366077771231375
0.286182139550561
0.298076761215384
0.278048144095635
0.307543977779659
0.345938052352494
0.415268916757867
0.208855315209178
0.404960020200321
0.319310664085521
0.327070953623434
0.302005723423974
0.285300058917613
0.304608197963148
0.32431024324552
0.303604915411171
0.298070027775452
0.318108745055127
0.289606093763155
0.36353589765173
0.246990152344097
0.360613584715111
0.303678983250563
0.291003282551969
0.322522514939834
0.292854978537179
0.232466122380288
0.353688241730509
0.233506438851947
0.257107145863159
0.284646915242831
0.230863563673097
0.289606093763155
0.284906152680747
0.302877703896996
0.219103610807167
0.34066240215472
0.277411834020711
0.255969194512261
0.309257638245953
0.327044019863649
0.247525460819816
0.257285582021723
0.26026176247791
0.301534382627722
0.242899587576801
0.282371012541034
0.266594562747258
0.28712482114301
0.23228431950173
0.337925258816597
0.278462250652296
0.232910529416728
0.324821984681421
0.201660634626734
0.27909182728726
0.374198299806409
0.280310579917511
0.384207558286334
0.251925763824602
0.242902954296795
0.282643716858871
0.255955727632369
0.336622338187027
0.245747832674027
0.291100917431208
0.336188031310513
0.307910950256712
0.256911876104709
0.206094604831264
0.228648261930829
0.22466543220267
0.296416968268659
0.287751031058008
0.197061695143503
0.191826445585406
0.237496002020038
0.241620233987049
0.271041999831681
0.290464607356284
0.225604747075181
0.228419324972663
0.230136352158922
0.273085598855317
0.263315377493484
0.233553572931584
0.245677131554601
0.256450635468411
0.178433633532535
0.220167494318673
0.33763572089893
0.227756081137954
0.278916757848663
0.237775439777806
0.28712482114301
0.233287602053707
0.168612911371099
0.332525039979799
0.321967006144263
0.194361585725119
0.217083578823349
0.271190135510494
0.284606514603155
0.213336419493317
0.221568049827454
0.252861711977118
0.295002945879986
0.210855146873172
0.254649440282805
0.280310579917511
0.22094520663245
0.24037791431698
0.269331706085353
0.228119686895042
0.227675279858602
0.239802205201585
0.263554414611576
0.26264876693881
0.246229273630178
0.221628650786982
0.212046965743639
0.205441461156482
0.192247285582027
0.256124063631006
0.264938136520499
0.223961787728314
0.210299638077601
0.287892433296861
0.199458799764329
0.232415621580685
0.183025839575805
0.215369918357055
0.176693039306457
0.23585304267317
0.254528238363775
0.205465028196301
0.243869202929062
0.201650534466808
0.22045703223634
0.186375725949006
0.221100075751195
0.238152512414786
0.199492466964074
0.235371601717048
0.258588502651293
0.199468899924256
0.197344499621238
0.225675448194608
0.229728979042164
0.192247285582027
0.160037875599699
0.172511573099911
0.263463513172297
0.167185422102534
0.245491961956077
0.215060180119536
0.221537749347704
0.241057991751546
0.197277165221777
0.227675279858602
0.164889319080885
0.232031815503746
0.218595236091232
0.257319249221467
0.220217995118276
0.231449372948418
0.242919787896653
0.15539853547682
0.29696574362427
0.32450551300397
0.167784698257719
0.233344836293242
0.217373116741015
0.20170103526641
0.262426563420604
0.200085009679327
0.194196616446447
0.220147293998821
0.221433381028532
0.205414527396698
0.276496086188047
0.150479757596173
0.156741856746066
0.166515444827894
0.193890244928895
0.204572847403426
0.172817944617464
0.169390623684876
0.242367645821076
0.165485228516133
0.188651628650803
0.194011446847924
0.192025082063793
0.231560474707521
0.198943691608463
0.1886011278512
0.160431781836564
0.220685969194506
0.18754734449962
0.210383806076948
0.231725443986193
0.189890581600878
0.209289622085691
0.17416799932667
0.211592458547273
0.17546418651628
0.215120781079037
0.166976685464192
0.158172712734626
0.145126672838984
0.231301237269605
0.200519316555841
0.197236764582101
0.196479252588176
0.173070448615448
0.162068007743471
0.258908341048738
0.259874589681004
0.154408719804735
0.179221446006238
0.194183149566555
0.171013382711891
0.245555929635572
0.186998569144009
0.154738658362106
0.213518222371874
0.145712482114305
0.191836545745304
0.200822321353428
0.19146957326825
0.218884774008927
0.148032152175745
0.174747075162031
0.1505504587156
0.17419829980642
0.168316640013472
0.179221446006238
0.224150324046803
0.1721883679825
0.210568975675443
0.184079622927356
0.199007659287957
0.148954633448369
0.132599107819203
0.197822573857422
0.186406026428756
0.176649271946815
0.162064641023477
0.153210167494336
0.163724433970202
0.177487585220121
0.139167578486678
0.19258395757933
0.253255618213956
0.145840417473295
0.186934601464543
0.147803215217579
0.148490026092077
0.201714502146302
0.134834609881324
0.150823163033408
0.188348623853216
0.168633111690951
0.168306539853546
0.168774513929804
0.186271357629835
0.148187021294518
0.200643885194864
0.163209325814336
0.200781920713752
0.13312768285499
0.174248800606023
0.16483208484135
0.181945122464441
0.156371517549047
0.172925679656601
0.17900934264793
0.122950088376399
0.175174648598613
0.17419829980642
0.156647588586821
0.144864068681102
0.178514434811888
0.136053362511575
0.1505504587156
0.162623516539014
0.161562999747503
0.131828128945386
0.217548186179613
0.137366383301071
0.169821563841424
0.149432707684554
0.153826277249408
0.195974244592207
0.114721824762228
0.123680666610568
0.165902701792788
0.186032320511742
0.136541536907686
0.1745753724434
0.200212945038317
0.115068596919457
0.181834020705338
0.145931318912545
0.156344583789263
0.13130628734956
0.153038464775705
0.117209830822333
0.178319165053466
0.200122043599038
0.1890522683276
0.135605588755169
0.126286507869708
0.176985943944118
0.157166063462682
0.154930561400562
0.16626294082991
0.184062789327498
0.153661307970708
0.1505504587156
0.165774766433799
0.119761804561904
0.173578823331383
0.178918441208651
0.169824930561418
0.146493561148048
0.121845804225245
0.158559885531531
0.139484050164128
0.146358892349127
0.143497180372037
0.133087282215314
0.196401818028789
0.127528827539777
0.0978478242572294
0.136676205706607
0.151365204949087
0.148712229610311
0.152846561737221
0.147803215217579
0.129791263361682
0.131255786549957
0.168956316808362
0.138150829054808
0.134841343321284
0.122616783099062
0.194711724602314
0.151786044945709
0.163640265970884
0.137729989058158
0.120926689672586
0.0965348034677334
0.174302668125591
0.137248548102008
0.118903290968774
0.147527144179804
0.163525797491815
0.132972813736217
0.172053699183579
0.148490026092077
0.123620065651039
0.146705664506356
0.124263109165895
0.13704991162362
0.135120781079053
0.146432960188548
0.142780069017761
0.122222876862224
0.141254944869956
0.129525292483805
0.111961114384314
0.136036528911717
0.137679488258584
0.134730241562153
0.169478158404189
0.0953665516370847
0.116321016749453
0.156799090985601
0.102803636057587
0.245071121959427
0.150186852958512
0.119761804561904
0.147766181297868
0.135188115478513
0.126902617624779
0.106136688830901
0.115960777712331
0.137066745223478
0.140345930477253
0.131188452150496
0.123414695732691
0.10256796565946
0.131750694386
0.140517633195856
0.114068681087446
0.117411834020714
0.146187189630496
0.122202676542372
0.152836461577323
0.0934441545324489
0.137026344583802
0.117755239457978
0.131073983671428
0.106163622590685
0.161815503745487
0.127047386583627
0.142753135257976
0.120960356872331
0.151833179025346
0.0874143590606877
0.101318912549459
0.138447100412435
0.127771231377835
0.163152091574801
0.114721824762228
0.134198299806428
0.137086945543302
0.119970541200246
0.119455433044351
0.119344331285248
0.15909519400725
0.101796986785644
0.155371601717036
0.103443312852448
0.115068596919457
0.150422523356639
0.0687290632101849
0.113250568133992
0.109335072805322
0.111711977106324
0.106237690430106
0.151412339028695
0.0803408803972729
0.113223634374208
0.132353337261179
0.103490446932085
0.12898661728812
0.0871988889824138
0.15846225065232
0.114115815167082
0.119512667283914
0.0949053110007583
0.136248632270025
0.0935417894116597
0.129979799680171
0.117425300900607
0.134050164127615
0.0817784698257924
0.159391465364877
0.130245770558048
0.093245518054033
0.102076424543384
0.116812557865501
0.103126841174998
0.0897979968016216
0.164081306287358
0.0946999410824105
0.0712945038296482
0.13312094941503
0.122243077182077
0.124279942765781
0.118704654490358
0.119724770642222
0.11189714670482
0.113253934853986
0.130760878713915
0.11416294924669
0.0913163875094654
0.121788569985711
0.124044272367655
0.100281962797737
0.110947731672439
0.119940240720496
0.117755239457978
0.0914274892685967
0.0815192323878478
0.0952621833179137
0.115075330359417
0.158812389529515
0.121926605504598
0.089962966080293
0.147389108660889
0.100591701035285
0.0955517212355801
0.0978680245770533
0.10600875347194
0.0945955727632395
0.0952924837976639
0.0877543977779851
0.103874253009025
0.0854178941166595
0.0962216985102202
0.106426226748596
0.0687290632101849
0.0796675364026669
0.13335325309319
0.097046544903634
0.0984033330527723
0.0712945038296482
0.11825014729402
0.087441292820472
0.123290127093696
0.0821252419829932
0.101504082147983
0.0716749431865935
0.111361838229101
0.118708021210352
0.0791524282468004
0.091787728305718
0.110914064472695
0.0658101169935321
0.138177762814593
0.113721908930245
0.105291642117663
0.104742866762052
0.0987736722498198
0.0998173554414734
0.0652007406783923
0.104032488847736
0.094666273882666
0.104264792525896
0.0917742614258259
0.118899924248808
0.100059759279532
0.120866088713086
0.0746477569228148
0.0789840922481346
0.1001136267991
0.0674194091406548
0.0856872317145019
0.080445248716444
0.0954574530763352
0.070287854557705
0.0913096540695335
0.0670154027438912
0.10275650197795
0.0793375978452957
0.093245518054033
0.0811960272704368
0.0744154532446828
0.0728667620570604
0.121727969026182
0.0679008500968052
0.0988511068092066
0.120226411918196
0.102608366299137
0.0791557949667663
0.0935788233313701
0.0889563168083498
0.0829702886962309
0.0871988889824138
0.085912801952702
0.10578318323374
0.0762469489100397
0.0685809275313716
0.112546923659636
0.0946999410824105
0.084811884521514
0.0882560390539595
0.0761762477905847
0.0621336587829262
0.102911371096724
0.0898787980809743
0.106092921471259
0.06034593047724
0.0732505681340001
0.101877788064996
0.0783141149734945
0.0875355609797168
0.0842159750862663
0.0686078612911558
0.102015823583884
0.0813104957495341
0.0948918441208662
0.0992820469657545
0.0931546166147825
0.0934778217321934
0.0697424459220599
0.0844112448447163
0.0850711219594302
0.102062957663492
0.0610866088713067
0.0618306539853677
0.0761324804309425
0.0682240552142162
0.0747420250820596
0.0813778301489947
0.0815764666273822
0.0695303425637519
0.112115983503088
0.063648682770804
0.065160340038716
0.0798796397609749
0.138410066492725
0.0868251830654003
0.0639449541284591
0.0804385152765121
0.0606119013551165
0.0781962797744313
0.0842159750862663
0.0679008500968052
0.0670019358639991
0.0699208820806518
0.0714224391886376
0.0722910529416652
0.099992424880071
0.084616614763064
0.0726647588586786
0.103291810453669
0.0705841259153317
0.0916362259069103
0.0792870970457216
0.0856367309148993
0.0714897735880982
0.0728499284572024
0.0679277838565895
0.0792332295261531
0.0925755407793929
0.0766644221866954
0.0655980136352241
0.103857419409138
0.0892054540863683
0.0768495917852192
0.0749675953202598
0.0616993519064124
0.058160929214722
0.0550164127598691
0.0665204949078486
0.0542488006060182
0.0682240552142162
0.0751460314788517
0.0632143758942902
0.0663420587492567
0.0817515360660082
0.0818188704654688
0.0602112616783188
0.0623289285413762
0.0683250568133928
0.054898577560806
0.0787517885700026
0.0723247201414097
0.0758227421934237
0.0644802626041781
0.0745198215638538
0.0696380776028889
0.0899494992004009
0.0730249978958
0.0734054372527737
0.085151923238783
0.0569017759447945
0.0667494318660147
0.0795328676037457
0.0525351401397245
0.102739668378092
0.0609283730325672
0.10250063126
0.0710386331116979
0.0937303257301778
0.0722910529416652
0.0775330359397515
0.0657697163538558
0.0716783099065879
0.0557840249137485
0.0735098055719163
0.0691398030468804
0.0683890244928875
0.06034593047724
0.0709241646326007
0.062743035098066
0.0673992088208024
0.0701026849591813
0.0627834357377424
0.0633490446932115
0.0720419156636751
0.0993157141654706
0.0807314199141445
0.0574707516202295
0.0758328423533499
0.0693822068849386
0.0526260415790034
0.110324888477408
0.0727522935779916
0.0701329854389314
0.062510731419934
0.0979622927362982
0.075634205874934
0.0911951855904363
0.0549490783604085
0.0937404258900756
0.0558648261931012
0.0590935106472728
0.0576087871391451
0.0692711051258357
0.0597904216816971
0.0580834946553352
0.0756375725948999
0.0622380271020972
0.0843641107651081
0.0738868782089241
0.0715773083073827
0.0603492971972059
0.0696582779227413
0.0642984597256202
0.0657697163538558
0.0552722834778194
0.0609283730325672
0.0595412844036787
0.0617767864657992
0.0600934264792556
0.0560533625115909
0.0750214628398282
0.0729071626967368
0.061891254944868
0.066345425469251
0.0649482366804079
0.0794251325646087
0.042643716858862
0.066665263866696
0.0470945206632507
0.0761324804309425
0.0656384142749005
0.0659481525124193
0.0780717111354363
0.0721732177426304
0.0696212440030308
0.0580094268159428
0.0507844457537203
0.0632648766938928
0.0630292062957665
0.0611775103105856
0.0558311589933567
0.0718028785455829
0.0541275986869891
0.0560903964312729
0.0735030721319845
0.0642849928457281
0.0661131217910906
0.0606119013551165
0.0610866088713067
0.0529728137362326
0.057043178183676
0.0532758185337912
0.0559052268327775
0.0556964901944355
0.0724189883006545
0.0668369665852993
0.0489866172881079
0.0514611564683207
0.0629113710967033
0.0628373032573109
0.0616185506270597
0.062211093342313
0.0619316555845444
0.0502390371181036
0.0771054625031695
0.0654263109165925
0.0530536150155854
0.0652950088376372
0.0684395252924901
0.0679883848160898
0.0501279353589723
0.0656821816345428
0.0501144684790802
0.0631436747748637
0.0496902617624926
0.0470945206632507
0.0707760289537873
0.0458353673933232
0.0426403501388961
0.0598577560811577
0.0583090648935354
0.0560533625115909
0.0706985943944289
0.0588713071290385
0.0786339533709395
0.0533667199730701
0.0532320511741489
0.0538717279690388
0.0681567208147555
0.0512894537496891
0.0485321100917417
0.0458926016328576
0.053120949415046
0.0495959936032477
0.0509628819123122
0.0616387509468836
0.0491515865668077
0.0529728137362326
0.045825267233397
0.0636217490110198
0.0527607103779246
0.058039727295693
0.0638910866088906
0.0560533625115909
0.0502390371181036
0.0526260415790034
0.0426403501388961
0.0478116320175275
0.0515183907078551
0.0482627724938993
0.0635678814914513
0.0818087703055426
0.0801624442387094
0.0657259489942135
0.0575380860196901
0.0520233987038239
0.053902028448789
0.0582147967342905
0.0426874842185043
0.0589790421681755
0.0566021378672019
0.0618878882249021
0.0544407036444738
0.0539255954886073
0.0600799595993635
0.0506935443144698
0.0568075077855497
0.0434954970120316
0.0542589007659444
0.0525351401397245
0.0650862721993235
0.051272620149831
0.0521951014224555
0.0531647167746883
0.0529627135763064
0.0479395673764884
0.0599183570406581
0.0427379850181069
0.0462023398703764
0.03912886120699
0.0490404848076764
0.0675608113795079
0.0705437252756553
0.0465322784277475
0.0436335325309472
0.0565381701877072
0.0588039727295779
0.0608677720730668
0.0582787644137852
0.051292820469655
0.042094941503251
0.0498821648009482
0.0506666105546856
0.0678806497769529
0.0561577308307335
0.0458757680329995
0.0592079791263416
0.0533902870128884
0.0508416799932832
0.0623996296608027
0.0550770137193979
0.0536461577308387
0.056211598350302
0.052144600622853
0.0486095446511285
0.061110175911125
0.0355736049154132
0.0499360323205167
0.0432093258143311
0.0503467721572406
0.0524880060601163
0.0535013887719913
0.0501683359986487
0.0551342479589323
0.0743817860449667
0.0460205369918469
0.0540333305277443
0.0534273209325988
0.0439971382880344
0.0660895547513007
0.0664127598687116
0.0472392896220981
0.0335805066913508
0.0508753471929992
0.0778798080969807
0.043960104368324
0.0434954970120316
0.0446974160424247
0.0448691187610564
0.0400580759195464
0.04438431108494
0.0429130544567045
0.0850711219594302
0.0863774093089944
0.0466703139466347
0.0355736049154132
0.0462764077097972
0.044811884521522
0.0436335325309472
0.043832169009363
0.050208736638325
0.0531478831748302
0.0471416547428873
0.0604132648767006
0.0483402070532861
0.0477038969783621
0.0473133574614906
0.0444987795640088
0.0505824425553385
0.0480877030553017
0.0428221530174255
0.049747496002027
0.03912886120699
0.0461383721909101
0.0434954970120316
0.0319745812642225
0.048219005134257
0.0556224223550146
0.0387248548101979
0.0418491709452269
0.0491280195269894
0.045613163875089
0.0432093258143311
0.0587804056897596
0.048114636815086
0.0494949920040426
0.0484782425721733
0.0459666694722785
0.0506666105546856
0.0536158572510885
0.0442866762057008
0.0398863732009147
0.032913896136705
0.0488048144095785
0.0470945206632507
0.0377990068176075
0.0482291052941832
0.0381828128945472
0.0553497180372062
0.0478924332968802
0.0463269085093998
0.0557705580338563
0.0507676121538623
0.0436503661308052
0.0457916000336809
0.0459801363521706
0.0398964733608409
0.0352133658782918
0.0545787391633894
0.0443203434054453
0.0337656762898746
0.0327421934180734
0.0554406194764852
0.0337219089302323
0.0476634963386857
0.0450845888393303
0.0412364279101212
0.0396002020032142
0.0520301321437557
0.0345063546839697
0.0432261594141892
0.0491212860870291
0.0383343152933264
0.0360516791515977
0.0422700109418486
0.0399739079202277
0.0414821984681453
0.0519257638246131
0.0366778890665955
0.0540333305277443
0.0428457200572439
0.0432463597340416
0.0546427068428557
0.0391389613668878
0.040037875599694
0.0494377577645082
0.0404721824762362
0.0559759279522041
0.0478318323373514
0.0374926353000546
0.0400816429593647
0.0405731840754129
0.0429669219762729
0.0336040737311691
0.0455087955559463
0.0368967258648354
0.0407684538338629
0.0343144516454856
0.042519148219867
0.0447950509216355
0.0321833179025361
0.0472325561821378
0.0375869034592995
0.0350551300395523
0.0402600791179282
0.0431015907751942
0.0337656762898746
0.0350483965996204
0.0507305782341518
0.0441048733271714
0.0374724349802307
0.0362368487501215
0.0376946384984365
0.0361493140308085
0.037852874337176
0.0422329770221381
0.0510874505513073
0.0337555761299768
0.0455660297954807
0.0390716269674272
0.0271736385826102
0.0448825856409485
0.046905984344761
0.0420107735039323
0.0367553236259539
0.0366206548270327
0.036964060264296
0.0428692870970622
0.0353817018769576
0.0521075667031425
0.0468992509048007
0.0469935190640456
0.033715175490272
0.0381121117751206
0.0388864573689034
0.0421319754229614
0.0317355441461302
0.0403240467974229
0.0365095530679298
0.0357217405942265
0.0318567460651593
0.037620570659044
0.0293014056055938
0.045168756838649
0.0395665348034697
0.0381996464944052
0.0355096372359185
0.0318567460651593
0.0347251914822095
0.03039558959685
0.0294764750441914
0.0395227674438274
0.0323752209409918
0.0347554919619597
0.0369371265045118
0.0546225065230317
0.0360011783519951
0.0306043262351636
0.0355332042757368
0.0439197037286476
0.0407650871138969
0.0539356956485335
0.0344962545240435
0.0254633448363109
0.0401961114384335
0.0371458631428538
0.0367115562663116
0.0366879892264933
0.0308063294335454
0.0357015402744025
0.0388527901691873
0.0334357377325318
0.0348295598013806
0.033802710209585
0.0334559380523558
0.029631344162965
0.0323482871812075
0.037283898661741
0.0321934180624623
0.032045282383649
0.0432732934938258
0.0310824004713481
0.0364422186684692
0.0416774682265952
0.0365768874673904
0.0325738574194077
0.0365634205874983
0.0364556855483613
0.0357453076340448
0.026045787391638
0.0330552983755581
0.029203770726383
0.0372333978621384
0.0449196195606589
0.0346645905226808
0.0379471424964208
0.0407583536739367
0.0231436747748717
0.0270861038633257
0.0323247201414176
0.0414855651881112
0.0459195353926418
0.0372636983418886
0.0292677384058777
0.034654490362783
0.042202676542388
0.032402154700776
0.0298670145610629
0.0343447521252358
0.028210588334332
0.0347857924417099
0.0279042168167791
0.0291431697668543
0.0264800942681802
0.0321092500631437
0.0334323710125375
0.033910445248722
0.0355365709957027
0.0341259153269959
0.0321126167831096
0.0271130376231099
0.0320419156636831
0.0368933591448695
0.0294630081642993
0.0338464775692273
0.0350315629997624
0.0318735796650174
0.0314224391886171
0.0361257469909901
0.0308702971130401
0.0318096119855227
0.0321934180624623
0.0323752209409918
0.0391692618466664
0.0265070280279645
0.0274564430603448
0.027998484976024
0.0331596666947291
0.0270356030637231
0.0307894958336874
0.0397483376820276
0.0272207726622469
0.0339575793283586
0.0362907162696899
0.0319476475044382
0.0278099486575343
0.0299006817608074
0.0327724938978236
0.0292677384058777
0.0354322026765601
0.0324930561400549
0.0305134247959131
0.0342807844457695
0.0326108913391181
0.0283014897735825
0.0382703476138317
0.0259616193923193
0.027483376820129
0.0334626714923161
0.0234298459725721
0.0318937799848698
0.0302541873579685
0.0376508711387942
0.0328162612574658
0.0243321269253443
0.0290825688073539
0.0328499284572104
0.028675195690596
0.0300993182392233
0.0254902785960951
0.0310925006312743
0.0318264455854091
0.0320957831832516
0.0323617540610996
0.0255609797155216
0.0306514603148003
0.0318702129450514
0.0272207726622469
0.022672333978619
0.0328701287770343
0.037408467300736
0.0286920292904824
0.0301228852790132
0.0290859355273199
0.0283014897735825
0.0316311758269592
0.0350517633195864
0.0352638666778944
0.0240223886878255
0.0294731083242255
0.0282173217742638
0.0357890749936871
0.026362259069117
0.026897567544836
0.0301565524787577
0.0320587492635411
0.020790337513688
0.0241099234071385
0.0285708273714533
0.0258875515528985
0.0245543304435785
0.0224198299806346
0.0260592542715301
0.0306514603148003
0.0301834862385419
0.0278065819375684
0.0238136520495118
0.033378503492969
0.0296077771231467
0.0277123137782951
0.0280355188957344
0.0274295093005605
0.0264834609881461
0.0266989310664201
0.0325435569396575
0.0480708694554437
0.0249751704402001
0.0255239457958112
0.0234062789327538
0.038916757848682
0.0294933086440494
0.0264060264287593
0.0369337597845458
0.0276012120191922
0.0230056392559561
0.0308231630334319
0.0260087534719275
0.0298232472014206
0.0251031057991895
0.0306480935948343
0.0325132564599073
0.0290421681676776
0.0506295766349751
0.0442462755660245
0.028904132648762
0.0315369076677143
0.0273352411413157
0.0295404427236861
0.0273184075414576
0.0298535476811708
0.0274261425805946
0.024820301321455
0.0263218584294407
0.022440030300487
0.0264262267485833
0.0231908088544799
0.0281533540947692
0.0240257554077914
0.0297357124821076
0.0287930308896591
0.0220360239037234
0.0245543304435785
0.0232514098140086
0.0282880228936904
0.0246519653227892
0.0261838229105251
0.0273823752209523
0.021359313189123
0.0229012709367851
0.0256283141149822
0.022352495581174
0.0218306539853756
0.0240190219678595
0.0273689083410602
0.0296717448026413
0.0240627893275018
0.0313551047891565
0.027803215217574
0.0241469573268205
0.0247226664422158
0.0233759784530037
0.0268740005050176
0.0209721403922174
0.0336646746906979
0.0254465112364244
0.022672333978619
0.0254566113963506
0.024284992845736
0.024604831243181
0.024625031563005
0.025725948994193
0.0249213029206317
0.0267763656258069
0.0240223886878255
0.0237261173301988
0.0262275902701958
0.0267965659456308
0.0279547176163817
0.025493645316061
0.02341637909268
0.0270154027438707
0.0289007659287961
0.0284462587324299
0.0295370760037201
0.0229046376567794
0.0260424206716721
0.0258673512330745
0.0204132648767086
0.0279715512162397
0.019830822321353
0.0224198299806346
0.0259649861122853
0.0214199141486517
0.0242243918862073
0.0240526891675756
0.0268605336251255
0.0222144600622869
0.0196961535224318
0.0240425890076779
0.0213458463092309
0.0251199393990476
0.0250189377998424
0.0253354094773215
0.0250593384395188
0.0231032741351669
0.0221302920629682
0.0298973150408415
0.0239516875683989
0.0240190219678595
0.0214704149482543
0.0239011867687964
0.0261299553909566
0.0211337429509513
0.0270625368235073
0.0221067250231499
0.0213727800690151
0.0243826277249468
0.0218979883848363
0.0229585051763479
0.0256653480346927
0.0218037202255914
0.0253859102769241
0.0233221109334352
0.0257697163538637
0.0252546081979688
0.0245475970036182
0.0238910866088702
0.0227733355778241
0.020665768874693
0.0228070027775402
0.0223592290211343
0.0229349381365296
0.0230561400555587
0.0221673259826787
0.0251839070785422
0.0242142917262811
0.0247159330022839
0.0313854052689351
0.0228440366972507
0.0212751451898043
0.0227464018180399
0.0245038296439759
0.0240156552478936
0.0227295682181818
0.0231335746149455
0.0223491288612081
0.0217801531857731
0.0195648514434765
0.0206927026344772
0.0242647925258836
0.0213357461493331
0.0237227506102329
0.023736217490125
0.0210529416715701
0.0256754481945904
0.0242142917262811
0.0241368571669227
0.0276180456190502
0.0238540526891882
0.0217868866257049
0.0234870802121065
0.0242917262856679
0.021143843110849
0.0199621244003083
0.0225140981399079
0.0224736975002315
0.0245812642033627
0.0226016328591925
0.0215983503072152
0.021359313189123
0.0221370255029001
0.0242378587660994
0.0211573099907412
0.0206994360744091
0.0261265886709907
0.021359313189123
0.0194571164043396
0.023736217490125
0.0250728053194109
0.0235678814914593
0.0223794293409583
0.0234971803720327
0.0219215554246261
0.0226959010184373
0.0252175742782583
0.0193325477653445
0.0227632354178979
0.0196759532026078
0.0178208904974326
0.023648682770812
0.0233221109334352
0.0226891675785055
0.021039474791678
0.0230527733355927
0.0235880818113117
0.0227935358976481
0.0199452908004503
0.0242243918862073
0.0219114552647284
0.0217094520663181
0.0223996296608107
0.0204772325562033
0.0185447352916412
0.0211573099907412
0.0191069775271444
0.0218003535055971
0.0267292315461702
0.0215949835872493
0.0201641275986901
0.0240829896473542
0.0217532194259888
0.0191002440872126
0.0217060853463522
0.0210159077518881
0.021871054625052
0.0176222540190167
0.0235375810117091
0.0214030805487937
0.020558033835556
0.0228103694975346
0.0213525797491911
0.0234567797323564
0.0207398367140854
0.0214434811884701
0.0198106220015291
0.022759868697932
0.0207095362343352
0.0183696658530437
0.0242277586061732
0.0263353253093328
0.0255643464354876
0.0206893359144829
0.019793788401671
0.0206624021546986
0.0220494907836155
0.0188006060095915
0.021039474791678
0.020807171113546
0.0206624021546986
0.0201439272788662
0.0201708610386504
0.0217161855062784
0.0212684117498725
0.0180329938557406
0.0234264792526062
0.0205681339954538
0.0212179109502699
0.0182248968941963
0.0290186011278593
0.0193796818449812
0.0195379176836923
0.0191473781668208
0.0208778722329726
0.0200294587997689
0.0255441461156636
0.0243220267654181
0.0197702213618527
0.017736722498114
0.0211775103105936
0.0210125410318938
0.0188713071290465
0.0195412844036866
0.0208442050332565
0.0224332968605268
0.0181137951350934
0.0237934517296594
0.0232884437336907
0.0236958168504486
0.0229753387762059
0.0216488511068178
0.0191002440872126
0.0207432034340513
0.0208341048733303
0.0205108997559194
0.0222380271021052
0.0279917515360637
0.0200967931992295
0.0209822405521436
0.0254195774766401
0.0161240636310254
0.0236756165305962
0.0199587576803424
0.0193460146452367
0.0193157141654865
0.018709704570341
0.0183359986533276
0.0187804056897676
0.0185986028112097
0.0196086188031472
0.0179555592963538
0.0195480178436185
0.0194301826445553
0.0196557528827555
0.0183292652133673
0.0230830738153429
0.0198779564009897
0.0224635973403053
0.0193291810453786
0.0238506859691938
0.0229383048564955
0.0195513845635844
0.0196927868024659
0.0196321858429371
0.0174606514603113
0.0198745896810237
0.0225544987795843
0.0173495497012084
0.0248607019611313
0.0190968773672182
0.0281365204949111
0.0168277081053816
0.0185548354515674
0.0222784277417816
0.0187501052100174
0.0177131554582957
0.0162486322700204
0.023648682770812
0.0211573099907412
0.0180329938557406
0.0209081727127511
0.0192079791263495
0.0205142664758853
0.0208273714333984
0.0199486575204162
0.0187972392896256
0.018945374968439
0.0190396431276838
0.0195513845635844
0.0233692450130434
0.0198745896810237
0.0247866341217104
0.0215343826277206
0.0171105125831161
0.0187635720899095
0.0248910024408815
0.0205917010352721
0.0191170776870706
0.0181676626546619
0.0214434811884701
0.0173394495412822
0.0207836040737277
0.0221706927026446
0.0170128777039054
0.0199082568807398
0.0180902280952751
0.0203257301573956
0.0217296523861705
0.0183528322531856
0.0176323541789429
0.0164876693881126
0.0225780658193742
0.0233793451729696
0.0241065566871441
0.0197971551216369
0.0179589260163482
0.0197870549617107
0.0188612069691203
0.0208341048733303
0.0210798754313544
0.0192685800858499
0.0215343826277206
0.0188275397693758
0.0201876946385084
0.0187366383301253
0.0176761215385852
0.0174606514603113
0.0179589260163482
0.0190430098476497
0.0178882248968932
0.0194638498442998
0.0177333557781481
0.01993855736049
0.0187231714502332
0.0201237269590138
0.016760373705921
0.0198880565609159
0.0179824930561381
0.018285497853725
0.0187366383301253
0.0195143506439024
0.0163496338691971
0.0183831327329358
0.0165819375473575
0.017524619139806
0.0225780658193742
0.0166156047470736
0.0164270684285839
0.0199553909603765
0.0193662149650891
0.0162654658698784
0.0185716690514255
0.0172855820217137
0.0165550037875732
0.0199250904805979
0.019477316724192
0.0185413685716753
0.0174774850601978
0.0190396431276838
0.0176963218584376
0.0153732850770325
0.0189117077687229
0.017841090817285
0.0172620149819238
0.0169287097045867
0.0195446511236526
0.0192147125662814
0.0194200824846575
0.0162014981903837
0.020046292399627
0.0184336335325384
0.0181272620149855
0.0174505513004135
0.0186289032909883
0.0167368066661027
0.0147403417220744
0.019726454002182
0.0201169935190819
0.0200361922397292
0.0172148809022872
0.0157941250736542
0.0167132396263128
0.0190564767275418
0.0173798501809586
0.0173428162612765
0.0187366383301253
0.0204940661560613
0.0185918693712779
0.016544903627647
0.0181306287349514
0.0196961535224318
0.0184572005723567
0.0188107061695177
0.0181373621749117
0.0193359144853105
0.0192180792862757
0.0180161602558826
0.0155584546755279
0.0207230031142274
0.0183460988132254
0.01885447352916
0.0179892264960984
0.0174135173807031
0.0205277333557774
0.0164607356283284
0.0158075919535463
0.0167805740257734
0.0163496338691971
0.0165516370676073
0.0176996885784035
0.0168984092248081
0.0166425385068578
0.0162957663496286
0.0181676626546619
0.0182114300143041
0.0160769295513887
0.0175313525797662
0.016868108745058
0.0192652133658839
0.018625536570994
0.019510983923908
0.0162486322700204
0.0198173554414609
0.0215343826277206
0.0205546671155616
0.015763824593904
0.0180498274555987
0.0198510226412054
0.0173259826613901
0.0182585640939408
0.0167536402659891
0.0198644895210975
0.018817439609478
0.0178511909772112
0.0160634626714966
0.0146528070027898
0.0183864994529017
0.0169354431445186
0.0194167157646632
0.0171172460230764
0.0163496338691971
0.0189319080885468
0.0164876693881126
0.0202920629576795
0.0170364447437237
0.0178848581769273
0.017080212103366
0.0166964060264263
0.0170936789832581
0.0193258143254127
0.0197735880818186
0.0185514687316015
0.0194066156047654
0.0192786802457761
0.0162149650702759
0.0170600117835136
0.0186794040905625
0.0163698341890495
0.0151611817187245
0.018056560895559
0.0162856661897308
0.0167940409056655
0.0159826613921439
0.0190800437673602
0.0178949583368535
0.0176424543388691
0.0177670229778641
0.0165179698678628
0.0158547260331829
0.0162688325898444
0.0164607356283284
0.0177333557781481
0.0163058665095548
0.0167368066661027
0.0166156047470736
0.016972477064229
0.0164035013887656
0.0163496338691971
0.0155921218752724
0.0171744802626108
0.0161509973908096
0.0222211935022472
0.0139962966080418
0.0167502735459948
0.0190531100075759
0.0158513593131886
0.0176256207390111
0.0183292652133673
0.0218340207053416
0.015002945879985
0.0168512751451999
0.0156897567544831
0.0185077013719592
0.0170229778638316
0.0186659372106703
0.0163732009090154
0.0165179698678628
0.015763824593904
0.0161341637909231
0.0175683864994483
0.0168142412254895
0.0152790169177877
0.0149625452403086
0.0169623769043028
0.0178141570575008
0.0193796818449812
0.017080212103366
0.0169320764245526
0.0176256207390111
0.0168378082653078
0.0158984933928252
0.0154204191566407
0.0182821311337591
0.0152520831580034
0.0150500799595932
0.0169085093847343
0.0161509973908096
0.0150130460399112
0.0179723928962403
0.0142993014056003
0.0179387256964958
0.0163294335493731
0.0155247874758118
0.0163799343489757
0.0164674690682602
0.0147639087618927
0.0163563673091573
0.0163799343489757
0.0164910361080786
0.0160634626714966
0.0152520831580034
0.0152554498779693
0.0182955980136512
0.0173697500210608
0.0147235081222163
0.0162957663496286
0.0169994108240132
0.0162890329096967
0.0152891170776854
0.0153833852369303
0.016083662991349
0.0145484386836188
0.0181945964144461
0.0163462671492312
0.016191398030486
0.0158075919535463
0.0154742866762092
0.0187501052100174
0.0149591785203427
0.0155584546755279
0.016884942344916
0.0145619055635109
0.0160331621917464
0.0155853884353121
0.0143599023651291
0.0147167746822845
0.0197735880818186
0.0191204444070365
0.0147605420419268
0.0150164127598771
0.0150803804393718
0.0142993014056003
0.0165920377072837
0.0151477148388324
0.0161072300311389
0.0185817692113517
0.0153665516370722
0.0149356114805244
0.016423701708618
0.0170600117835136
0.0148009426816031
0.0179824930561381
0.0152554498779693
0.0147403417220744
0.0177973234576427
0.0151477148388324
0.0150601801195194
0.0155045871559594
0.0159658277922858
0.0171206127430423
0.0172014140223951
0.0146460735628295
0.0146898409225003
0.0193561148051629
0.017097045703224
0.0159052268327571
0.0164809359481524
0.0150702802794456
0.0171408130628947
0.0119998316640135
0.0162755660298046
0.0181407288948776
0.0166896725864945
0.0168748421850182
0.015443986196459
0.0187231714502332
0.018393232892862
0.0148379766013136
0.0161947647504519
0.0160398956316783
0.0166661055466761
0.0161173301910651
0.0144979378840162
0.0149591785203427
0.0156796565945569
0.0158850265129331
0.0156224223550225
0.0142387004461
0.0151746485986166
0.0196086188031472
0.0171542799427868
0.0153227842774299
0.0146393401228977
0.0140703644474343
0.0173764834609926
0.0157099570743355
0.0164338018685442
0.0155550879555619
0.0160264287517862
0.0121479673428269
0.015356451477146
0.0147235081222163
0.0140669977274683
0.0153800185169644
0.0148043094015691
0.0166492719468181
0.0145720057234371
0.0143060348455606
0.0146124063631135
0.0162486322700204
0.0157335241141254
0.0165314367477549
0.0152621833179012
0.0146898409225003
0.0166728389866364
0.0134306876525727
0.0156291557949828
0.0145147714839027
0.0140871980473207
0.0146763740426081
0.0147268748421823
0.0142791010857763
0.0156830233145513
0.0156897567544831
0.016228431950168
0.0152992172376116
0.0138919282888708
0.0204368319164985
0.0142723676458161
0.0139929298880759
0.0125957410992328
0.0142454338860318
0.0153295177173618
0.0137707263698417
0.0145349718037266
0.0129122127767118
0.0146763740426081
0.0135316892517494
0.0149322447605584
0.0143868361249133
0.0137404258900915
0.01796565945628
0.0139760962881894
0.0146662738826819
0.0148548102011716
0.0147841090817451
0.0157469909940176
0.0139828297281497
0.0177737564178244
0.0147268748421823
0.0136259574109943
0.015231882838151
0.0193830485649471
0.014790842521677
0.0143969362848395
0.0140871980473207
0.0140669977274683
0.0148346098813192
0.0191271778469968
0.0161274303509913
0.0133936537328623
0.0154507196363909
0.0135956569312441
0.0140400639676841
0.0150871138793036
0.0142757343658104
0.0157267906741936
0.0146326066829374
0.0139424290884733
0.0139491625284052
0.014558538843545
0.0142993014056003
0.0142993014056003
0.0134508879723967
0.0154709199562433
0.0178713912970352
0.0139727295682235
0.0139525292483995
0.0135148556518914
0.0158479925932227
0.0168041410655633
0.0181306287349514
0.0139996633280077
0.0139424290884733
0.0128886457368935
0.0135922902112782
0.012922312936638
0.0142656342058842
0.0123129366214982
0.0133061190135493
0.0143969362848395
0.0130738153354173
0.0148312431613533
0.0143094015655265
0.0149558118003483
0.014006396767968
0.0160432623516726
0.0146662738826819
0.0135586230115337
0.0141915663664633
0.0126193081390511
0.0130637151754911
0.0144609039643342
0.0125351401397324
0.0138077602895521
0.0139289622085812
0.0147369750021085
0.0143094015655265
0.0151746485986166
0.0136528911707785
0.0168883090649103
0.0156123221950963
0.0157234239542277
0.016120696911031
0.0126294082989773
0.0151342479589403
0.0132825519737594
0.0141242319670027
0.0131276828549858
0.0153429845972539
0.0136899250904889
0.0172855820217137
0.0122725359818219
0.0165516370676073
0.0129694470162462
0.0136831916505287
0.0133061190135493
0.0135451561316415
0.0135316892517494
0.0138447942092625
0.0122624358218957
0.0142454338860318
0.0141747327666053
0.0121850012625373
0.0137875599696997
0.0126630754986934
0.0133061190135493
0.0132758185337991
0.0129627135763144
0.0145989394832213
0.0130536150155649
0.0130771820553832
0.0123095699015323
0.0131276828549858
0.0127741772578247
0.0120334988637296
0.0130940156552413
0.0131175826950596
0.0136831916505287
0.0131781836545883
0.0139558959683654
0.0142723676458161
0.0144777375641922
0.0126597087787275
0.015215049238293
0.0135451561316415
0.0148884774008877
0.0121176668630767
0.0136495244508126
0.012925679656604
0.0143666358050609
0.0126967426984379
0.0125519737395905
0.0129997474959964
0.0135619897314996
0.0129997474959964
0.0134003871727941
0.0127977442976146
0.0149322447605584
0.0134071206127544
0.0174741183402034
0.0125587071795508
0.0132892854136912
0.0138212271694442
0.0121008332631902
0.0157368908341198
0.0128044777375749
0.0137033919703811
0.0128280447773932
0.0131243161350199
0.0120200319838375
0.0135148556518914
0.0121984681424294
0.0126866425385117
0.0154843868361354
0.0132926521336572
0.0119728979042293
0.0143902028448792
0.0126597087787275
0.0122388687821058
0.0132185842942647
0.012477905900198
0.0134037538927885
0.0129593468563201
0.0129458799764279
0.0127640770978985
0.013050248295599
0.0119392307044848
0.0127741772578247
0.014006396767968
0.012410571500709
0.0128886457368935
0.0130771820553832
0.0125250399798063
0.0130569817355592
0.0133801868529702
0.0131613500547303
0.0130468815756331
0.0134407878124705
0.0123196700614585
0.0130266812557807
0.0131175826950596
0.0123062031815664
0.0132657183738729
0.0135451561316415
0.0119627977443031
0.0124375052604933
0.0126125746991193
0.0119998316640135
0.0126664422186877
0.0138683612490524
0.0137808265297679
0.0119089302247346
0.0128044777375749
0.0122557023819638
0.0136966585304208
0.0119829980641555
0.0122927363016743
0.0126967426984379
0.0125250399798063
0.0130064809359567
0.0118281289453819
0.0126630754986934
0.0122052015823613
0.0119728979042293
0.0116193923070398
0.0121513340627928
0.0120705327834401
0.011966164464269
0.0115419577476814
0.0135485228516075
0.0119089302247346
0.0120873663832981
0.0120435990236558
0.0125284066997722
0.01271020957833
0.0121210335830426
0.0122961030216402
0.0133364194933279
0.0128145778975011
0.0136427910108523
0.0122220351822193
0.0124745391802037
0.0131209494150255
0.0119796313441611
0.0126496086188013
0.0122927363016743
0.0127068428583641
0.011949330864411
0.0144070364447373
0.0132017506944067
0.0136091238111362
0.0129189462166437
0.0130199478158488
0.0136124905311021
0.0124139382207034
0.0120166652638716
0.0124206716606352
0.0122119350223215
0.013814493729484
0.012477905900198
0.0128718121370355
0.0125351401397324
0.0122052015823613
0.0122052015823613
0.0138380607693023
0.012693375978472
0.0121446006228609
0.0119998316640135
0.0123634374211008
0.0123230367814244
0.0129122127767118
0.0121109334231164
0.0124509721403854
0.0125486070196246
0.0120671660634741
0.011929130544587
0.0129627135763144
0.012036865583724
0.0119829980641555
0.0127472434980405
0.01226580254189
0.0142757343658104
0.0121378671829007
0.0128785455769673
0.0126698089386537
0.0128953791768538
0.0118180287854557
0.0130401481356728
0.0128482450972172
0.0120604326235139
0.0123870044609191
0.0119156636646949
0.0120469657436217
0.0118920966248766
0.0122792694217821
0.012286002861714
0.0120873663832981
0.0118281289453819
0.0123634374211008
0.0123129366214982
0.0118516959852002
0.0122254019022137
0.0118853631849163
0.0122557023819638
0.0125351401397324
0.0120772662234003
0.0124375052604933
0.0127708105378304
0.0118516959852002
0.0122052015823613
0.0115958252672499
0.0125587071795508
0.0122792694217821
0.0130940156552413
0.0116496927868184
0.0123499705412087
0.0120435990236558
0.0126799090985799
0.0118617961451264
0.0126967426984379
0.0126024745391931
0.012036865583724
0.0118516959852002
0.0127876441377168
0.0119829980641555
0.0121648009426849
0.0117203939062449
0.0116934601464607
0.012181634542543
0.0120806329433663
0.0123567039811405
0.0120671660634741
0.0121479673428269
0.0118045619055636
0.0115520579075792
0.0116833599865345
0.0114544230283684
0.0119324972645529
0.011945964144445
0.0122119350223215
0.012390371180885
0.0117641612658872
0.0129559801363541
0.0130233145358147
0.0116362259069263
0.0125250399798063
0.0114914569480788
0.0123567039811405
0.0121446006228609
0.011737227506103
0.0118079286255579
0.0117809948657452
0.0133195858934414
0.0115385910276871
0.0116328591869319
0.0121917347024691
0.0118786297449844
0.0119089302247346
0.0117473276660292
0.0122153017422875
0.0119829980641555
0.0121041999831846
0.011858429425132
0.0120469657436217
0.0122018348623953
0.0117675279858531
0.0114712566282265
0.01226580254189
0.0115655247874713
0.0115756249473975
0.0120435990236558
0.0112187526302705
0.0124240383806011
0.0129694470162462
0.0115150239878972
0.0123499705412087
0.0118146620654898
0.0126765423785855
0.0120402323036899
0.0117776281457793
0.0112591532699469
0.0114779900681867
0.0117102937463187
0.011945964144445
0.0118146620654898
0.0118651628650923
0.0119122969447005
0.0119695311842634
0.0117035603063869
0.0115587913475395
0.0133296860533676
0.0119829980641555
0.0116227590270341
0.0120637993435082
0.0112827203097368
0.0113298543893734
0.0124307718205614
0.0135720898914258
0.0126260415790114
0.0115890918272896
0.0117910950256714
0.0115688915074657
0.0114544230283684
0.013262351653907
0.0117473276660292
0.0114847235081186
0.012181634542543
0.0120166652638716
0.0115789916673634
0.012161434222719
0.0117877283057055
0.0119897315040873
0.0127775439777906
0.0114476895884366
0.0123466038212428
0.0123129366214982
0.011185085430526
0.0120570659035479
0.0114813567881527
0.0117439609460632
0.012161434222719
0.0121513340627928
0.0120233987038318
0.0116597929467162
0.0117607945459213
0.01182139550545
0.0117405942260689
0.0116530595067843
0.011841595825274
0.0115116572679028
0.0118651628650923
0.0119695311842634
0.0114544230283684
0.0115621580675054
0.0121311337429688
0.0121109334231164
0.0114308559885501
0.011521757427829
0.0124610723003116
0.0116530595067843
0.011945964144445
0.0113904553488737
0.012302836461572
0.0116126588671079
0.011824762225416
0.0113399545492996
0.0118819964649504
0.0115722582274316
0.0111009174312073
0.0121547007827587
0.0113668883090838
0.0124610723003116
0.0124880060600958
0.0112860870297311
0.0114072889487602
0.0129054793367516
0.010441040316465
0.0115621580675054
0.0116934601464607
0.0121412339028666
0.0117304940661711
0.0117877283057055
0.0116429593468581
0.0114510563084025
0.0115385910276871
0.0124543388603797
0.0110032825519681
0.011417389108658
0.0110268495917865
0.0123230367814244
0.0114611564683287
0.0116328591869319
0.0107844457537283
0.0111951855904522
0.011417389108658
0.0130637151754911
0.0113365878293052
0.0113870886289078
0.011646326066824
0.0110941839912471
0.0114813567881527
0.0114712566282265
0.0121850012625373
0.0114544230283684
0.0113433212692655
0.0115183907078631
0.0110840838313209
0.0115318575877552
0.0116597929467162
0.0108854473529334
0.0115352243077211
0.0114645231882946
0.011414022388692
0.0121210335830426
0.0114308559885501
0.012181634542543
0.0109931823920704
0.011521757427829
0.0106767107145913
0.0111278511909916
0.010441040316465
0.0125822742193407
0.0121580675027531
0.0112557865499525
0.0116160255870739
0.0115453244676473
0.0114476895884366
0.0113500547091974
0.0112355862301285
0.0118685295850582
0.0115991919872158
0.0116025587071817
0.012922312936638
0.0124577055803456
0.013491288612073
0.0109561484723599
0.0112860870297311
0.0108989142328255
0.011646326066824
0.0116496927868184
0.0116900934264947
0.0107002777544096
0.0110840838313209
0.0114476895884366
0.0115722582274316
0.010528575035778
0.0121412339028666
0.0113904553488737
0.0122355020621114
0.0112254860702024
0.0120974665432243
0.0103871727968965
0.0114813567881527
0.0112860870297311
0.0114611564683287
0.0108517801531889
0.0115823583873578
0.0113433212692655
0.0115823583873578
0.0115655247874713
0.0112288527901683
0.0115857251073237
0.0114914569480788
0.0123365036613166
0.0119089302247346
0.0108551468731548
0.0114645231882946
0.0117304940661711
0.0105757091154146
0.011272620149839
0.0115251241477949
0.0111177510310654
0.0105757091154146
0.011733860786137
0.0113433212692655
0.0102121033582989
0.0112625199899128
0.0112153859102762
0.011272620149839
0.0106767107145913
0.0118752630250185
0.0110369497517127
0.0111682518306679
0.0115116572679028
0.0118651628650923
0.0119122969447005
0.0103636057571066
0.0111581516707417
0.0118180287854557
0.011737227506103
0.0112120191903102
0.0108282131133706
0.0103871727968965
0.0107204780742336
0.0111278511909916
0.0103198383974359
0.0117237606262108
0.0110133827118943
0.0103501388772145
0.0112288527901683
0.0104612406363174
0.0105588755155281
0.0116496927868184
0.0115082905479369
0.0113298543893734
0.0127842774177225
0.00998316640013286
0.0107137446343017
0.0110840838313209
0.0112187526302705
0.0108383132732968
0.0110941839912471
0.0118180287854557
0.0112759868698049
0.011185085430526
0.0104612406363174
0.010740678394086
0.010865247033081
0.0122725359818219
0.00984849760121165
0.0114375894285104
0.0113399545492996
0.0114106556687261
0.0104881743961016
0.0111918188704863
0.0111110175911051
0.0109022809527914
0.0123365036613166
0.0116900934264947
0.0104612406363174
0.0112860870297311
0.0110302163117524
0.0112187526302705
0.0108214796734387
0.0109763487921839
0.010848413433223
0.0103636057571066
0.0106699772746595
0.0111278511909916
0.0115688915074657
0.0111884521504919
0.0108046460735807
0.0112187526302705
0.013067081895457
0.0100404006396957
0.0105386751957042
0.010208736638333
0.011060516791531
0.0115924585472555
0.0110369497517127
0.00985523104117192
0.0110403164716786
0.0114476895884366
0.00997643296020101
0.00966332800268788
0.0106935443144494
0.0108551468731548
0.0100538675195878
0.0104814409561698
0.0107137446343017
0.0111211177510313
0.0106868108745175
0.0108787139129731
0.0102121033582989
0.0102659708778674
0.0107945459136545
0.0108012793535863
0.011380355188976
0.0102592374379356
0.0113231209494131
0.0113062873495551
0.00986196448110377
0.013067081895457
0.00941419072469785
0.0109157478326836
0.010420839996641
0.0110807171113549
0.0104814409561698
0.0107440451140519
0.00949499200405057
0.0107743455938021
0.0109931823920704
0.0109426815924678
0.00987879808099024
0.0106228431950228
0.0106497769548071
0.0105252083158121
0.0101245686390143
0.0109999158320022
0.0103636057571066
0.00900345088797394
0.0106464102348411
0.0107137446343017
0.00969699520243239
0.0108686137530469
0.0103467721572201
0.0100639676794856
0.00982156384142741
0.00990236512078013
0.0106834441545516
0.0105218415958461
0.010420839996641
0.0105218415958461
0.0103568723171463
0.00963639424290363
0.011164885110702
0.0100000000000193
0.0112221193502364
0.0106228431950228
0.0108080127935466
0.0100336671997354
0.00990573184077448
0.010084167999338
0.0111716185506339
0.00972056224225071
0.0103602390371123
0.00952192576383482
0.0106464102348411
0.010653143674773
0.0106093763151307
0.0104747075162095
0.0102424038380775
0.0106901775944834
0.0102558707179696
0.0123129366214982
0.0102020031984011
0.0111817187105601
0.0100336671997354
0.0100404006396957
0.0102457705580434
0.0104275734365729
0.0108686137530469
0.0106262099149887
0.0101313020789462
0.0100639676794856
0.00939399040484545
0.0099191987206666
0.0101144684790881
0.00965659456275603
0.0105588755155281
0.0104915411160675
0.0103434054372542
0.0105218415958461
0.00913475296692923
0.0107474118340178
0.0104814409561698
0.0107204780742336
0.010084167999338
0.0101245686390143
0.0102390371180832
0.00938389024494768
0.0101818028785488
0.0100404006396957
0.010101001599196
0.0100639676794856
0.00991583200067225
0.00992593216059845
0.00998316640013286
0.0108585135931492
0.00988216480095616
0.00980136352160343
0.0102053699183671
0.0104006396767886
0.00999326656005906
0.00941755744466377
0.00983839744131387
0.00900345088797394
0.00951182560390862
0.00963639424290363
0.0103636057571066
0.0096532278427901
0.00929298880566876
0.0104006396767886
0.0105588755155281
0.00952192576383482
0.00969699520243239
0.00867014561063684
0.0121143001430823
0.010313104957504
0.0094209241646297
0.0107070111943415
0.0102356703981172
0.0103467721572201
0.0103939062368568
0.0102121033582989
0.00988553152092209
0.00941082400473192
0.00955895968354525
0.00923575456613435
0.00991583200067225
0.00964312768286391
0.0108046460735807
0.00930308896559495
0.00961282720311374
0.0108820806329391
0.00981819712146148
0.0099427657604565
0.00982493056142175
0.00997643296020101
0.00897315040822377
0.00947479168419818
0.00997306624023508
0.0100000000000193
0.0100269337598036
0.00979463008164316
0.00942765760458997
0.0103265718373962
0.00978789664171131
0.0104141065566807
0.00893274976854741
0.00984849760121165
0.0101144684790881
0.00925932160592424
0.00871727969027347
0.0105050079959597
0.0103669724770725
0.00964986112279576
0.00975086272200087
0.00951182560390862
0.00877788064977381
0.00994949920041677
0.0093098224055268
0.0097542294419668
0.00999663328002498
0.0110369497517127
0.00945795808434013
0.00964986112279576
0.0100808012793721
0.00935022304520317
0.0107137446343017
0.00893274976854741
0.0105420419156701
0.00868024577056303
0.00952192576383482
0.0103198383974359
0.00932328928541892
0.00866004545073906
0.00887888224897893
0.0105555087955622
0.00948152512415845
0.00935358976516909
0.00939399040484545
0.00913811968689515
0.0101750694386169
0.0101313020789462
0.00936368992509529
0.00893611648851333
0.00943102432455589
0.00957242656343738
0.00928288864574256
0.00932665600538485
0.00941419072469785
0.0090640518475027
0.00941755744466377
0.00900345088797394
0.00860281121117623
0.00925595488595832
0.00921218752631603
0.00912465280700303
0.00945795808434013
0.0101346687989405
0.00891591616868936
0.00966332800268788
0.00934348960527132
0.00963976096289798
0.00945795808434013
0.00890244928879724
0.00901691776786606
0.00978789664171131
0.009319922565453
0.00918188704656586
0.00975759616193272
0.00963639424290363
0.00948152512415845
0.00891254944869502
0.00909771904721879
0.00921892096624788
0.00997979968016693
0.0089765171281897
0.00901691776786606
0.00976769632185892
0.00945459136437421
0.00952865920376667
0.00885194848919468
0.00955895968354525
0.00921555424628195
0.0101144684790881
0.00940409056477165
0.00885868192912653
0.00943439104452182
0.00896978368825785
0.00845804225232882
0.00855567713156802
0.0084445753724367
0.00925258816599239
0.00828297281373125
0.010101001599196
0.00948152512415845
0.00896978368825785
0.0089664169682635
0.00853547681171563
0.00949499200405057
0.00859607777124438
0.00931318912549273
0.00868024577056303
0.00939399040484545
0.0104982745560278
0.00970036192239832
0.00875094688998956
0.008875515529013
0.00963639424290363
0.00922565440620815
0.00910781920714498
0.00910781920714498
0.00911791936707118
0.00939399040484545
0.00960609376315347
0.0088990825688029
0.00977106304182485
0.00927615520581071
0.00951855904386889
0.00893611648851333
0.00903375136772411
0.00929298880566876
0.00901355104790014
0.00877114720984196
0.00913475296692923
0.00956232640351118
0.00912465280700303
0.0101077350391563
0.00817187105462835
0.00965659456275603
0.00847487585221529
0.0102828044777539
0.00918188704656586
0.00918862048649771
0.00868361249052896
0.00873411329013152
0.00859607777124438
0.00767022977865395
0.00880481440955805
0.00878124736976815
0.00894958336840546
0.00919535392645798
0.00902028448783199
0.00935358976516909
0.00864994529081287
0.00851527649189165
0.00857587745139199
0.00874084673009179
0.00844120865247078
0.0100572342395537
0.00885868192912653
0.00862301153102862
0.00903038464775818
0.00824593889404923
0.0089664169682635
0.00870381281038135
0.00813147041495199
0.00885868192912653
0.0093098224055268
0.00931655584548707
0.00849844289203361
0.00915495328678162
0.0091414864068895
0.0087206464102394
0.0082661392138732
0.00854557697164182
0.00832674017340196
0.008875515529013
0.00891254944869502
0.00913475296692923
0.00846477569228909
0.00927952192577663
0.00866341217070499
0.00901355104790014
0.00955895968354525
0.00909098560728694
0.00868361249052896
0.00911791936707118
0.00904048480768438
0.00862301153102862
0.00936032320512936
0.00889234912887105
0.00836377409308398
0.00847824257218122
0.00831664001347576
0.00800690177595698
0.00950509216397677
0.00823583873412304
0.0081651376146965
0.00830317313358364
0.00887888224897893
0.00867351233063118
0.00954885952361906
0.00875768032994984
0.00869707937042108
0.00981146368152963
0.00816177089470216
0.0074210925006355
0.00823583873412304
0.00894621664843953
0.0088654153690868
0.00862301153102862
0.00884858176922876
0.00934348960527132
0.00854557697164182
0.00861627809106835
0.00849507617203926
0.00829980641361772
0.00871727969027347
0.00885868192912653
0.00827287265383347
0.00856241057149987
0.00847824257218122
0.00870044609041543
0.00789580001685408
0.00778133153775684
0.00830317313358364
0.00841090817272061
0.00867351233063118
0.00914821984682135
0.00880144768959212
0.00873411329013152
0.00816177089470216
0.00874758017002364
0.00877788064977381
0.00836377409308398
0.00823247201415711
0.00842100833264681
0.00923575456613435
0.00854557697164182
0.0086095446511365
0.00858597761131819
0.00846477569228909
0.00905731840754243
0.0083772409729761
0.0078318323373594
0.00719215554246944
0.00920208736638983
0.00773083073815428
0.0093973571248398
0.00897315040822377
0.00802710209578095
0.00864321185085259
0.00854894369160775
0.00771399713829624
0.00849170945207334
0.00849844289203361
0.00824930561401516
0.0080877030553097
0.00881491456948424
0.00817187105462835
0.00841427489268654
0.00822910529416276
0.00770053025840411
0.00779816513761489
0.00863647841092074
0.00842774177257866
0.00829980641361772
0.00784529921725152
0.00850517633196546
0.00826950593383913
0.00836714081307832
0.00870381281038135
0.00841764161265246
0.0080877030553097
0.00929635552563468
0.00866677889067091
0.00878461408973408
0.00933675616531104
0.0072325561821458
0.00903375136772411
0.0079429340964623
0.00882838144937637
0.00875094688998956
0.00855231041160209
0.0084546755323629
0.00884858176922876
0.00859944449121031
0.00790253345678593
0.00773083073815428
0.00956232640351118
0.00797996801617273
0.00858597761131819
0.00703391970372991
0.00807086945545166
0.00736049154113516
0.00810453665516775
0.00830990657351549
0.00792610049660425
0.0073099907415326
0.00940409056477165
0.00801363521588883
0.00792273377663832
0.00784529921725152
0.00890244928879724
0.00775776449793852
0.00857924417138634
0.00815503745477031
0.0073200909014588
0.00821227169430472
0.00840754145275469
0.00769379681844384
0.00797323457621246
0.00830653985354957
0.00805066913559926
0.00823583873412304
0.00923238784614
0.00785203265718337
0.00841090817272061
0.00759279521926715
0.00723928962210607
0.00848160929214714
0.00822237185423091
0.00728642370171428
0.00846140897232317
0.00755239457959078
0.00891928288865529
0.00778469825772277
0.00830317313358364
0.00743792610049354
0.00769716353843819
0.00917515360660559
0.00750189377998822
0.00790253345678593
0.0070776870633722
0.00891254944869502
0.00746822658027213
0.00883848160930256
0.0080203686558491
0.00791936705664398
0.0080001683359967
0.00790253345678593
0.00760962881912519
0.00778133153775684
0.00727969026178243
0.00766349633869368
0.00768032993855172
0.0079092668967462
0.00712482114300883
0.00749516034005637
0.00722582274221395
0.00761299553909112
0.00740762562074337
0.00813147041495199
0.00758269505934095
0.00768032993855172
0.00764666273883563
0.00736722498106701
0.0105117414359199
0.0073099907415326
0.00832000673344169
0.00772409729822243
0.00735039138120897
0.00717195522264547
0.00805740257555954
0.00819543809444667
0.0074210925006355
0.00805066913559926
0.00779479841764896
0.00678141570574553
0.00843110849254458
0.00760289537919334
0.00771063041833031
0.00779816513761489
0.00814157057487819
0.00726959010185624
0.00728305698174836
0.00771063041833031
0.00793620065653045
0.00726622338189031
0.00756922817944883
0.00747496002020398
0.00772746401818836
0.00752882753977246
0.00733019106135657
0.00740762562074337
0.00877451392980788
0.00747159330023806
0.00790253345678593
0.00774766433801233
0.00854894369160775
0.00757259489941475
0.00755576129955671
0.00746485986027778
0.00721908930225368
0.00794630081642822
0.00715175490279307
0.00726959010185624
0.00724602306203792
0.00728305698174836
0.00750862721994849
0.0074109923407093
0.00744465954045381
0.00786213281710957
0.00770726369833596
0.00725948994193004
0.00744802626041974
0.00717532194261139
0.00702045282383779
0.00802373537581502
0.0073200909014588
0.00753219425973839
0.00728305698174836
0.00773083073815428
0.00754902785962486
0.00738405858092506
0.0074985270600223
0.00755239457959078
0.00725275650199819
0.00736385826110109
0.00804056897567307
0.0073099907415326
0.00742445922060142
0.00709115394326432
0.0078217321774332
0.00772409729822243
0.00709788738322459
0.00744129282048789
0.00751199393991442
0.00725275650199819
0.00751199393991442
0.00765339617876748
0.0073200909014588
0.00720898914232748
0.00769379681844384
0.00733692450131684
0.00760626209915927
0.0080102684959229
0.00744129282048789
0.0081887046544864
0.00740425890077745
0.00755239457959078
0.00700025250401382
0.00719215554246944
0.00723928962210607
0.00717195522264547
0.0073099907415326
0.00760289537919334
0.00720225570239563
0.00727969026178243
0.00731672418146445
0.00826950593383913
0.00751199393991442
0.00635047554919765
0.00780826529754108
0.00706085346351415
0.00847824257218122
0.00763319585894351
0.00725275650199819
0.00757932833937502
0.00814493729484411
0.00773083073815428
0.00753892769969866
0.00717532194261139
0.0074985270600223
0.00730662402156668
0.00718542210253759
0.00741772578066957
0.00724602306203792
0.0073200909014588
0.0072325561821458
0.00802373537581502
0.00747159330023806
0.00729989058160641
0.00705075330358795
0.00776786465786472
0.00735375810117489
0.00728642370171428
0.00717195522264547
0.00743455938052762
0.0076668630586596
0.00710462082315644
0.00714502146286122
0.00696321858430338
0.00761299553909112
0.00717532194261139
0.00713828802290095
0.0074985270600223
0.00679488258563765
0.00697331874422957
0.00718205538254324
0.00731672418146445
0.00740425890077745
0.0078217321774332
0.00749179362006203
0.00728979042168021
0.00684201666527429
0.00746485986027778
0.00763319585894351
0.00716522178268519
0.00660297954718203
0.00716858850265112
0.00761299553909112
0.00711808770304856
0.00719888898242971
0.00718542210253759
0.00708778722329839
0.00680498274556385
0.00689588418484277
0.00822573857419684
0.0075658614594829
0.00710125410319051
0.00664674690682432
0.00721908930225368
0.007242656342072
0.00734365794124869
0.00665011362681867
0.00760289537919334
0.00717532194261139
0.00725275650199819
0.00697331874422957
0.00735375810117489
0.0072224560222196
0.00762309569901731
0.00747832674016991
0.00718878882250351
0.00700361922397974
0.00720562242236156
0.00703055298376398
0.00680498274556385
0.00746822658027213
0.00723928962210607
0.00708778722329839
0.00717532194261139
0.00727969026178243
0.00719888898242971
0.00731335746149853
0.00695985186433745
0.00694301826445098
0.00683864994530836
0.00727632354178809
0.007155121622759
0.00702381954380371
0.00677804898577961
0.0070440198636561
0.00812473697502014
0.00632690850937934
0.00693965154448506
0.00681508290549004
0.00707432034340627
0.00759616193923307
0.00709452066325866
0.00700361922397974
0.0067881491457058
0.00743455938052762
0.00711135426311671
0.00698678562412169
0.00681508290549004
0.00734029122128277
0.00684201666527429
0.00659961282721611
0.00703055298376398
0.00718205538254324
0.00706422018348007
0.00674774850602944
0.00664674690682432
0.00710125410319051
0.00768706337851199
0.00719888898242971
0.00718205538254324
0.00701371938390594
0.00691945122466109
0.00674774850602944
0.00734029122128277
0.00846140897232317
0.00661644642707415
0.0072325561821458
0.00731672418146445
0.00696995202423523
0.00777796481779092
0.00692281794462701
0.007242656342072
0.00700025250401382
0.00708442050333247
0.00674438178606351
0.00683864994530836
0.00690261762477462
0.00738069186095913
0.00700361922397974
0.00684875010520614
0.00680498274556385
0.00646831074826082
0.00711472098308263
0.00670734786635308
0.00684875010520614
0.00702718626379806
0.00668041410656883
0.00701371938390594
0.00665011362681867
0.0063774093089819
0.00674438178606351
0.00728642370171428
0.0068655837050926
0.00686221698509826
0.00680834946552977
0.00708442050333247
0.00742445922060142
0.00758606177930687
0.00661644642707415
0.00682181634542189
0.00674774850602944
0.00719215554246944
0.00664674690682432
0.00702718626379806
0.00719215554246944
0.00656931234746594
0.00751872737984627
0.00694975170441126
0.00694638498444533
0.00612490531099752
0.00640434306876614
0.00682518306541624
0.00655247874757947
0.00713828802290095
0.00733692450131684
0.00683864994530836
0.00710125410319051
0.00666021378671644
0.00681844962545597
0.00734365794124869
0.00699688578401947
0.00680161602559792
0.00661644642707415
0.00659961282721611
0.00691608450466674
0.00740089218081152
0.00703055298376398
0.00659287938725583
0.0068992509048087
0.00698678562412169
0.00661307970710823
0.00682854978538217
0.00644811042840843
0.00686221698509826
0.00644811042840843
0.00687231714502445
0.00677131554584776
0.00703055298376398
0.00670734786635308
0.00719888898242971
0.00690935106473489
0.00680498274556385
0.00680834946552977
0.00649524450804506
0.00667704738660291
0.00629660802962917
0.00664001346689247
0.00682854978538217
0.00631344162948722
0.00729989058160641
0.00695311842437718
0.00698005218416142
0.00647504418822109
0.00713492130293503
0.00687905058498473
0.00686895042505853
0.00668714754650068
0.00725612322196412
0.00681844962545597
0.00691271778470082
0.00676121538592156
0.00673764834610324
0.00624610723002661
0.00632017506944749
0.00697331874422957
0.00655921218753974
0.00683864994530836
0.0065423785876817
0.00692955138455886
0.00647841090818702
0.00644811042840843
0.00683528322531402
0.00657941250736371
0.00691271778470082
0.00707432034340627
0.00658951266728991
0.00710462082315644
0.00684538338524021
0.00640097634880021
0.00646494402829489
0.00666358050671079
0.00683864994530836
0.00664674690682432
0.00621917347024237
0.00634710882923173
0.00659287938725583
0.0064548438683687
0.00646494402829489
0.00634710882923173
0.00672754818617705
0.0063673091490557
0.00635720898915793
0.00689588418484277
0.00693628482451913
0.00664674690682432
0.0060878713913155
0.00698005218416142
0.00650534466797126
0.0066097129871423
0.00668041410656883
0.00641444322869233
0.00657604578739779
0.00681171618552412
0.00649861122801099
0.0070440198636561
0.00625957410991873
0.00687905058498473
0.00640097634880021
0.00648514434811887
0.00651207810790311
0.00765676289876183
0.00665348034678459
0.00680498274556385
0.00610470499117355
0.00692955138455886
0.00656931234746594
0.0067881491457058
0.00645821058833462
0.00659961282721611
0.00667368066660856
0.0063774093089819
0.00632017506944749
0.00617203939063415
0.0065423785876817
0.00662991330696627
0.00647167746822674
0.00649861122801099
0.00624947395002096
0.00704738658362203
0.00615520579077611
0.00661644642707415
0.00643127682855038
0.00682854978538217
0.00695311842437718
0.00743119266056169
0.00598350307214446
0.0067208147462452
0.00605420419157099
0.00678141570574553
0.00624274051006068
0.006266307549879
0.00642454338861853
0.0063774093089819
0.00612153859103159
0.00643801026851065
0.00656931234746594
0.00648514434811887
0.00642117666862418
0.00662991330696627
0.00645147714840277
0.00654574530764762
0.00622927363016856
0.00632017506944749
0.00642454338861853
0.00644811042840843
0.00614173891088399
0.00658614594732398
0.00633364194933961
0.00638077602894782
0.00688241730495065
0.00622254019023671
0.00646494402829489
0.00634710882923173
0.0065423785876817
0.00619560643045247
0.00641107650872641
0.00634037538927146
0.00633027522937368
0.00631344162948722
0.0061114384311054
0.00619223971045813
0.00633700866930553
0.00709115394326432
0.00667704738660291
0.00633027522937368
0.0063774093089819
0.00628314114973705
0.006710714586319
0.00578486659372857
0.00657941250736371
0.00672754818617705
0.00658277922735806
0.00653901186768735
0.00656931234746594
0.00610133827120762
0.00581516707347873
0.00601717027186055
0.00586903459304722
0.00626294082991308
0.00637404258901597
0.00648177762815294
0.00611480515109974
0.00793620065653045
0.00658277922735806
0.00648514434811887
0.00599023651207631
0.00633364194933961
0.00628314114973705
0.0061888729904922
0.00614173891088399
0.00623600707012884
0.00640770978873206
0.00628314114973705
0.00594983587239994
0.00645821058833462
0.00659287938725583
0.00615183907078176
0.00643127682855038
0.0061888729904922
0.00633700866930553
0.00629324130966324
0.00651544482789745
0.00587576803300749
0.00591616867268385
0.00650534466797126
0.00628650786970297
0.00645147714840277
0.0060205369918549
0.00620907331034459
0.006266307549879
0.00648851106811321
0.00638414274894217
0.00633700866930553
0.00636394242908978
0.00596330275229207
0.00599360323207065
0.0063437421092658
0.00633027522937368
0.00619223971045813
0.00658277922735806
0.00587576803300749
0.00630670818955537
0.0067208147462452
0.00598013635217853
0.00664338018685839
0.00578486659372857
0.0063774093089819
0.00571416547430204
0.00693291810455321
0.00649187778807914
0.00612827203099187
0.00625620738995281
0.0061989731504184
0.0063673091490557
0.00579496675365476
0.00628650786970297
0.00587576803300749
0.00588923491289961
0.00618213955056035
0.00646494402829489
0.00621580675027644
0.00570406531437584
0.00624947395002096
0.00607440451142338
0.00612490531099752
0.00602727043178675
0.00569396515444964
0.00600370339196843
0.00649524450804506
0.00579833347362069
0.00643801026851065
0.00679151586567173
0.00580506691355254
0.00615520579077611
0.00611480515109974
0.006178772830566
0.00621580675027644
0.00643127682855038
0.00681171618552412
0.00616193923070796
0.00664001346689247
0.0060878713913155
0.00625284066998688
0.00633364194933961
0.00626967426984493
0.00670734786635308
0.00634037538927146
0.00600707011196278
0.00637404258901597
0.00576803299387052
0.00616867267066823
0.00573436579412601
0.00651207810790311
0.005821900513439
0.0058555677131551
0.00621917347024237
0.00627304098981085
0.00610133827120762
0.00583873411329705
0.00603737059171294
0.00606430435149719
0.00634710882923173
0.00583873411329705
0.00574783267401813
0.00584883427322325
0.00632017506944749
0.00635720898915793
0.00569733187441557
0.00615183907078176
0.00555592963556251
0.00633027522937368
0.00622254019023671
0.00632354178941341
0.00604073731167887
0.00621917347024237
0.00640434306876614
0.00582526723340493
0.00661644642707415
0.00603737059171294
0.00576466627387617
0.00599360323207065
0.00580506691355254
0.00656931234746594
0.00624947395002096
0.00607440451142338
0.00630670818955537
0.0060003366720025
0.00610133827120762
0.00585893443314944
0.00683864994530836
0.00631007490952129
0.00621917347024237
0.00608113795135523
0.00576129955391025
0.005821900513439
0.00592626883261005
0.00567376483462567
0.00602727043178675
0.00607440451142338
0.00576803299387052
0.0061989731504184
0.00643464354851631
0.00553572931571011
0.00624947395002096
0.00607440451142338
0.00622927363016856
0.00625957410991873
0.0058555677131551
0.00607777123138931
0.00586230115311537
0.00585893443314944
0.00590270179279173
0.00632354178941341
0.00613500547092372
0.00565356451477328
0.00548522851613598
0.00575793283394432
0.00576466627387617
0.00625284066998688
0.00597003619225234
0.00624947395002096
0.00636394242908978
0.00569733187441557
0.00589933507282581
0.00544819459642554
0.00577139971383644
0.00598350307214446
0.00594310243246809
0.00639087618887402
0.00562999747495496
0.00618550627052628
0.00574783267401813
0.00562326403502311
0.0059330022725419
0.00555592963556251
0.00644811042840843
0.00594310243246809
0.00571416547430204
0.00550879555592587
0.00578486659372857
0.00598013635217853
0.00572763235419416
0.00622254019023671
0.00571416547430204
0.00566029795473355
0.0060104368319287
0.0060003366720025
0.00577813315376829
0.00579496675365476
0.00582526723340493
0.00643464354851631
0.00606093763153126
0.00523945795808345
