8.22508465976247
9.02778762628357
9.78828551050444
10.7265507452572
9.88123488176786
9.69153369891118
8.70647067644861
8.60237543261809
10.6202857427966
9.34800045721853
8.8362152385767
8.12572022709925
11.2895520158464
9.86307669113945
9.02670978705975
10.0699661192819
9.31049350248814
9.27835038945775
9.98759008149147
9.36988682691148
13.9663864155719
8.12150574195078
12.8229648060405
8.64938573335361
9.68146525316795
9.67646155086917
10.4380169554851
10.1132911348971
9.28461768439576
14.6176919686153
11.5798584631415
12.1518875956984
8.86913912191409
13.9894471537097
10.8865071144381
6.62038904882415
12.9185293047834
8.4150635746173
9.72813963696258
8.65906121682893
8.86651185519294
10.3591299315456
12.8393679423247
12.5980045731528
9.72131904265174
9.76210842540529
8.26379664518898
9.07428006268128
12.6486179601467
10.9947115231656
10.0699748510613
13.5713055499243
13.0308995507072
9.16338488492528
7.45858639184404
13.5239277321293
12.1016204779337
10.9006887707586
9.43480124875041
10.4485732015009
10.2512720609155
9.20814016508517
8.23356121116427
8.59632407826996
7.7036835285769
7.92924700859283
10.7744186464814
7.81965423015451
7.66760378025951
8.45379797365857
13.1371998224544
11.0741270316975
8.00913983885556
11.2484300127699
11.902671387916
12.7307088575048
8.36253741642039
11.4335045659292
8.47052934808214
8.59557998921897
8.16662178839302
11.1541182365849
7.88662544605965
11.8299581393537
7.10510037245896
10.4156871952063
11.1421416354093
8.00753296445059
7.91002016915309
11.0636213438059
9.53765278040161
12.4174820481679
11.0957846024397
7.53711369610223
12.6752634619412
11.9721789257842
10.3082093222908
7.36788053947419
10.9768478092129
9.2592367099975
7.63072685106602
10.2999052140758
12.9183079890069
10.2610267701159
9.09172974111504
9.29026668553848
11.3548069851661
5.79488693418825
12.0208811922755
10.1173968638054
8.73109776442614
7.02216328199087
8.52427908304088
12.9698440151423
8.69109249128884
10.9308117966105
9.82199962669321
8.16238863310638
14.5289609956035
12.6043573639158
12.5197579353552
7.86596372394913
8.16008850900265
13.4449954842107
9.61364164764207
12.7924657701204
9.97151702403978
9.35607368290992
11.0429172301287
10.3113339603183
8.29901286304878
11.1412721096245
7.81538427608014
9.83881155322258
13.8028022732323
8.25241929704448
10.4038002000877
8.39112303580851
9.80054826384132
10.81171625247
11.9825196758057
13.4093001045936
12.0515134876495
9.11372378364638
11.1458803714701
11.9914785042228
13.2237680960766
8.31240670204337
7.6969208212936
8.42260868986194
7.52259798898598
10.3553213631453
12.4188142339545
10.9884461858579
10.1152690231696
10.2517793796032
10.1704599326987
5.63783362415569
8.27077911921476
9.68065198415206
8.55899723649742
5.62765798826326
9.7593071158789
11.7178420951123
8.83405825627729
11.2800159030529
5.68809330388704
10.5372874784054
11.0026670763066
8.65671108403534
9.87324168191015
12.3216638181378
10.0044503075539
8.8959484927017
9.67300338460064
9.27536874509323
13.6364630921991
13.8533765595077
8.98274528534643
8.37289913479826
8.06757461623671
6.35468745283026
8.39629045266483
7.33819152796806
10.0151098062527
12.2863448354134
8.46907003393993
11.2218434727667
11.7271934056857
7.73895284117621
7.84139005795836
9.55847055913658
13.7573966426113
9.34748561690154
12.1001275323918
12.9143359196889
10.6343250379801
11.6647194957728
10.8176031029115
11.3877167308627
9.14497451257561
10.2173371799701
7.98808745207019
13.0548588296329
9.31191889083521
8.59275198884761
12.5140160962856
11.3152127191186
11.7547023765141
12.2290585673622
10.2419354525224
11.3429607981116
10.6981390961987
8.81839911080107
7.36080785029296
8.02642796107808
14.2113402758104
10.1109994046793
13.0334414687344
5.36395232289403
10.9794750120579
9.0348007159046
8.47215000125651
11.4314901601877
13.5785689772091
12.3909510700448
9.83349638054054
9.09294403339595
11.8569906650855
10.7705771248
10.9175172450303
8.08864966631344
8.35135389494452
11.0717125684618
11.1094034777586
13.2607496072891
7.3280121623821
8.60966855424378
9.20329851961163
9.70379058006603
12.0670964332788
12.3468124266795
9.82124939250037
8.6988373024283
8.70649572936826
10.8466132290812
11.1398101293794
10.4782520512774
13.2828395918546
8.90087487239254
11.741684903461
8.84895604846986
13.536015851756
11.1998478118745
9.26833577345689
10.5472992372055
10.1313402888995
13.6549291433522
8.84919954941821
9.00178060014133
7.61156134494277
7.13969857695914
8.02182994122696
8.6700445337716
12.1364648850496
13.3016412640131
10.6358804233362
6.9839329450107
10.1062235294479
10.9134885009786
12.0086960987792
8.72053275684699
5.91851435881675
7.52062892621283
12.5636112937442
11.33968564002
8.1679588098527
7.36386197835148
8.00896474748661
7.7244179272364
12.0820698161726
9.57436094297059
7.57469637053906
11.5554416644046
12.5288775955026
10.7520827767681
11.7117934608922
11.2968149263132
9.03798367761616
7.86492176190707
10.5353668912778
8.56081595569298
10.7851467591946
10.3208155962499
8.78916266028592
10.9006197284629
6.02975388314947
11.5932788326867
9.73309678417219
12.0049930387254
10.5021718589693
12.2496911243483
12.3092805524615
12.2894228866433
9.35218787247887
8.8061833760074
8.22266351433137
12.5600139846409
11.1841533465658
9.29250951752665
9.36687070191273
8.70432198748232
10.4441154338224
10.9635013244384
7.92123711686842
7.8995103421047
7.16584665655217
8.13989388267847
9.79965874750999
6.31873563436717
10.4264828332887
7.88360729231229
12.5828406122675
12.2401138720821
9.26271425100741
12.6155837367755
9.14964411663921
6.44245812815846
11.5978932402284
11.1138022359064
7.0993746629719
8.83935768274094
9.09410142473644
11.5349716393168
8.62516668278695
5.91381896203771
11.755923762013
9.15363247596871
10.7880951278589
8.88619469510134
12.1618739044697
12.3262488365684
10.637098494188
11.6068427104476
8.76488757467951
9.05951831248534
7.56444827534649
9.79380502752359
6.41833809849067
9.56191781973852
13.4072663221509
7.66413463489645
12.3616775373476
5.81018630139422
10.690504037323
11.3702968555088
6.1932070328615
11.7974362318866
9.68427679298113
6.49586913518876
7.85468873404324
12.8501710292637
7.83397508322133
12.8531079929292
13.3643298925315
9.15303880906669
10.1763069986645
9.45675879959243
11.8169647459293
9.63055516855809
11.8338014694049
12.9071484030034
7.7718451838385
10.1057907673803
8.28021015159573
8.81670160443523
7.96333567615301
12.2537503068967
7.22540361343471
10.9876266347255
7.51868240326118
9.95607803307283
8.18225075203948
11.950095434168
7.86833409103282
7.27640552564696
9.72550317385284
9.51660116929711
7.87905922523775
9.47938235227888
7.45765743902213
7.24667192682757
8.81999262657269
10.2317384850297
14.2969588064986
12.4748674189638
9.66684691600586
7.18443164610688
11.3968749793942
7.48210614723264
9.17975405682568
14.4115962334526
8.5339218723895
10.1292198642732
11.2201824007052
9.8049537184226
7.46183594202722
10.4923851688453
8.29820022869269
6.30302951317164
14.2038782246126
13.3503738714234
8.52261295419864
10.9351292240564
9.96330900487929
7.97080597408832
7.961555293949
10.1898417387001
7.8082517347279
12.048205230567
8.73725711852573
9.32873728138524
12.211749097667
11.9400336224578
13.8138893809622
7.67635895054635
7.2662190100971
12.4226013813658
11.0377070125163
8.34516970505024
7.56597284243482
13.2682850897324
7.09401177840036
7.51359764703234
9.14209135873696
6.97472874654463
11.9551279487416
7.49037506491069
14.4787325239538
11.2542187065246
12.5458520360156
9.31372401789413
13.8068792456144
5.82254554864546
9.62742999997083
12.8998608855345
9.22248296229584
9.19397477443753
9.35488203106739
7.83734988613198
8.42933265261451
7.0277141766313
12.1845526449732
8.16523086935915
7.31487238296367
9.26325510216906
8.82701152515086
11.3838833818129
12.6752113590552
12.4971079835488
11.74005258278
8.87946193364906
9.95944659036979
11.6400296321157
8.36570900155442
8.42441624202792
10.2360314253702
7.60882982034785
9.44521176658049
9.66388694667288
12.6335185288178
11.8462075877679
12.46711115608
9.56819974123933
14.3901799544044
9.82799659946674
9.31244406249101
9.78137221076182
8.72989955426298
11.636953210804
12.2260605071601
8.31229557099325
12.1100067943547
9.56730938489674
11.8789375299023
13.439296570709
9.30603185494336
6.65046985711354
10.6516335847848
8.04904558633675
7.71315921658526
11.1473122218633
9.58564772553907
8.15313544217426
10.3240237526963
6.55396107410034
12.0636337727052
11.3302350163731
7.8588818844993
9.52665886878949
11.9194301177014
7.04329344916783
8.61416109582808
9.15046674346736
10.4817936083117
12.4841141306479
5.98802678516143
12.5719558065588
11.7330121537249
12.1216266857445
13.5070503166439
11.8332966645379
11.7144502120143
9.26720665429801
12.9318098388521
5.89171476136504
9.12259493953657
10.9752481593363
9.74835242068175
11.4470795146446
9.95549695265258
14.1034403413268
9.8373013927827
12.4893607692793
7.35891147077379
9.24426557795759
8.98064579599329
9.27651080316854
7.07226769006109
8.74075019501962
10.6687643933361
8.34989617361877
8.80679217626754
9.42502645520965
10.8814252847451
13.0500123317341
7.81551023499354
12.0949141516931
8.57599582428835
9.27268325434749
9.9936503748352
9.71202481535109
9.46492065713616
10.5734636607553
13.8522373485449
