2.1575902701793
2.30935863984513
2.8327253598182
2.8279513508964
2.43122380271021
1.97785792441715
2.5164893527481
2.80031394663749
3.05040400639678
2.72811800353506
2.28496675364028
2.56455601380355
2.32256964901944
2.35497769548019
2.12505428835956
3.03992677384059
2.60471424964229
2.27286339533711
2.81379766012964
3.18687063378505
2.9053522430772
2.65707347866342
2.39625368234996
3.80532025923745
2.82486743540107
2.61849760121203
3.0475254608198
3.24339449541284
2.447875599697
2.82577981651377
2.27533456779733
2.34282720309739
2.69250820637996
2.88338102853297
2.74278343573775
2.31065482703477
3.13912044440704
2.96058328423536
3.20480515108156
2.12617877283057
2.49197289790422
3.48595656931235
3.25759195353928
2.48705412002357
2.96196027270432
2.18325814325394
2.3509881323121
2.46625789074994
3.3106514603148
2.5484630923323
2.09117161855065
2.48680161602559
2.35418651628652
2.88579496675365
2.40824257217406
2.28045534887636
2.58022809527819
1.99620991499032
2.15545240299639
2.27579580843363
2.27286339533711
2.22095867351234
2.96134079622928
2.6129256796566
2.71188367982495
1.94984681424123
2.77372022557026
2.47095783183235
2.2772636983419
2.32407457284742
2.20892938304857
2.45316471677469
2.91281626125749
2.5541393822069
2.9881769211346
3.03067839407458
2.6412633616699
1.92839070785288
2.5012616783099
2.38158151670734
2.28898325056815
2.62954044272368
2.36186937126504
2.5009149061527
2.46189125494487
2.25469320764248
2.59796734281628
2.33280784445753
2.60327329349383
2.70577308307384
2.76402070532785
3.07374210925008
2.01538338523693
2.18580675027354
2.38180708694554
2.83498442892014
2.66808601969532
2.4003375136773
2.4914880902281
2.63749936874001
2.30037959767697
2.15081306287351
1.62974244592206
2.23226075246191
2.31886625704908
1.9929374631765
2.54126167830992
2.65000336671997
2.05461913980307
2.05925847992594
1.99625704906995
1.95680919114554
2.06582695059339
2.25297618045619
2.29189546334484
1.6263252251494
2.37428920124569
2.14051763319586
2.64641780994867
1.88499368740005
2.10706590354349
2.30040989815672
2.35347950509217
2.416127430351
2.15565777291474
2.15545240299639
2.42254103189967
2.30931823920545
2.7335619897315
2.33135005470922
2.22716017170274
2.1221622759027
2.20175826950594
2.6116126588671
1.98511993939906
2.41813399545492
2.2602247285582
1.82359818197122
2.97557192155543
2.01957158488344
2.02573604915412
2.35418651628652
1.89766938809865
2.04858261089134
2.54879303088967
2.47546923659624
2.09117161855065
2.251750694386
2.27857671913139
2.27850938473193
2.15707852874337
2.1735518895716
2.01118845215049
2.18787391633703
1.92690261762479
2.33671997306624
1.62734534130124
1.76116909351066
2.15198468142412
2.37811716185507
2.23849591785205
1.82780994865752
1.83961703560308
2.24145863142834
2.00771063041833
1.82150071542799
2.17986448952109
2.12505428835956
1.97785792441715
2.16889571584883
1.94893106640856
1.88499368740005
2.03470835788235
2.15068512751452
2.08657941250738
2.32759616193923
2.18492466964062
1.87454002188369
1.95521336587831
1.61112448447102
2.04773419745814
2.02573604915412
2.14223466038214
1.64968689504252
2.13211430014309
2.05660887130713
1.89142075582865
1.64846477569228
2.08710462082317
2.03588334315293
1.91856661897148
2.04060685127516
1.96864657857083
1.94158151670734
2.17572679067419
2.19171197710631
2.01129618718963
2.09885447352917
1.83205538254356
2.14962797744298
2.06070616951436
1.70024492887805
2.17921134584631
1.61935274808519
1.85022220351823
2.03408888140729
1.71698089386416
1.65324551805404
2.28388603652891
2.24488595236093
1.9938397441293
1.9398880565609
2.01404006396768
1.92117246023062
2.05258900765929
1.95580927531353
1.96143506438852
1.87454002188369
2.04322615941419
1.82326150997392
1.61089554751285
2.05906657688749
1.87047975759617
1.83205538254356
1.62443649524451
1.65930224728558
1.99584967595322
1.76606430435149
1.73612743035099
1.55753640265971
1.8530502482956
1.71550963723593
1.82039306455687
1.61617456443062
2.04137446342901
1.31773503913811
2.30280363605758
1.95104873327162
1.95302836461579
1.88499368740005
1.83910866088715
2.12048564935611
1.89425890076595
1.96622254019022
1.91236175406112
1.69337682013298
1.52558286339536
1.73889150744887
2.18519064051847
1.77924837976602
1.7306632438347
1.84283561989733
1.49138035518897
1.93964901944281
1.69573015739417
1.67189041326489
1.61524534971804
1.71880228936959
1.54999494992003
1.62148388182814
1.84755912801953
1.71514266475887
1.53696574362428
1.1732017506944
1.74093173975254
2.04671744802627
1.84641107650873
1.63135847150915
1.39827371433381
1.54832842353338
1.96438767780489
1.69114805151082
1.8548144095615
1.62532867603738
1.61211430014311
1.83478915916169
1.83054035855568
1.6838018685296
1.6740888814073
1.86642286002862
1.50514687315882
1.47636815082907
1.82718373874255
1.97267654237859
1.75942176584462
1.65608029627137
1.72601043683193
1.64334062789328
1.9248994192408
1.33152512414782
2.08497685380019
1.58631175826952
1.39092079791263
2.13703644474373
1.84846140897233
1.45022557023819
1.74736890834106
1.59311589933509
1.78446342900429
1.70202929046377
1.32983503072134
1.49266980893864
1.7337875599697
1.53163285918694
1.84004797575963
1.41696574362427
1.43981903880146
1.61908341048735
1.48278175237775
1.8127371433381
1.54624105715007
1.35149650702803
1.48444154532447
1.70859776113122
1.69661897146705
1.56997979968017
1.68177510310579
1.27128103694977
1.55238195438096
1.63472182476224
1.64950509216396
1.55312936621496
1.61968942008249
1.49212776702299
1.39427741772579
1.67577224139382
1.49745728474034
1.30397862132818
1.3965869876273
1.66700530258396
1.6292273377662
1.59124400303006
1.38844625873244
1.63858345257134
1.71224391886204
1.62991751536066
1.55930393064557
1.61849086777207
1.1732017506944
1.65498274556015
1.58872906321017
1.27494739500042
1.6173394495413
1.66356114805151
1.74074993687401
1.84901691776787
1.53027270431784
1.34367224981062
1.41157225822744
1.66776618129788
1.44477148388182
1.60487248548102
1.49676037370591
1.16650871138793
1.37385826108914
1.78962797744299
2.03039222287686
1.57133322110934
1.47139213870886
1.37144095614849
1.01791852537667
1.26393822068849
1.28090648935276
1.42701203602391
1.04771399713829
1.33152512414782
1.62442976180458
1.33009426815926
1.35856661897148
1.48838734113292
1.37792189209662
1.21986448952109
1.3930620318155
1.36561653059508
1.55094099823248
1.37924501304605
1.48611480515109
1.28103779143171
1.44805740257556
1.53094941503241
1.36311169093511
1.61713407962293
1.17306371517549
1.4830275229358
1.50825772241396
1.50514687315882
1.49481440956149
1.33152512414782
1.30229862806161
1.24684201666528
1.56081895463345
1.30607272115142
1.3473992088208
1.58510983923912
1.59325730157394
1.20886204864911
1.39206548270349
1.45209073310329
1.53674354010604
1.64959599360324
1.28103779143171
1.18686726706508
1.24762309569903
1.33100328255199
1.49022893695818
1.21020536991836
1.18389782004883
1.36635047554921
1.31089723087283
1.19575877451393
1.35990994024073
1.24583873411331
1.38453413012374
1.21986448952109
1.37715427994277
1.20690598434476
1.26852369329183
1.127373958421
1.10003955895968
1.29831579833348
1.25263950845888
1.12279521925765
1.41734618298125
1.28127682854981
1.30728474034174
1.21308054877537
1.25638330106895
1.38965491120277
1.24825603905396
1.50368908341051
1.04771399713829
1.03609207979127
1.41857840249139
1.32887888224897
1.20993603232051
1.05732934938138
1.29125578654995
1.5255626630755
1.3512002356704
1.1320873663833
1.26125157815
1.32795640097635
1.42399545492805
1.33611733019106
1.33346098813232
1.23507533035939
1.27967426984262
1.09195606430436
1.41783099065736
0.964431445164564
1.10615688915075
1.15397441292822
1.44849507617204
1.22179025334569
1.34918357040655
1.05468984092249
1.2739643127683
1.06761131217911
1.1821875263025
1.02931823920545
1.07039558959684
1.13661897146704
1.45732598266139
1.15612574699099
1.3060525208316
1.05094941503242
1.05466290716271
1.24405773924755
1.33179782846562
1.19266139213872
1.12730999074154
1.24692955138457
1.10219089302248
1.12769379681845
1.18483040148138
1.32529669219764
0.999276996885783
1.33923491288613
1.15678562410571
1.31523356619815
1.04590943523274
1.23123053615015
1.27543556939654
1.04988216480095
1.39484639340122
0.933030047975763
0.937585220099322
1.20973066240217
1.38508627219932
1.1238018685296
1.11553320427575
1.27008921807931
1.03755660297955
1.21746401818029
1.06341974581264
0.916250315630009
1.33961535224307
1.07385321100918
1.15680919114553
1.25888814072891
1.10855736049155
0.92489268580087
1.17758185337937
0.994496254524023
0.96054288359565
1.11785624105715
1.12277838565777
1.01990825688074
1.05094941503242
0.861302078949592
1.29090901439272
1.37742025082065
1.21388182812896
1.02212355862301
1.15169514350646
1.28883174816934
1.08310159077519
1.04606430435149
0.965996969952045
1.0543902028449
0.851555424627577
1.04771399713829
1.14632859186938
1.18971551216228
1.04443144516455
1.07576887467386
1.05466290716271
1.05794209241648
1.07542546923659
0.924872485481018
1.04590943523274
1.23848581769212
1.127373958421
0.803185758774532
1.10003955895968
0.964431445164564
1.01974328760207
1.25423870044611
1.10936874000507
1.00791936705664
1.20598013635217
1.09402996380777
1.00558286339535
1.17753808601969
0.9343262351654
1.15354683949164
1.08887888224896
0.892053699183577
0.958290547933672
1.01839996633279
1.04590943523274
0.998872990489019
0.892053699183577
1.03985943944113
0.998647420250819
0.997108829223123
0.853390287012871
1.03320006733441
1.21575709115396
0.847468226580276
0.88754229441966
0.941059675111518
0.956038212271693
1.13433970204528
1.01323205117416
0.80858597761133
1.1842243918862
0.997421934180636
1.07854978537162
0.829032068007763
1.21479084252169
1.05183149566537
0.918455517212351
1.06452066324385
0.889323289285414
1.04025334567797
0.905752882753973
1.02849339281207
0.846959851864341
1.03204191566368
0.92489268580087
0.92489268580087
0.831920713744637
1.19347950509217
0.968572510731434
0.957219930982234
1.03287349549703
0.85232977022136
1.01215133406279
1.34523104115817
0.92925932160594
1.01652470330782
0.929494992004038
0.860672502314628
0.952775860617805
1.02161518390707
1.15587997643297
0.79230115310159
1.04581853379347
0.902477064220193
0.960246612238024
1.05218163454256
0.862551132059593
0.748129787054978
0.91685969194512
0.878617119771064
0.854568639003446
0.940292062957667
1.0285506270516
0.736763740425886
0.741918188704659
1.06869539601044
0.933030047975763
1.03805487753556
0.929494992004038
0.945847150913238
0.848205538254376
1.13609712987122
0.673597340291224
0.78136941334904
1.09894537496845
0.83200824846395
1.03825688073394
0.975518054035859
0.801566366467483
0.956203181550393
1.03052689167581
0.783069606935442
0.996314283309488
0.885906068512753
0.872398787980813
1.0854650281963
0.796250315630004
0.99986617288107
0.81084504671324
0.679650702802803
0.883734534130127
0.879798838481605
0.847602895379197
1.04914148640688
0.895773924753826
0.948200488174393
0.770895547512851
1.00178856998571
0.823466879892266
1.08780826529755
0.925017254439865
0.830156552478741
1.02700866930394
0.865396010436825
0.738140728894876
0.895305950677567
0.86762814577898
0.801495665348028
0.935743624274068
0.774538338523712
0.726330275229373
0.742924837976602
0.910025250399798
0.814942344920468
0.807370591701044
0.974901944280788
0.949930982240573
0.931403922228782
0.804997054120037
0.694093931487259
0.840919956232653
0.896854641865161
0.681808770305537
0.744365794125088
0.85647083578823
0.798273714333817
0.773221951014222
0.740127093678979
0.931141318070871
0.860275229357796
0.610794545913649
0.93053194175576
0.836610554667118
0.711506607187943
0.751183402070552
0.890511741435915
0.73395926268833
0.90545997811634
0.826039053951689
0.7697373958421
0.976918609544668
0.846064304351501
0.860315629997473
0.918112111775116
0.566963218584306
1.06605252083159
0.815649356114818
0.842684117498521
1.02692113458463
0.860834104873334
0.71732766602139
0.833876778048989
0.920785287433716
0.759051426647602
0.675667873074673
0.829823247201432
0.833607440451146
0.996863058665099
0.663022472855829
0.886326908509403
0.706065987711469
0.738837639929301
0.699484050164131
0.778682770810548
0.715051763319593
1.04408130628735
0.780177594478573
0.514913727800689
0.955058496759534
0.572174901102613
0.5480624526555
0.681690935106474
0.947712313778311
0.6336512078108
0.844441545324486
0.704332126925351
0.820877872232984
0.804283309485754
0.821433381028527
0.627783014897744
0.702372695901033
0.87423028364617
0.731343321269264
0.74437926100498
0.704742866762075
0.738140728894876
0.668314956653489
0.668725696490213
1.00108155879136
0.907998484976019
0.753886878208903
0.777325982661409
0.702483797660136
0.824406194764748
0.622113458463105
0.742924837976602
0.736763740425886
0.610794545913649
0.983365878293085
0.729723928962216
0.656214965070291
0.692868445417048
0.658591869371264
0.810087534719315
0.719209662486321
0.432311253261531
0.735332884437355
0.790301321437596
0.736763740425886
0.662530931739752
0.556711556266322
0.70878293072974
0.853265718373876
0.580315629997472
0.620130460398968
0.578450467132399
0.726330275229373
0.551186768790501
0.715051763319593
0.694093931487259
0.728761047049915
0.681808770305537
0.640017675279864
0.730929214712575
0.679650702802803
0.566963218584306
0.598229946974158
0.781914821984685
0.720091743119269
0.795637572594899
0.617948825856416
0.602512414779909
0.552604157899168
0.863490446932076
0.563411329012723
0.673597340291224
0.804842185001263
0.520953623432376
0.626789832505693
0.6336512078108
0.497043178183674
0.706402659708772
0.903901186768792
0.767474960020195
0.647242656342058
0.524242908846077
0.790382122716949
0.467581011699366
0.695002945879992
0.567808265297543
0.706039053951685
0.853548522851611
0.65655500378756
0.85762898745898
0.55086356367309
0.524242908846077
0.62931487248548
0.413420587492652
0.625234407878139
0.592977863816174
0.703342311253266
0.576905142664771
0.728037202255706
0.726411076508725
0.498147462334828
0.502759868697922
0.471698510226418
0.756927026344584
0.743621749011027
0.558145778974847
0.617820890497427
0.702635300058915
0.439697836882431
0.730185169598514
0.476384984428933
0.497918525376662
0.488845215049253
0.610794545913649
0.613299385573612
0.705103105799196
0.889962966080304
0.513795976769643
0.545725948994203
0.826288191229708
0.42760794545913
0.60767696321858
0.712967763656252
0.517862974497092
0.78522430771821
0.721132059590957
0.572558707179525
0.54098560727212
0.664291726285683
0.504860701961121
0.670910697752731
0.529141486406871
0.512378587660976
0.520926689672592
0.691057150071543
0.53573015739417
0.551011699351903
0.748203854894371
0.489437757764506
0.705688915074489
0.503325477653391
0.592998064136026
0.478923491288612
0.693275818533806
0.579426815924592
0.475681339954548
0.501228011110186
0.655120781079034
0.530363605757088
0.465328676037387
0.499803888561587
0.595038296439697
0.504476895884181
0.574370002525058
0.478576719131382
0.570808012793549
0.482078107903391
0.572306203181569
0.566007070111937
0.457251914821995
0.624524029963823
0.386934601464532
0.451434222708542
0.477078528743391
0.465783183233754
0.504271525965834
0.581056308391567
0.427843615857256
0.493430687652562
0.599859439441133
0.495507953875943
0.588547260331637
0.414087198047298
0.597539769379694
0.476004545071959
0.496736806666121
0.480717953034258
0.435321100917434
0.444704149482362
0.456039895631676
0.644559380523532
0.440724686474198
0.632557023819544
0.466170356030631
0.523239626294099
0.455443986196457
0.546291557949672
0.47662065482703
0.520616951435073
0.542510731419924
0.429759279521932
0.453673091490629
0.484481945964149
0.47738826698091
0.545759616193919
0.443253093173979
0.429668378082653
0.449946132480449
0.504985270600116
0.33339028701289
0.512762393737916
0.483889403248895
0.508806497769569
0.539339281205287
0.409508458883948
0.399290463765681
0.498746738490041
0.526670313946653
0.412555340459562
0.4164641023483
0.521135426310934
0.529319922565435
0.388995034088055
0.482384479420944
0.406212440030316
0.439519400723839
0.545291642117661
0.449545492803651
0.571047049911641
0.478765255449872
0.419655752882761
0.600068176079475
0.340073226159433
0.373767359649861
0.517081895463349
0.41827876441377
0.510833263193348
0.494747075162024
0.386934601464532
0.452373537581025
0.479465533204291
0.459379681844979
0.443135257974916
0.478361249053108
0.486205706590368
0.465052604999585
0.472099149903215
0.502463597340295
0.402259910781936
0.430567292315459
0.436425385068617
0.472482955980155
0.466651796986781
0.268947900008413
0.398768622169854
0.434233650366139
0.484074572847419
0.45581095867351
0.471826445585407
0.436297449709627
0.390893864152844
0.375938894032487
0.489094352327243
0.35203854894371
0.347042336503677
0.514671323962631
0.410427573436579
0.415403585556788
0.494622506523029
0.413019947815854
0.639452066324395
0.422830569817364
0.31073562831412
0.592590691019268
0.344527396683787
0.473045198215658
0.425624947394994
0.598448783772426
0.369562326403496
0.40224307718205
0.491582358387348
0.532198468142411
0.372753976937986
0.467917683696669
0.334673007322635
0.456326066829405
0.411370255029055
0.425288275397691
0.467661812978719
0.437849507617216
0.400061442639526
0.456295766349655
0.360526049995798
0.459649019442821
0.391897146704821
0.259231546166149
0.456999410824011
0.430321521757435
0.359701203602384
0.385103105799175
0.351974581264216
0.417379850180964
0.389934348960537
0.444316976685485
0.372252335661983
0.348429425132565
0.385103105799175
0.269957916000351
0.432220351822252
0.356765423785873
0.259231546166149
0.335161181718718
0.394432286844562
0.353503072131986
0.390277754397772
0.503924753808604
0.310617793115057
0.361438431108496
0.349735712482129
0.421002440872002
0.468644895210844
0.372753976937986
0.431614342227078
0.300133827118941
0.385611480515109
0.303019106135849
0.3123011531016
0.450400639676815
0.262450130460394
0.372211935022307
0.475071963639436
0.40727969026176
0.311654742866779
0.403539264371688
0.365050921639607
0.398532951771756
0.395405268916761
0.413528322531789
0.412218668462259
0.26854389361165
0.401721235586251
0.397862974497116
0.333151249894797
0.372858345257129
0.329811463681523
0.330824846393398
0.305786549953723
0.392102516623197
0.387772914737837
0.413137783014918
0.308954633448366
0.333107482535155
0.275745307634054
0.326148472350809
0.41014813567881
0.319684370002534
0.400095109839242
0.335309317397531
0.455039979799693
0.276145947310852
0.364731083242162
0.438512751451896
0.376400134668813
0.380093426479249
0.267338607861291
0.285515528995887
0.336137530510911
0.277549869539598
0.312176584462605
0.304820301321456
0.375292483797665
0.310617793115057
0.313593973571244
0.429008500967939
0.351466206548281
0.368697079370435
0.334743708442062
0.262450130460394
0.269725612322191
0.3463252251494
0.267422775860638
0.440021041999842
0.313674774850597
0.303658782930739
0.189597676963217
0.330212103358321
0.307193838902464
0.462951771736385
0.252817944617476
0.373622590691014
0.316957326824337
0.343328844373389
0.330437673596492
0.302365962461067
0.376699772746406
0.294568639003472
0.312041915663684
0.525983503072126
0.201704401986376
0.43637825098898
0.274041747327686
0.234883427320938
0.257777123137799
0.229146536486837
0.310409056476743
0.298251830653982
0.30115057655081
0.218743371770074
0.332329770221378
0.270324888477404
0.241956905984352
0.202697584378427
0.255221782678234
0.305874084673007
0.300133827118941
0.329558959683538
0.266106388351147
0.265059338439528
0.300113626799089
0.393792610049672
0.261871054625033
0.312031815503758
0.445741099234084
0.167299890581603
0.26358134837136
0.325862301153109
0.300305529837573
0.311654742866779
0.306103021631174
0.240206211598348
0.294568639003472
0.329532025923754
0.318334315293328
0.299339281205306
0.269580843363372
0.276145947310852
0.270678394074594
0.261278511909779
0.313024997895809
0.255794125073663
0.335854726033176
0.285670398114632
0.417777123137796
0.243936537328523
0.260453665516366
0.312583957579335
0.224281626125759
0.39992340712061
0.260130460398955
0.239960441040324
0.264446595404422
0.258127262014995
0.229920882080648
0.264322026765427
0.232250652302014
0.334248800606019
0.185156973318755
0.26054793367561
0.262729568218163
0.237277165221798
0.308998400808008
0.229146536486837
0.221682518306551
0.205300058917601
0.215033246359752
0.245761299553919
0.211336587829322
0.187436242740517
0.263854052689169
0.25280784445755
0.246996885784029
0.288118003535061
0.287000252504015
0.294568639003472
0.265059338439528
0.274004713407976
0.219914990320689
0.303712650450308
0.181190977190482
0.249609460483128
0.255794125073663
0.20625620738997
0.240192744718456
0.241552899587589
0.235230199478167
0.210939314872491
0.330437673596492
0.382234660382125
0.24258311589935
0.223517380691874
0.270308054877546
0.217006144263962
0.191947647504435
0.16894284992847
0.29569312347445
0.23862385321101
0.237745139298056
0.287905900176753
0.292292736301675
0.232493056140072
0.185591280195268
0.21170019358641
0.187493476980052
0.250040400639676
0.193102432455191
0.278388182812904
0.226594562747238
0.175528154195774
0.295945627472435
0.228170187694644
0.216743540106052
0.205047554919616
0.208508543051948
0.189149903206811
0.213460988132312
0.219403248884788
0.203118424375049
0.245367393317082
0.347139971382887
0.206108071711157
0.22744297618047
0.194492887804074
0.25630923322953
0.241896305024824
0.145049238279626
0.233257301573957
0.224965070280291
0.28711808770305
0.317644137698863
0.213161350054719
0.185328676037386
0.184500462924007
0.18636562578908
0.241216227590286
0.189597676963217
0.253848160929209
0.149974749600204
0.234092248127268
0.298931908088548
0.276586987627297
0.198502651291989
0.226554162107561
0.131649692786823
0.221029374631769
0.201428330948573
0.209471424964249
0.220723003114216
0.31637488426901
0.250754145273987
0.234644390202845
0.174464270684297
0.192570490699438
0.235472603316225
0.165273125157825
0.237162696742701
0.136858008585136
0.174141065566886
0.208451308812386
0.187493476980052
0.172585640939332
0.148325056813405
0.146082821311353
0.188560727211524
0.242293577981656
0.189469741604256
0.181487248548109
0.167619728979048
0.223355778133168
0.201845804225229
0.192624358219007
0.201172460230623
0.221137109670906
0.148072552815421
0.218773672249824
0.186517128187859
0.237815840417483
0.128185337934525
0.312365120781095
0.198957158488355
0.154701624442396
0.291690093426496
0.256221698510245
0.17394242908847
0.185591280195268
0.19191398030469
0.214595572763244
0.191466206548284
0.244034172207733
0.140723003114232
0.179113710967101
0.120320680077441
0.193755576129973
0.206983418904144
0.234338018685293
0.182507364699944
0.202812052857524
0.243482030132157
0.200492382796057
0.137376483460997
0.243987038128097
0.110301321437589
0.127666863058664
0.185305108997568
0.166185506270523
0.179665853042678
0.217302415621589
0.14615352243078
0.137224981062218
0.164939819880487
0.143988721488086
0.197718205538251
0.185961619392316
0.189476475044188
0.190052184159583
0.172400471340808
0.197105462503174
0.225709115394324
0.159455433044371
0.122704317818375
0.205848834273212
0.162081474623363
0.126916084504671
0.216746906826046
0.185752882753974
0.187264540021886
0.109887214880899
0.17613416379092
0.16699351906405
0.168548943691604
0.158361249053115
0.165273125157825
0.137672754818624
0.19290042925681
0.165976769632181
0.125377493476975
0.161236427910126
0.136124063631001
0.187745980978036
0.165236091238114
0.151112700951103
0.144867435401068
0.179113710967101
0.14842605841261
0.211121117751048
0.191186768790516
0.153122632775023
0.187119771063038
0.191590775187279
0.17639676794883
0.165000420840016
0.137672754818624
0.16699351906405
0.175881659792964
0.126916084504671
0.128569144011465
0.14137278006902
0.152883595656931
0.122704317818375
0.180325730157392
0.172531773419763
0.203266560053862
0.164391044524876
0.148880565608977
0.13293241309654
0.165414527396678
0.1829248379766
0.149540442723691
0.104702466122376
0.134592206043266
0.102436663580505
0.160754986953975
0.121886204864921
0.204138540526912
0.177329349381381
0.128639845130891
0.158213113374302
0.139817355441465
0.137672754818624
0.131215385910281
0.131713660466289
0.155947310832431
0.138218163454269
0.140898072552829
0.107291473781686
0.129128019526974
0.145146873158836
0.158788822489697
0.154401986364803
0.168437841932501
0.124088039727297
0.145079538759376
0.146193923070456
0.151961114384306
0.160007575119948
0.115324467637407
0.19494739500044
0.125996969952041
0.135474286676214
0.220214628398281
0.146082821311353
0.0935417894116597
0.109739079202086
0.178500967931996
0.140773503913806
0.146769632185851
0.154136015486927
0.108392391212874
0.183604915411166
0.140507533035958
0.106560895547517
0.127141654742871
0.110715427994279
0.130420839996646
0.112600791179204
0.178810706169514
0.117953875936365
0.112193418062446
0.137854557697182
0.126663580506687
0.129437757764492
0.143059506775529
0.113789243329705
0.112964396936292
0.127175321942616
0.125949835872404
0.128185337934525
0.132185001262513
0.132760710377909
0.137672754818624
0.151880313104954
0.140002525039989
0.191991414864077
0.126000336672007
0.141012541031898
0.10424795892601
0.119731504082154
0.142170692702649
0.111557107987551
0.162482114300161
0.132309569901537
0.155075330359409
0.138861206969125
0.109570743203449
0.121313862469492
0.116822658025427
0.130969615352257
0.0832059590943572
0.191631175826956
0.123798501809631
0.125882501472944
0.118330948573373
0.130020200319848
0.110196953118418
0.0816370675869109
0.146308391549553
0.13551468731589
0.112627724938989
0.127141654742871
0.110466290716289
0.136278932749775
0.126663580506687
0.0838927699688554
0.130865247033086
0.118738321690103
0.138699604410419
0.129528659203771
0.118266980893878
0.105237774598095
0.126959851864342
0.103254776533959
0.172201834862392
0.175827792273395
0.137878124736972
0.124640181802874
0.118229946974168
0.11973487080212
0.146082821311353
0.116250315629998
0.139063210167507
0.15233482030132
0.085380860196949
0.104419661644641
0.151674943186606
0.118095278175247
0.100015991919889
0.100426731756585
0.105170440198634
0.117775439777802
0.147432876020531
0.112499789579999
0.0998543893611838
0.123785034929739
0.12133069606935
0.113748842690029
0.10078360407374
0.13962545240301
0.107517044019858
0.0919863647841055
0.13223213534215
0.107234239542123
0.133652891170783
0.0899898998400772
0.11228768622172
0.094117498527055
0.126714081306289
0.11295766349636
0.0913130207894994
0.0757015402743946
0.106749431866007
0.115267233397873
0.096851275145184
0.110860196953126
0.107028869623775
0.119128861206974
0.115580338355358
0.0656148472350822
0.107931150576547
0.119283730325748
0.0909729820722305
0.108860365289132
0.104210925006328
0.0888384816092866
0.13455853884355
0.0907911791936726
0.0963833010689541
0.105658614594745
0.114762225401904
0.112227085262191
0.107180372022555
0.111836545745319
0.0947403417220869
0.105688915074495
0.118691187610466
0.104183991246543
0.102170692702629
0.122007406783951
0.120758353673949
0.0985548354515799
0.10294503829644
0.106661897146722
0.107550711219602
0.108473192492227
0.1351005807592
0.0946326066829499
0.136861375305102
0.0927741772578088
0.0957570911539563
0.123226159414202
0.135413685716685
0.11649608618805
0.0991305445669752
0.0919392307044973
0.0977838565777347
0.103072973655429
0.107119771063054
0.0841015066071975
0.106631596666944
0.0656148472350822
0.0895286592037792
0.0922355020621239
0.0886802457705755
0.105416210756687
0.0708164295934637
0.103843952529246
0.0983696658530562
0.117990909856076
0.100197794798419
0.069311505765512
0.0987568386499618
0.111442639508454
0.0882190051342491
0.0939491625284177
0.109570743203449
0.084579580843382
0.0861653059506864
0.112984597256144
0.104258059085936
0.0946326066829499
0.105658614594745
0.0838490026092131
0.105183907078526
0.0842900429256872
0.105688915074495
0.0816370675869109
0.114843026681257
0.104389361164891
0.127808265297546
0.0943801026849656
0.104749600202013
0.0817279690261898
0.061305445669575
0.0960398956316908
0.105093005639276
0.0986221698510406
0.0986693039306488
0.0860272704317993
0.0709578318323452
0.108129787054963
0.0927539769379848
0.102073057823418
0.0556796565945774
0.108143253934855
0.0913130207894994
0.0975549196195686
0.0871955222624479
0.0879665011362647
0.0873773251409773
0.0796372359229167
0.0736444743708375
0.0953564514771585
0.0988645736890987
0.102069691103452
0.110499957916005
0.0717927783856567
0.102638666778887
0.0994739500042101
0.0954641865162955
0.0728768622169866
0.0742605841259092
0.0708332631933501
0.0816404343068768
0.110701961114387
0.105513845635898
0.0578478242572373
0.0791355946469139
0.105554246275574
0.0952285161181692
0.0656990152344292
0.0816370675869109
0.0641099234071305
0.0884277417725912
0.0898148304014796
0.0807314199141445
0.0940232303678101
0.100817271273456
0.0842361754061187
0.0775633364195016
0.0939390623684915
0.066577729147383
0.10776281457791
0.140318996717468
0.0822464439020223
0.0907810790337464
0.0699949499200443
0.0803139466374887
0.101706085346365
0.080640518474894
0.0900841679993221
0.0868622169851108
0.0796136688830984
0.110042083999673
0.0864312768285629
0.0760920797912661
0.0764624189883136
0.0666012961872013
0.070200319838392
0.077923575456623
0.0712406363100797
0.0889428499284577
0.0747420250820596
0.0838254355693948
0.0680557192155504
0.0767822573857586
0.0695842100833204
0.0866063462671605
0.0985986028112222
0.0836469994108313
0.09702634458381
0.0841856746065162
0.0764287517885691
0.0709005975928108
0.0821959431024482
0.0931276828549983
0.0880203686558332
0.0636554162107643
0.0605277333557979
0.0764220183486373
0.0575986869792189
0.0614670482282804
0.102611733019103
0.0765465869876323
0.0958614594731273
0.0691667368066646
0.0745736890834223
0.0978478242572294
0.083835535729321
0.0701801195185681
0.0876634963387062
0.0806842858345362
0.074317818365472
0.105884184832945
0.0868622169851108
0.0761560474707608
0.0695909435232807
0.0620966248632442
0.0698804814409755
0.0710992340712266
0.0770650618634932
0.064271525965836
0.0621538591027786
0.0642344920461255
0.077479168420183
0.0729273630165892
0.0696717448026334
0.0614670482282804
0.0680927531352609
0.0691667368066646
0.0858252672334174
0.0657865499537138
0.0730182644558681
0.0828053194175595
0.0763715175490347
0.067766181297884
0.0654364110765187
0.0607230031142194
0.0661265886709828
0.0729812305361577
0.0648135678814867
0.0626218331790369
0.0564102348287179
0.0623491288612001
0.0663016581095803
0.0649347698005158
0.0686011278511955
0.0630325730157608
0.0707389950341053
0.064375894285007
0.0655306792357635
0.0794116656847166
0.0819400723844979
0.0751998989984202
0.0632648766938928
0.0796035687231722
0.0612650450298986
0.0730687652554707
0.0690320680077434
0.0944407036444943
0.0615478495076331
0.0585514687315936
0.0619249221446125
0.0653253093174158
0.0706480935948264
0.0752739668378126
0.0583056981735695
0.0918584294251446
0.0740922481272719
0.0701127851191075
0.0926092079791374
0.0825124147798988
0.0722708526218412
0.0625713323794344
0.0683519905732055
0.0606018011951903
0.0519089302247266
0.0701060516791472
0.0647765339618047
0.0799503408804014
0.066560895547525
0.0974842185001421
0.0659784529921694
0.0603425637572741
0.0655306792357635
0.0676449793788549
0.0560802962713751
0.0597601212019185
0.0588746738490045
0.0601506607187901
0.0609384731924933
0.0727590270179235
0.0815360659877058
0.0618239205454074
0.0636587829307302
0.0781154784950786
0.0674732766602233
0.0610428415116644
0.055322784277422
0.0790446932076634
0.0585514687315936
0.0558614594731068
0.0787686221698607
0.0695909435232807
0.0453337261173488
0.082859186937128
0.0648135678814867
0.0808458883932417
0.0574673849002636
0.0672308728221651
0.0622279269421711
0.0631403080548978
0.064183991246523
0.0535788233313781
0.074637656762917
0.0592214460062337
0.0538952950088571
0.081633700866945
0.0786103863311212
0.0722102516623124
0.0653051089975634
0.0998745896810078
0.0968782089049682
0.0588309064893622
0.0588241730494019
0.0658000168336059
0.0600866930393238
0.0583090648935354
0.0668841006649359
0.0590901439272784
0.0507204780742541
0.0820175069438562
0.0813677299890685
0.0644937294840702
0.0672409729820913
0.0784588839323419
0.082734618298133
0.0582147967342905
0.0597601212019185
0.0678368824173106
0.0509292147125677
0.0574808517801557
0.0624534971803712
0.0550669135594717
0.0572788485817739
0.0592315461661599
0.0554439861964511
0.0572182476222736
0.0600159919198688
0.0565819375473495
0.0602617624779214
0.0695673764834623
0.0536562578907649
0.077054961703567
0.0659548859523795
0.0623221951014159
0.0597803215217709
0.0557436242740721
0.0628777038969872
0.0598106220015211
0.0586996044104069
0.0812027607103971
0.0603863311169164
0.0556493561147988
0.063827118929396
0.0624366635805131
0.0442227085262346
0.0546124063631055
0.068887299048896
0.0643085598855464
0.0638776197289985
0.0703652891170918
0.0810983923912261
0.0591339112869491
0.0558008585136065
0.0575852200993268
0.0675271441797918
0.0565819375473495
0.0596995202424182
0.0603425637572741
0.0537336924501517
0.0468958841848348
0.0684933928120586
0.0545720057234291
0.0626959010184294
0.0537101254103334
0.050828213113391
0.0492862553657289
0.0587265381701911
0.0504578739163435
0.0583561989731436
0.0522725359818139
0.0504107398367353
0.0585481020116276
0.0547437084420608
0.0530569817355513
0.056066829391483
0.0703854894369158
0.0589386415284991
0.046232640350155
0.0621336587829262
0.0595783183233891
0.0671063041831701
0.0612381112701144
0.0584673007322749
0.0568512751451919
0.0616050837471676
0.0562284319501885
0.0610394747916985
0.0649347698005158
0.0583629324131039
0.0582619308138987
0.0440981398872111
0.0690590017675277
0.0667359649861226
0.0470978873832166
0.0739037118087822
0.0650256712397947
0.0661905563504774
0.0707726622338214
0.0498619644811242
0.0747756922818041
0.0576222540190372
0.0590665768874885
0.0443674774850535
0.0486836124905494
0.0562250652301941
0.0601876946385005
0.0550669135594717
0.0555786549953723
0.0725334567797518
0.0403846477569232
0.0520031983839715
0.0605816008753663
0.0512120191903023
0.0661467889908351
0.0492862553657289
0.0679345172965213
0.0524543388603718
0.0577636562578903
0.067766181297884
0.0492559548859504
0.0547201414022425
0.0695101422439279
0.053349886373212
0.0594503829643998
0.0644196616446493
0.0529391465364881
0.0522220351822398
0.0410411581516712
0.0498451308812378
0.0656215806750424
0.0457242656342203
0.0645812642033547
0.0617431192660547
0.0625982661392186
0.0648708021210496
0.0612515781500065
0.0524442387004456
0.0469665853042613
0.0528684454170616
0.0480439356956595
0.0582080632943303
0.047902533456778
0.0607600370339298
0.0518617961451184
0.0592315461661599
0.0580296271357668
0.0682341553741423
0.0512086524703363
0.061197710630438
0.0430544566955575
0.0619215554246466
0.0517473276660212
0.0482829728137517
0.0470743203434267
0.0637463176500432
0.0520940998232504
0.046481777628145
0.0575852200993268
0.0472662233818824
0.0522355020621319
0.0462932413096553
0.0454380944364914
0.0460946048312394
0.045377493476991
0.0472527565019902
0.0538952950088571
0.0602011615183926
0.0535249558118096
0.0492862553657289
0.0468622169851187
0.0634130123727061
0.0492997222456211
0.0497676963218794
0.0589824088881414
0.0503972729568432
0.0557133237942935
0.0676752798586051
0.0619350223045387
0.0486836124905494
0.0507204780742541
0.050171702718643
0.0437715680498343
0.0610192744718461
0.0463168083494736
0.0525317734197586
0.0453337261173488
0.0564607356283204
0.0492963555256267
0.0485758774514125
0.0486028112111967
0.0576357208989293
0.053902028448789
0.0500606009595117
0.0484546755323834
0.0499663328002669
0.0450307213197618
0.0523634374210928
0.0412195943102631
0.0481617708947226
0.0583662991330698
0.0523466038212348
0.0456299974749754
0.041667368066669
0.0475422944196566
0.0446839491625326
0.039610302163112
0.0505386751956962
0.0436301658109528
0.0550298796397612
0.0442631091659109
0.0541679993266655
0.0489866172881079
0.0362166484302691
0.0548009426815952
0.0473167241814849
0.057292315461666
0.0543700025250473
0.0443674774850535
0.0437513677300103
0.0434618298123155
0.0500202003198353
0.0430073226159493
0.0587366383301173
0.0514409561484683
0.0488822489689369
0.0472998905815984
0.048222371854223
0.047582695059333
0.0450374547596937
0.0501582358387509
0.0383612490531107
0.0536730914906229
0.0478486659372095
0.0515284908677813
0.0422094099823198
0.0445391802036852
0.0398156720814882
0.0478722329770278
0.042556182139549
0.0470945206632507
0.0464885110681053
0.044596414443248
0.0502424038380695
0.0534811884521673
0.0374354010605202
0.0506430435148673
0.0473402912212748
0.0481415705748702
0.0485927110512705
0.0446805824425667
0.0454616614763097
0.0407179530342603
0.054753808601987
0.0515116572679233
0.0386406868108793
0.0580767612154034
0.04591280195271
0.0504376735965195
0.0542723676458365
0.0442429088460585
0.046889150744903
0.0446738490026064
0.0460609376315233
0.0545316050837528
0.0540501641276023
0.0417953034256584
0.0511884521505124
0.0451081558791486
0.0433372611733205
0.0433843952529287
0.0374657015402704
0.0460037033919889
0.0434786634121735
0.053565356451486
0.0433103274135362
0.0510908172712732
0.0413946637488607
0.036644221866851
0.0497777964817772
0.0524442387004456
0.0453337261173488
0.0524105715007295
0.0442631091659109
0.0544945711640423
0.0441452739668478
0.051841595825266
0.0388931908088637
0.0464279101085765
0.0552655500378876
0.0394587997643328
0.0549053110007662
0.0416135005471006
0.0446267149229982
0.050952781752386
0.0449263530005908
0.0415663664674639
0.0639180203686749
0.0428995875768123
0.0489798838481761
0.043088123895302
0.0426201498190437
0.0485354768117361
0.0503535055971724
0.0373680666610596
0.0341663159666723
0.0415326992677478
0.0431655584546888
0.0437917683696867
0.0504309401565592
0.0436671997306632
0.0335468394916347
0.0417246023062035
0.0477409308980725
0.0398190388014541
0.0497171955222768
0.0472763235418086
0.0384487837724237
0.0439399040485
0.0418963050248351
0.0437783014897946
0.0469194512246531
0.0411387930309104
0.0450812221193644
0.0461350054709158
0.0415562663075661
0.0431520915747967
0.0386204864910553
0.0471685885026716
0.0419030384647954
0.0389504250483981
0.0434618298123155
0.0403476138372127
0.0342269169262011
0.0457074320343338
0.0362166484302691
0.0453471929972409
0.0444954128440429
0.0470776870633927
0.0472897904217007
0.0449835872401252
0.0456299974749754
0.0415023987879977
0.0367182897062719
0.0440139718878925
0.039058160087535
0.0452428246780698
0.0409670903122787
0.0400782762393703
0.0482863395337176
0.0374623348203045
0.0360584125915295
0.0478587660971357
0.0315268075077881
0.0308837639929322
0.0405731840754129
0.039381365204946
0.0475793283393671
0.0364354852285373
0.0488620486491129
0.0416774682265952
0.0449128861206987
0.0418256039054086
0.0440072384479606
0.0382366804141157
0.0294731083242255
0.0451014224391884
0.0434045955727811
0.0419838397441481
0.0404115815167074
0.0443405437252693
0.0410445248716371
0.0388393232892952
0.0428154195774937
0.0394621664842987
0.0449903206800855
0.0402600791179282
0.0411017591112
0.0432934938136498
0.0373680666610596
0.0374623348203045
0.0395194007238615
0.0400614426395123
0.0310015991919954
0.0349406615604835
0.0404755491962021
0.0431386246949046
0.0398796397609829
0.040034508879728
0.0360584125915295
0.0486735123306232
0.0438490026092211
0.0430847571753361
0.0362604157899113
0.0446098813231401
0.0579218920966298
0.040781920713755
0.0382164800942633
0.036768790505846
0.0375667031394755
0.04482871812138
0.0327152596582891
0.0303989563168159
0.0504545071963776
0.0357116404343003
0.0317658446258804
0.0430376230956995
0.0308837639929322
0.0353514013972074
0.0447546502819591
0.0357217405942265
0.0339407457284722
0.0336141738910953
0.0342269169262011
0.0335468394916347
0.0360213786718475
0.0441621075667058
0.0367014561063854
0.0364354852285373
0.0341663159666723
0.0417010352663851
0.0330081642959499
0.0326613921387207
0.0411253261510183
0.0373613332211278
0.0409704570322447
0.0382467805740419
0.0398796397609829
0.0319813147041543
0.0341326487669562
0.0295943102432545
0.0337488426900165
0.0330384647757
0.0337656762898746
0.0346342900429306
0.0485960777712364
0.0368630586650909
0.0465726790674239
0.0396641696826805
0.0359237437926083
0.0384521504923896
0.0424282467805881
0.0347352916421357
0.0404654490362759
0.0457242656342203
0.0434517296523893
0.0397786381617777
0.0507474118340383
0.0410512583115974
0.0315099739079301
0.0478351990573174
0.0410209578318472
0.0445290800437874
0.0298569144011651
0.0397719047218459
0.0352739668378206
0.0305975927952318
0.0379808096961654
0.0310588334315298
0.0385632522514925
0.0311295345509848
0.032472855820231
0.0272914737816734
0.0350416631596602
0.0334997054119981
0.0356948068344423
0.0386474202508396
0.0316816766265617
0.0395126672839012
0.0285270600117826
0.0390177594478587
0.0394217658446223
0.0351224644390413
0.0469564851443636
0.0357688746738631
0.0386002861712029
0.031408972308725
0.0308837639929322
0.0363681508290483
0.0343110849255197
0.0361291137109845
0.0296448110428571
0.034546755323646
0.0373950004208439
0.0363647841090824
0.0392466964060247
0.0310049659119613
0.0358395757932897
0.0348564935611648
0.0424080464607357
0.0323314535813495
0.041135426310916
0.032294419661639
0.0407078528743341
0.0441452739668478
0.0327522935779996
0.030856830233148
0.0347352916421357
0.0362166484302691
0.0329374631764949
0.0325839575793339
0.0476230956990094
0.0349204612406311
0.045825267233397
0.0473402912212748
0.0343817860449462
0.0286011278512035
0.0312271694301955
0.0310150660718875
0.0336242740510215
0.030944364952461
0.030856830233148
0.0399166736806649
0.0301935863984681
0.035543304435663
0.0265272283477884
0.02956064304351
0.0322977863816334
0.0287290632101644
0.032597424459226
0.0365768874673904
0.0382804477737579
0.0292172376062751
0.0373444996212413
0.0267056645063519
0.0363445837892584
0.0356308391549476
0.0326714922986469
0.0333684033330712
0.0361526807507744
0.0287357966501247
0.0338599444491194
0.0310318996717456
0.0274732766602312
0.0323583873411337
0.0293754734450147
0.0356914401144763
0.0375465028196231
0.0316446427068513
0.0322237185422125
0.030732261594153
0.025621580675022
0.0333852369329293
0.0304494571164184
0.0353749684369973
0.0328465617372444
0.0443035098055873
0.0378192071374599
0.0340249137278192
0.0305538254355895
0.0324627556603048
0.0260962881912405
0.0299175153606654
0.0295774766433965
0.0293855736049125
0.0334256375726056
0.0316446427068513
0.0256586145947324
0.0369202929046537
0.0327792273377838
0.0316581095867434
0.0282509889740084
0.0270894705832916
0.033341469573287
0.0351729652386155
0.0368832589849433
0.0313281710293722
0.0279850180961319
0.0293990404848046
0.028654995370772
0.027998484976024
0.0342403838060932
0.0282745560137982
0.0301599191987236
0.02995118256041
0.0313382711892984
0.0274800101001631
0.0312743035098038
0.0400244087198018
0.0391928288864563
0.0374286676205884
0.0404890160760942
0.0323247201414176
0.0287290632101644
0.0290691019274618
0.029523609123828
0.0323886878208839
0.0309039643127846
0.0262545240299801
0.0331596666947291
0.0288233313694093
0.0311665684706668
0.0313753051090089
0.0244028280447708
0.0327186263782551
0.0246654322026814
0.0269447016244442
0.0319611143843304
0.0259245854726089
0.0318668462250855
0.0346309233229647
0.0263083915495486
0.0294562747243674
0.0307558286339713
0.0415293325477819
0.0287357966501247
0.0271568049827522
0.0467410150660896
0.0307255281541927
0.0287761972898011
0.029436074404515
0.0270894705832916
0.0290691019274618
0.0258101169935401
0.0283115899335087
0.0272948405016393
0.0257495160340113
0.0235308475717488
0.0287189630502667
0.0256283141149822
0.0287492635300168
0.0335502062116007
0.0267123979463122
0.027038969783689
0.0307962292736477
0.0293990404848046
0.0340754145273934
0.0262881912296962
0.0364893527481058
0.0373478663412357
0.033466038212282
0.0326984260584311
0.0267258648262043
0.0326041578991862
0.0263858261089069
0.0261400555508828
0.0222413938220711
0.0293384395253042
0.0301531857587918
0.0285876609713114
0.0305538254355895
0.0324425553404808
0.0269750021041943
0.0313988721488272
0.0259245854726089
0.0281062200151609
0.0256586145947324
0.0270995707432178
0.0272881070617075
0.0317355441461302
0.0328802289369605
0.0307827623937555
0.0276315124989424
0.0187602053699152
0.0283014897735825
0.0350517633195864
0.0310386331117058
0.0288468984092276
0.0224635973403053
0.0229753387762059
0.0328734954970287
0.029860281121131
0.0324863227001231
0.0288704654490459
0.0216050837471755
0.025621580675022
0.0295471761636179
0.0271197710630418
0.0371088292231434
0.0296380776028968
0.0317826782257384
0.0274194091406628
0.0270793704233654
0.0313214375894404
0.024392727884873
0.0258370507533243
0.0253051089975713
0.0286684622506641
0.0261636225907012
0.0270019358639786
0.0246620654827154
0.0298131470414944
0.0324324551805546
0.0248068344415628
0.0278638161771028
0.0260592542715301
0.0278133153775002
0.0336377409309137
0.0286617288107038
0.0269009342648019
0.0290522683275753
0.0370179277838645
0.0261737227506273
0.0259245854726089
0.0279648177762795
0.0263016581095883
0.0382232135342235
0.0235847150913173
0.0298535476811708
0.028654995370772
0.025621580675022
0.0275810116993682
0.0273722750610261
0.0265608955475329
0.0254835451561348
0.021127009510991
0.0253387761972874
0.0236554162107723
0.0251839070785422
0.0305841259153397
0.025621580675022
0.0258774513930007
0.0256283141149822
0.024712566282318
0.025621580675022
0.0260760878713882
0.0249516034003818
0.0246923659624656
0.0228810706169611
0.0181238952950196
0.0281499873748032
0.0266652638666756
0.0260323205117459
0.0331428330948711
0.023968521168257
0.0252377745981107
0.0253791768369638
0.0254094773167424
0.0271837387425364
0.0280759195354108
0.0257158488342668
0.0289512667283987
0.0282577224139402
0.0228373032573188
0.0247024661223918
0.0314796734281799
0.0282408888140822
0.0238473192492279
0.0210125410318938
0.0223996296608107
0.0267325982661362
0.0252680750778609
0.030308054877537
0.024180624526565
0.0271972056224286
0.0256619813146983
0.0275170440198735
0.0271736385826102
0.0251300395589737
0.027998484976024
0.0290489016076094
0.0217801531857731
0.0247192997222498
0.026062620991496
0.0252377745981107
0.0256619813146983
0.0253084757175372
0.0237833515697332
0.0189319080885468
0.0222211935022472
0.021891254944876
0.0257495160340113
0.0273823752209523
0.028210588334332
0.026934601464518
0.0249246696405976
0.0224804309401634
0.0243994613248049
0.0230628734954905
0.0256249473950163
0.0246485986028233
0.0269110344247281
0.0236419493308802
0.0285977611312376
0.0202011615184006
0.0268403333052731
0.0224770642201975
0.0265137614678963
0.022227926942179
0.023631849170954
0.0241435906068546
0.0264430603484698
0.0220057234239732
0.0232615099739064
0.0246822658025394
0.0202280952781848
0.0265878293073172
0.0212549448699804
0.0219047218247681
0.0237934517296594
0.0196624863227157
0.0230022725359902
0.0234298459725721
0.0262141233903037
0.0241233902870306
0.0267696321858466
0.0265642622674989
0.0224635973403053
0.0229012709367851
0.0291061358471723
0.0275608113795158
0.0321395505428939
0.0225443986196581
0.0247731672418183
0.0179521925763879
0.0206455685548406
0.0247933675616707
0.0217801531857731
0.0235308475717488
0.0265272283477884
0.0273251409814179
0.0203593973571401
0.0213088123895488
0.0234062789327538
0.0205176331958796
0.021871054625052
0.0229383048564955
0.0206859691945169
0.0217161855062784
0.0240425890076779
0.0229955390960299
0.0244398619644812
0.0243287602053783
0.0214704149482543
0.0192113458463155
0.021588250147289
0.0285236932918167
0.0207667704738697
0.0241907246864912
0.021251578149986
0.0213828802289413
0.0261636225907012
0.0234938136520668
0.0242277586061732
0.0219383890245126
0.0224568639003451
0.0262208568302356
0.0259919198720695
0.0191339112869287
0.0250425048396608
0.025830317313364
0.0271130376231099
0.0209216395926433
0.0181238952950196
0.0205108997559194
0.0228642370171031
0.0232244760542244
0.0288906657688699
0.0368967258648354
0.0232480430940143
0.026897567544836
0.0206960693544431
0.0182888645736909
0.0230123726959164
0.0289007659287961
0.0213020789495886
0.0242075582863492
0.0221875263025026
0.0221336587829342
0.0210125410318938
0.0203088965575375
0.0207432034340513
0.0233221109334352
0.0243556939651626
0.025476811716203
0.0210058075919619
0.0185312684117491
0.0238944533288645
0.0225140981399079
0.0187568386499493
0.0233726117330377
0.0217936200656652
0.0191271778469968
0.0182383637740884
0.021571416547431
0.0203122632775035
0.0195715848834368
0.0227093678983294
0.0205007995959932
0.02366551637067
0.0206085346351301
0.0184437336924645
0.0198240888814212
0.0182417304940827
0.0225073646999476
0.0225814325393685
0.0212987122296227
0.0202482955980088
0.0191776786465994
0.0187602053699152
0.0161139634710992
0.0225780658193742
0.0241435906068546
0.0209822405521436
0.0213525797491911
0.0225309317397659
0.0232951771736509
0.023184075414548
0.0219316555845523
0.0252175742782583
0.0212818786297646
0.0252041073983662
0.0200496591196213
0.0185312684117491
0.0194268159245894
0.0179521925763879
0.0205176331958796
0.0190228095278258
0.0206489352748065
0.0209755071122117
0.0202819627977533
0.019706253682358
0.0161307970709572
0.0184437336924645
0.0182417304940827
0.0212818786297646
0.019830822321353
0.0215983503072152
0.0191911455264915
0.0213559464691571
0.0203223634374297
0.0195412844036866
0.030092584799263
0.0180228936958144
0.0226117330191187
0.0197870549617107
0.02013382711894
0.0188039727295859
0.0369674269842619
0.0237631512499092
0.018622169851028
0.0150904805992695
0.021039474791678
0.0216421176668575
0.0163597340291233
0.0213525797491911
0.0149793788401666
0.0218003535055971
0.016955643464371
0.0204031647167824
0.0210731419914225
0.0227497685380058
0.0193729484050209
0.0159658277922858
0.0182013298544064
0.0240661560474678
0.0178175237774667
0.0206455685548406
0.0195480178436185
0.0178141570575008
0.0183090648935433
0.0249718037202342
0.0204772325562033
0.018962208568297
0.0179521925763879
0.0191271778469968
0.0195884184832948
0.020046292399627
0.0172485481020317
0.0177165221782616
0.0148447100412454
0.0166728389866364
0.0169590101843369
0.0200126251999109
0.0151881154785087
0.0214064472687596
0.0178107903375349
0.021554582947573
0.0174976853800217
0.0176996885784035
0.0189521084083992
0.0158277922733987
0.0179521925763879
0.0181440956148435
0.018962208568297
0.0171913138624689
0.0176592879387272
0.0181003282552012
0.0147302415621766
0.0179353589765299
0.0195278175237945
0.0192517464859918
0.0182888645736909
0.0180262604158088
0.019477316724192
0.0168748421850182
0.0186592037707385
0.0149861122801269
0.015319417557464
0.0198375557613133
0.0197533877619662
0.0162048649103781
0.0161745644305995
0.0225780658193742
0.0186827708105568
0.0177030552983695
0.020487332716101
0.017433717700527
0.0200530258395872
0.0232648766939008
0.0190194428078598
0.0178074236175405
0.0155483545156301
0.018709704570341
0.0170835788233319
0.0169792105041608
0.0157402575540857
0.0171374463429004
0.0172990489016058
0.0181003282552012
0.0208846056729328
0.0164809359481524
0.0149591785203427
0.0158277922733987
0.01752125241984
0.0180498274555987
0.0149861122801269
0.0171004124231899
0.0211842437505254
0.0160802962713547
0.0188780405689783
0.0183292652133673
0.0181407288948776
0.0158681929130751
0.0161240636310254
0.0147302415621766
0.0187770389698017
0.0202179951182586
0.0162452655500545
0.0161678309906677
0.0157133237943015
0.0174572847403454
0.0151477148388324
0.0211202760710592
0.0227565019779661
0.014770642201853
0.0187400050500912
0.0144070364447373
0.0217229189462103
0.018962208568297
0.0172216143422474
0.017309149061532
0.0212717784698384
0.0217296523861705
0.019261846645918
0.015784024913728
0.018625536570994
0.0165146031478969
0.0166762057066023
0.0179353589765299
0.0175178856998741
0.0163631007490892
0.016740173386097
0.0160634626714966
0.015534887635738
0.0151140476390879
0.0180801279353773
0.0200530258395872
0.0142622674859183
0.0179420924164617
0.0165920377072837
0.0179757596162062
0.0151039474791617
0.0155449877956357
0.0160870297113149
0.0152386162781113
0.015443986196459
0.0171980473024291
0.0154776533961751
0.0169691103442631
0.0181205285750536
0.0154709199562433
0.016652638666784
0.0183561989731516
0.0157503577140119
0.0135754566113917
0.0152217826782248
0.0154843868361354
0.0153732850770325
0.0169859439441211
0.0198442892012451
0.0161442639508493
0.0163563673091573
0.0162317986701623
0.0136629913307047
0.0198914232808818
0.0150871138793036
0.0144878377241184
0.0138447942092625
0.0181205285750536
0.0142858345257082
0.0172552815419635
0.0167031394663866
0.0196826866425397
0.0170061442639451
0.0170297113037634
0.0153126841175038
0.0176929551384717
0.0172653817018897
0.0176996885784035
0.0152083157983327
0.0176660213786874
0.0136023903711759
0.0140838313273264
0.0163462671492312
0.0133902870128964
0.0128650786970752
0.0137303257301653
0.0153934853968565
0.0154136857167089
0.0138919282888708
0.0142521673259921
0.0175178856998741
0.0176323541789429
0.015447352916425
0.0145518054035847
0.0159321605925413
0.0156729231546251
0.0157402575540857
0.0166627388267102
0.0173764834609926
0.0144306034845556
0.0175515528995902
0.0132488847740149
0.0160432623516726
0.0142353337261341
0.0197500210420003
0.0154540863563852
0.0144844710041241
0.0159153269926833
0.0143902028448792
0.0152083157983327
0.0153227842774299
0.0155618213955222
0.0148985775608139
0.0159691945122518
0.0158176921134725
0.0141612658867132
0.0137841932497338
0.0133734534130099
0.0153631849171063
0.0198375557613133
0.0154507196363909
0.0170196111438372
0.014114131807105
0.0151578149987586
0.0179286255365696
0.0158614594731148
0.01468310748254
0.0126967426984379
0.0177333557781481
0.0152419829980772
0.0150803804393718
0.0120705327834401
0.0160769295513887
0.012585640939335
0.0133061190135493
0.0161240636310254
0.0146528070027898
0.0149457116404506
0.0166156047470736
0.0142454338860318
0.0146561737227557
0.0142521673259921
0.0151241477990141
0.013898661728831
0.0152049490783668
0.0146393401228977
0.0136730914906309
0.0145080380439424
0.0151140476390879
0.0134643548522888
0.0143498022052029
0.01557192155542
0.0145989394832213
0.0138313273293704
0.0130536150155649
0.0158378924332965
0.014471004124232
0.0146460735628295
0.0148312431613533
0.0139289622085812
0.0139558959683654
0.0138346940493363
0.0143094015655265
0.015551721235596
0.014575372443403
0.0137404258900915
0.0146696406026479
0.0147033078023924
0.01379429340966
0.0149288780405641
0.0151005807591957
0.0134643548522888
0.0137404258900915
0.0159220604326435
0.0156392559548806
0.0152116825183271
0.0148884774008877
0.0159691945122518
0.0152251493982192
0.0133229526134357
0.0144878377241184
0.0139154953286891
0.0133128524535095
0.0128718121370355
0.0138380607693023
0.0128448783772512
0.0125014729399879
0.0154069522767486
0.0138346940493363
0.0142387004461
0.0128650786970752
0.0142791010857763
0.0135855567713179
0.0143565356451631
0.0128886457368935
0.0153429845972539
0.0146965743624321
0.0147336082821425
0.0129290463765699
0.0161173301910651
0.0134811884521469
0.0141174985270709
0.0144407036444818
0.0140602642875365
0.0128583452571434
0.015107314199156
0.0139592626883314
0.0125014729399879
0.0120065651039454
0.0127910108576828
0.0133195858934414
0.01468310748254
0.0148144095614953
0.0132724518138332
0.0141208652470368
0.0199957916000528
0.0139794630081838
0.0156998569144093
0.0139659961282916
0.0125486070196246
0.0138212271694442
0.0118920966248766
0.0141848329265315
0.0122792694217821
0.0153631849171063
0.00992929888056437
0.0180262604158088
0.01404343068765
0.0149793788401666
0.0141612658867132
0.0130839154953435
0.0138481609292285
0.0132522514939808
0.0129290463765699
0.0161307970709572
0.0135249558118176
0.0120705327834401
0.0119627977443031
0.0131882838145145
0.0120031983839795
0.0135316892517494
0.0135485228516075
0.0112625199899128
0.0146662738826819
0.0132926521336572
0.01271020957833
0.0125486070196246
0.0133936537328623
0.0144878377241184
0.00992929888056437
0.012161434222719
0.012585640939335
0.0131411497348779
0.0132219510142306
0.0133397862132938
0.0129526134163882
0.0139794630081838
0.016191398030486
0.0156426226748749
0.0126664422186877
0.0135855567713179
0.0152386162781113
0.0127135762982959
0.0120233987038318
0.0121008332631902
0.0129761804562065
0.0133566198131518
0.0104141065566807
0.012410571500709
0.0120839996633322
0.0134037538927885
0.0128718121370355
0.0135552562915677
0.0119122969447005
0.0133936537328623
0.0133397862132938
0.0130132143758885
0.0128684454170696
0.0144844710041241
0.0132084841343385
0.0119998316640135
0.0128112111775067
0.0116766265466026
0.0125519737395905
0.0116900934264947
0.0120301321437637
0.0133330527733335
0.012585640939335
0.0104107398367148
0.00979463008164316
0.0118651628650923
0.0137774598097735
0.0132051174143726
0.0121109334231164
0.012622674859017
0.0121749011026111
0.0158547260331829
0.0129593468563201
0.0118651628650923
0.0117910950256714
0.013902028448797
0.0125418735796643
0.0129324130965358
0.0125284066997722
0.0115587913475395
0.0147100412423242
0.0118988300648084
0.0123365036613166
0.0120065651039454
0.0128718121370355
0.0135384226917097
0.0130031142159908
0.0136730914906309
0.0132286844541909
0.0100505007995935
0.014023230367826
0.01271020957833
0.0123634374211008
0.0129694470162462
0.0131579833347359
0.0109224812726154
0.0138279606093761
0.0115890918272896
0.0150837471593377
0.013050248295599
0.0123634374211008
0.011646326066824
0.0121176668630767
0.0111177510310654
0.0122590691019298
0.0114443228684422
0.0138515276491944
0.0129290463765699
0.0118954633448425
0.0100000000000193
0.0125216732598403
0.0116227590270341
0.0137639929298814
0.012393737900851
0.0144811042841582
0.0111110175911051
0.0115082905479369
0.0124745391802037
0.0128314114973591
0.0125486070196246
0.0115150239878972
0.012053699183582
0.0110638835114969
0.0142083999663498
0.0114409561484763
0.00974749600203495
0.0123567039811405
0.0129122127767118
0.0110133827118943
0.014023230367826
0.0119863647841214
0.0120671660634741
0.0112524198299866
0.0117035603063869
0.0127910108576828
0.0121648009426849
0.0113433212692655
0.0101649692786907
0.0120031983839795
0.0127539769379723
0.0130940156552413
0.0114375894285104
0.0128415116572853
0.011609292147142
0.0124341385405273
0.0103939062368568
0.0127438767780461
0.0124139382207034
0.0126597087787275
0.0133128524535095
0.0144878377241184
0.0104612406363174
0.0121648009426849
0.0107507785540122
0.0109931823920704
0.0104141065566807
0.0120705327834401
0.0115082905479369
0.0100471340796275
0.011858429425132
0.013030047975775
0.012393737900851
0.0114039222287659
0.0111615183907077
0.0130536150155649
0.0097542294419668
0.0108214796734387
0.0129290463765699
0.00945122464440828
0.012181634542543
0.0117001935863925
0.0103568723171463
0.0105016412759937
0.0120637993435082
0.0117271273461768
0.0106666105546651
0.0110335830317467
0.0101750694386169
0.0109191145526495
0.0114241225486182
0.0132993855736174
0.0103972729568227
0.0114072889487602
0.0133633532531121
0.0114981903880107
0.0115890918272896
0.0101582358387304
0.0111446847908496
0.0114510563084025
0.0091414864068895
0.0108921807928652
0.0110369497517127
0.0104444070364593
0.011504923827971
0.0114813567881527
0.0106699772746595
0.0112658867098787
0.0108787139129731
0.0114678899082605
0.0104612406363174
0.00994949920041677
0.0104343068765331
0.0102693375978618
0.0117809948657452
0.00977106304182485
0.0102491372780094
0.0111143843110995
0.00994949920041677
0.0104612406363174
0.0105959094352386
0.0102828044777539
0.00981483040149556
0.0100538675195878
0.0105555087955622
0.00925258816599239
0.0109393148725019
0.0121850012625373
0.0104713407962436
0.00988553152092209
0.0109123811127176
0.010653143674773
0.0130906489352753
0.0102592374379356
0.0112658867098787
0.00980473024156936
0.0120772662234003
0.00967006144264815
0.0109494150323997
0.00986533120109812
0.0106194764750569
0.0106868108745175
0.00977442976181919
0.0111042841511733
0.0106598771147333
0.0107171113542677
0.0113231209494131
0.00998316640013286
0.00987543136099589
0.0112456863900547
0.011097550711213
0.013474455012215
0.00942429088462404
0.00964312768286391
0.00943439104452182
0.00971382880229044
0.0104275734365729
0.00983839744131387
0.010545408635636
0.0100067334399512
0.00997306624023508
0.00937042336505556
0.0112221193502364
0.0108282131133706
0.0118617961451264
0.0120873663832981
0.0108618803131151
0.0104275734365729
0.00970036192239832
0.00962966080297178
0.0106262099149887
0.011272620149839
0.00944112448448209
0.0095757932834033
0.0110335830317467
0.00942429088462404
0.0108012793535863
0.011504923827971
0.0112086524703443
0.0104915411160675
0.0101582358387304
0.0125317734197665
0.00984849760121165
0.00979463008164316
0.00996633280027481
0.0101851695985147
0.0101515023987986
0.00992929888056437
0.00962292736301151
0.00963976096289798
0.011185085430526
0.00942429088462404
0.00962629408300586
0.0103871727968965
0.0108989142328255
0.00974749600203495
0.0104343068765331
0.0103568723171463
0.00961956064304559
0.0101851695985147
0.0103636057571066
0.0104343068765331
0.0109191145526495
0.00942429088462404
0.0108349465533308
0.00968689504250619
0.00999663328002498
0.0106598771147333
0.0104444070364593
0.0108181129534728
0.00978116320175104
0.00982493056142175
0.00981483040149556
0.0118550627051661
0.0113567881491576
0.0111042841511733
0.00950172544398242
0.00965659456275603
0.00967006144264815
0.0108686137530469
0.011292820469663
0.00946805824426633
0.0116530595067843
0.0111211177510313
0.0102323036781513
0.0103265718373962
0.00971382880229044
0.00980136352160343
0.00977442976181919
0.00942429088462404
0.00945795808434013
0.010084167999338
0.00930308896559495
0.0093872569649136
0.0101919030384749
0.0102289369581854
0.0098316640013536
0.00921218752631603
0.00965996128272195
0.010441040316465
0.00948489184412438
0.00980136352160343
0.0102154700782933
0.00911791936707118
0.00965659456275603
0.00966669472268222
0.00997306624023508
0.00967006144264815
0.00968016160257434
0.0101043683191619
0.0103434054372542
0.00971382880229044
0.0109258479926098
0.00871727969027347
0.00971719552225636
0.00943102432455589
0.00993603232052465
0.00980809696153528
0.0101178351990541
0.00984513088124572
0.00977779648178512
0.0107878124736942
0.0101548691187645
0.00958252672333515
0.00924585472603212
0.00922902112617408
0.00950845888394269
0.00951519232387454
0.00942429088462404
0.00993939904049057
0.00941755744466377
0.00967006144264815
0.0106868108745175
0.00954212608365879
0.0103097382375381
0.00944112448448209
0.0109999158320022
0.0093872569649136
0.00979126336167724
0.0108618803131151
0.0100572342395537
0.0093872569649136
0.00925258816599239
0.00913811968689515
0.00930308896559495
0.0096532278427901
0.0108046460735807
0.00974076256207468
0.0110032825519681
0.00928962208570283
0.010101001599196
0.00947479168419818
0.0103366719973224
0.00963976096289798
0.0100875347193039
0.00953202592376101
0.00894621664843953
0.0105117414359199
0.0086095446511365
0.00914821984682135
0.00922902112617408
0.00945122464440828
0.0106598771147333
0.00970709536235859
0.00952865920376667
0.0121547007827587
0.00962966080297178
0.00960946048311939
0.0103501388772145
0.00926605504588451
0.0093973571248398
0.00975759616193272
0.00921218752631603
0.00957242656343738
0.00966669472268222
0.0101548691187645
0.00911791936707118
0.0093872569649136
0.00946132480430606
0.00931318912549273
0.00902701792779226
0.00983503072131953
0.00916505344667939
0.0105588755155281
0.0091313862469633
0.00995959936034296
0.00983503072131953
0.00919872064642391
0.00921892096624788
0.00938389024494768
0.00903711808771845
0.00828297281373125
0.00887214880901865
0.010528575035778
0.00984513088124572
0.0101346687989405
0.00996969952024074
0.00969026176247212
0.00975086272200087
0.0097542294419668
0.0093872569649136
0.00946805824426633
0.00986533120109812
0.00944449120444801
0.00906741856746862
0.00891591616868936
0.0102828044777539
0.00972729568218256
0.0109763487921839
0.010653143674773
0.00980473024156936
0.00894621664843953
0.00997979968016693
0.00920208736638983
0.00914485312685542
0.00947479168419818
0.00940409056477165
0.00929635552563468
0.00926942176585044
0.00948152512415845
0.0101043683191619
0.00913811968689515
0.0091414864068895
0.009764329601893
0.00881491456948424
0.00927952192577663
0.00925932160592424
0.0104881743961016
0.00988216480095616
0.00904721824761623
0.0094209241646297
0.00915832000674754
0.00957916000336922
0.00900008416800802
0.00916505344667939
0.00906068512750835
0.00996296608030889
0.00882838144937637
0.00992256544063252
0.00905058496761058
0.00908088544736074
0.00946132480430606
0.00900681760793987
0.0112187526302705
0.0104747075162095
0.00934012288527697
0.0088990825688029
0.00935022304520317
0.00872401313020532
0.00926942176585044
0.00964649440282983
0.00925595488595832
0.00911118592711091
0.00847150913224937
0.00895968352833165
0.00917178688663967
0.00873411329013152
0.00895295008837138
0.00893611648851333
0.00906741856746862
0.00918525376653179
0.00933002272537919
0.00843784193250485
0.0101986364784068
0.00941755744466377
0.00870717953034728
0.00904048480768438
0.00936368992509529
0.00888898240890512
0.0087105462503132
0.00914485312685542
0.0089664169682635
0.00907415200740047
0.00964986112279576
0.00871727969027347
0.00863984513088667
0.00945795808434013
0.00854894369160775
0.00895295008837138
0.00975086272200087
0.00902365120782633
0.00894958336840546
0.00894958336840546
0.0084546755323629
0.00941755744466377
0.00932665600538485
0.00900008416800802
0.00871391297030755
0.00909771904721879
0.00893274976854741
0.00991246528070633
0.00887888224897893
0.00882501472941044
0.00887888224897893
0.00890581600876317
0.00868024577056303
0.0095656931234771
0.00840754145275469
0.00811463681509395
0.00848497601214149
0.0099191987206666
0.00857924417138634
0.00840754145275469
0.0087980809696262
0.00944112448448209
0.00899335072804774
0.00838060769297044
0.0096532278427901
0.00881491456948424
0.00944449120444801
0.0100808012793721
0.0087980809696262
0.0083772409729761
0.00897315040822377
0.00972729568218256
0.0105319417557439
0.00955559296355091
0.00870044609041543
0.0088990825688029
0.00934685632523724
0.00882501472941044
0.0103636057571066
0.00903375136772411
0.00914821984682135
0.00875094688998956
0.0094983587240165
0.00896978368825785
0.00801363521588883
0.00851527649189165
0.00916168672671347
0.00907078528743455
0.00843110849254458
0.00917852032657152
0.00864321185085259
0.00840754145275469
0.00868361249052896
0.00861627809106835
0.0086869792105233
0.00877788064977381
0.0083536739331862
0.00875094688998956
0.00840754145275469
0.00878461408973408
0.00912128608703711
0.00834020705329408
0.0083772409729761
0.00898325056814997
0.00857924417138634
0.00894958336840546
0.00975086272200087
0.00909771904721879
0.00965659456275603
0.00960609376315347
0.00875094688998956
0.00856241057149987
0.00871727969027347
0.00893611648851333
0.00861291137110243
0.00821900513426499
0.00876441376988168
0.00814493729484411
0.00848497601214149
0.00890918272872909
0.00918525376653179
0.00887214880901865
0.008875515529013
0.00830653985354957
0.00894621664843953
0.00875768032994984
0.00836714081307832
0.00845130881239697
0.00845130881239697
0.00833684033329973
0.00983839744131387
0.00900008416800802
0.00948152512415845
0.0085422102516759
0.00858261089135226
0.00965659456275603
0.00830317313358364
0.00859271105127846
0.00843447521253893
0.00891591616868936
0.00843110849254458
0.0086095446511365
0.00840754145275469
0.00856914401146014
0.00838397441293637
0.00877788064977381
0.00836714081307832
0.0083772409729761
0.00865667873074472
0.00892601632858714
0.00842100833264681
0.00798333473613866
0.0082661392138732
0.00806413601549139
0.0086095446511365
0.0084546755323629
0.00842437505261273
0.00864321185085259
0.0083536739331862
0.00795303425638849
0.00885868192912653
0.00872401313020532
0.00906068512750835
0.00809443649524155
0.00843447521253893
0.00842774177257866
0.00873074657016559
0.00890244928879724
0.00865331201077879
0.00761636225908546
0.00863311169095482
0.00854894369160775
0.00873074657016559
0.00856914401146014
0.00842774177257866
0.00820217153437852
0.00870044609041543
0.0089664169682635
0.00769379681844384
0.00812473697502014
0.00849170945207334
0.00806413601549139
0.00892264960862121
0.0080102684959229
0.0080877030553097
0.00835030721319185
0.00829307297365744
0.00840080801279441
0.00856577729149421
0.0080102684959229
0.00963302752293771
0.00859607777124438
0.00810790337513367
0.00808433633534378
0.00864321185085259
0.00813483713491792
0.00814493729484411
0.00838060769297044
0.00849170945207334
0.00815167073480438
0.0085321100917497
0.00837050753304425
0.00803720225570714
0.00864994529081287
0.00838397441293637
0.00850854305193138
0.00819543809444667
0.00818197121455455
0.00848834273210741
0.00903375136772411
0.00840754145275469
0.00846814241225502
0.00866004545073906
0.00795303425638849
0.00835030721319185
0.00828970625369152
0.00841090817272061
0.00841764161265246
0.00863311169095482
0.00793956737649637
0.00832337345340761
0.00830990657351549
0.00837050753304425
0.00828297281373125
0.00836377409308398
0.00830653985354957
0.00853547681171563
0.00847487585221529
0.00844794209243105
0.00831327329350984
0.0080877030553097
0.00827960609376532
0.00864657857084694
0.00849170945207334
0.00867014561063684
0.00828297281373125
0.00775776449793852
0.00820890497433879
0.00809443649524155
0.00804056897567307
0.00849507617203926
0.00876778048987603
0.0079092668967462
0.00813820385491226
0.00817187105462835
0.00762982913897758
0.00762309569901731
0.00841090817272061
0.00826950593383913
0.00811463681509395
0.0082863395337256
0.00804393569566741
0.00817523777459428
0.00792946721657017
0.00814493729484411
0.0076769632185858
0.00840754145275469
0.00884184832926849
0.00819207137448075
0.0087105462503132
0.00819207137448075
0.00778133153775684
0.00835704065315213
0.00847150913224937
0.00817860449458863
0.00780826529754108
0.00808433633534378
0.00796313441631469
0.00830653985354957
0.00816850433466243
0.0081651376146965
0.00825603905394701
0.00783856577729125
0.00808433633534378
0.00812810369498607
0.00929972224560061
0.00830990657351549
0.00786549953707549
0.00865667873074472
0.00832000673344169
0.00805066913559926
0.00829643969362337
0.00827287265383347
0.00768706337851199
0.00795640097635442
0.00800353505599105
0.00797660129620681
0.0081887046544864
0.00799343489606485
0.00785203265718337
0.00793620065653045
0.00804056897567307
0.00802710209578095
0.00849507617203926
0.00820553825437287
0.00823583873412304
0.00795303425638849
0.00810790337513367
0.00775776449793852
0.0080001683359967
0.00807423617541758
0.00770053025840411
0.00853547681171563
0.0087879808097
0.00778806497768869
0.00843110849254458
0.00817187105462835
0.0081651376146965
0.00797996801617273
0.00814157057487819
0.00843110849254458
0.00823583873412304
0.00770389697837004
0.00829980641361772
0.00831664001347576
0.00806413601549139
0.0078419324972856
0.00830653985354957
0.00811127009512802
0.00823583873412304
0.00847150913224937
0.00768032993855172
0.00802710209578095
0.00806413601549139
0.00824593889404923
0.00753219425973839
0.00817523777459428
0.00760289537919334
0.00846814241225502
0.00823247201415711
0.00742445922060142
0.00776786465786472
0.00800690177595698
0.00758606177930687
0.00775103105800667
0.00760289537919334
0.00813483713491792
0.00804056897567307
0.00796313441631469
0.00791263361671213
0.00776113121790445
0.00755239457959078
0.00735039138120897
0.0081887046544864
0.00911118592711091
0.00780826529754108
0.00797323457621246
0.00833010689336788
0.0078318323373594
0.00812810369498607
0.0079328339365361
0.0075759616194091
0.00794966753642257
0.00825940577394135
0.00848160929214714
0.00872401313020532
0.0077543977779726
0.00754566113963051
0.00778469825772277
0.0079092668967462
0.00753219425973839
0.00792273377663832
0.00785876609714364
0.00792273377663832
0.00773419745812021
0.00799343489606485
0.00788233313696196
0.00811800353505987
0.00785876609714364
0.00790590017675186
0.00838734113290229
0.00783856577729125
0.00819207137448075
0.00751872737984627
0.00819207137448075
0.0080102684959229
0.0078419324972856
0.00788906657689381
0.0078318323373594
0.00822573857419684
0.00783519905732533
0.00833347361333381
0.00765339617876748
0.00768706337851199
0.00767022977865395
0.00777123137783065
0.00732682434139065
0.00750526049995415
0.00759616193923307
0.00769043009847792
0.00781499873750136
0.00768706337851199
0.00793956737649637
0.00757259489941475
0.0077543977779726
0.00732682434139065
0.00793956737649637
0.00830990657351549
0.00778806497768869
0.00766349633869368
0.00778469825772277
0.00838060769297044
0.00735039138120897
0.00804393569566741
0.00781836545746728
0.00727969026178243
0.00856577729149421
0.00761972897905139
0.00812810369498607
0.00763656257890943
0.00781163201750701
0.00772746401818836
0.00778469825772277
0.00790253345678593
0.00739415874085125
0.00826277249390728
0.00780153185758081
0.00925595488595832
0.00791936705664398
0.00781499873750136
0.00859944449121031
0.00711472098308263
0.007599528659199
0.00737395842102728
0.0078419324972856
0.00752882753977246
0.00763992929887536
0.00755912801952263
0.00791600033667805
0.0074210925006355
0.00796986785624654
0.00752209409984061
0.00766012961872775
0.00751199393991442
0.0076668630586596
0.00839070785286822
0.00737732514099321
0.00743119266056169
0.00769043009847792
0.00732345762142472
0.00743119266056169
0.00740762562074337
0.00754902785962486
0.00737059170103294
0.00740762562074337
0.00760962881912519
0.00765002945880155
0.00785876609714364
0.00755239457959078
0.00746149314031186
0.00745139298038566
0.00691608450466674
0.00785203265718337
0.00787896641696761
0.00748169346016425
0.00772073057822809
0.0085422102516759
0.00777123137783065
0.0078419324972856
0.00795640097635442
0.00798333473613866
0.0073099907415326
0.00795976769632034
0.00789916673682001
0.00784866593721745
0.00791600033667805
0.00770053025840411
0.00731335746149853
0.00748169346016425
0.00744129282048789
0.00781836545746728
0.0077543977779726
0.00799680161603078
0.0074109923407093
0.00735375810117489
0.00756249473951698
0.00771399713829624
0.00751872737984627
0.00839744129282849
0.00719215554246944
0.00784529921725152
0.00786213281710957
0.0073200909014588
0.00696321858430338
0.00791600033667805
0.00746485986027778
0.00806750273545731
0.00716522178268519
0.00739079202088533
0.00743792610049354
0.00766349633869368
0.00773419745812021
0.00745812642034593
0.00773756417811455
0.0072325561821458
0.00764666273883563
0.00800690177595698
0.00769043009847792
0.00758942849930122
0.00767022977865395
0.00761972897905139
0.00722582274221395
0.00735375810117489
0.00832000673344169
0.0070776870633722
0.00723928962210607
0.00769043009847792
0.007155121622759
0.00703728642369583
0.00688241730495065
0.00719888898242971
0.00771736385826216
0.00707095362344035
0.00808096961534943
0.00791263361671213
0.00726622338189031
0.00750189377998822
0.0070541200235823
0.00706085346351415
0.00821227169430472
0.0072325561821458
0.00745812642034593
0.00755912801952263
0.00737395842102728
0.00760962881912519
0.00787223297703576
0.00744129282048789
0.00727295682182216
0.00755576129955671
0.00750189377998822
0.00739079202088533
0.00746485986027778
0.00691608450466674
0.007155121622759
0.00723928962210607
0.00707095362344035
0.00718205538254324
0.00728979042168021
0.00732345762142472
0.00742445922060142
0.0073200909014588
0.00754902785962486
0.0072325561821458
0.00758606177930687
0.00754902785962486
0.00707095362344035
0.00746485986027778
0.00771399713829624
0.00714165474286688
0.00737059170103294
0.00776786465786472
0.00825603905394701
0.00717195522264547
0.0076668630586596
0.00683864994530836
0.0068992509048087
0.00717195522264547
0.00758942849930122
0.00639424290883994
0.00715848834275334
0.00708105378336654
0.00760626209915927
0.0083536739331862
0.00768706337851199
0.00703391970372991
0.00757259489941475
0.00738069186095913
0.00735712482114081
0.00736722498106701
0.00705075330358795
0.00718542210253759
0.00733019106135657
0.00749516034005637
0.00742445922060142
0.00767359649861987
0.00780826529754108
0.00757259489941475
0.00683191650534809
0.007155121622759
0.00749516034005637
0.00739415874085125
0.00693965154448506
0.00716185506271927
0.00708105378336654
0.00714502146286122
0.00675111522599536
0.007155121622759
0.00777796481779092
0.00699015234408762
0.00761972897905139
0.00729652386164048
0.00767359649861987
0.00660297954718203
0.00715175490279307
0.00715175490279307
0.0076668630586596
0.00722918946217987
0.0066097129871423
0.00677804898577961
0.00747496002020398
0.00693965154448506
0.0074985270600223
0.00736049154113516
0.00710125410319051
0.00703728642369583
0.00706758690347442
0.00727969026178243
0.00748169346016425
0.00712482114300883
0.00692281794462701
0.0074884269000961
0.00721572258228775
0.00735039138120897
0.00725612322196412
0.0074985270600223
0.00703728642369583
0.007242656342072
0.0067881491457058
0.0073200909014588
0.00671408130628492
0.00771399713829624
0.00700361922397974
0.00726959010185624
0.00728642370171428
0.00712145442304291
0.00712818786297476
0.00662654658700035
0.00693965154448506
0.00779143169768304
0.00754566113963051
0.00713828802290095
0.00696995202423523
0.00766349633869368
0.00742782594059577
0.00693965154448506
0.0070541200235823
0.00696995202423523
0.00694301826445098
0.00691945122466109
0.00667031394664264
0.00681844962545597
0.00713155458294068
0.00682181634542189
0.00678478242573988
0.00671744802627927
0.00713492130293503
0.0070776870633722
0.00758606177930687
0.00675784866595563
0.00718542210253759
0.00755576129955671
0.00729315714167456
0.00675111522599536
0.00724938978200385
0.00675784866595563
0.00679488258563765
0.00691271778470082
0.00657941250736371
0.00725275650199819
0.00713828802290095
0.00747159330023806
0.00704065314369018
0.00766349633869368
0.006798249305632
0.00776786465786472
0.00717195522264547
0.00706422018348007
0.00706085346351415
0.00693965154448506
0.00722582274221395
0.00708778722329839
0.00707432034340627
0.00650197794800533
0.00695648514434311
0.00687905058498473
0.00673428162613732
0.00744802626041974
0.00736385826110109
0.00707432034340627
0.00707095362344035
0.00722582274221395
0.00734702466124304
0.00726959010185624
0.0066097129871423
0.00669388098646095
0.00660634626714796
0.00664674690682432
0.00707432034340627
0.00745812642034593
0.00671408130628492
0.00685548354516641
0.00722582274221395
0.00665348034678459
0.00692618466459294
0.00688241730495065
0.00744802626041974
0.00699688578401947
0.00719215554246944
0.00657267906743186
0.00706085346351415
0.00666358050671079
0.00675111522599536
0.00700361922397974
0.00638077602894782
0.00660297954718203
0.00680834946552977
0.00652891170778958
0.00731335746149853
0.00733019106135657
0.00687568386499038
0.00707095362344035
0.00676458210588748
0.00690598434476897
0.00660297954718203
0.0074109923407093
0.00699015234408762
0.00683864994530836
0.00778133153775684
0.00683191650534809
0.0069665853042693
0.00654574530764762
0.00735039138120897
0.00730325730157233
0.00701035266391159
0.00692955138455886
0.00638414274894217
0.00653901186768735
0.00653901186768735
0.00672418146621112
0.00745812642034593
0.00672754818617705
0.00737395842102728
0.00674101506606917
0.00698678562412169
0.00690598434476897
0.00675448194596129
0.00641780994865826
0.00665011362681867
0.00727969026178243
0.00677131554584776
0.00725275650199819
0.00678478242573988
0.00776786465786472
0.00627304098981085
0.00701371938390594
0.00653901186768735
0.0065423785876817
0.00680161602559792
0.00721572258228775
0.00685548354516641
0.00698678562412169
0.00632690850937934
0.00734365794124869
0.00699688578401947
0.00701371938390594
0.0066332800269322
0.0068992509048087
0.0073200909014588
0.00656594562747159
0.00668714754650068
0.0078217321774332
0.0068655837050926
0.00672418146621112
0.00692618466459294
0.00674774850602944
0.00701708610387186
0.00702045282383779
0.00654911202761355
0.00684875010520614
0.00701035266391159
0.00631344162948722
0.00656931234746594
0.00710462082315644
0.00691945122466109
0.00719888898242971
0.00629997474959509
0.00651881154786338
0.0065322784277555
0.00663664674692654
0.0064447437084425
0.00676121538592156
0.0067881491457058
0.00709452066325866
0.00688241730495065
0.00712818786297476
0.0066332800269322
0.00640097634880021
0.00660634626714796
0.00740089218081152
0.00614510563084991
0.00676794882585341
0.00736385826110109
0.00701708610387186
0.0067006144263928
0.00684538338524021
0.00651207810790311
0.00680498274556385
0.00682181634542189
0.00673091490617139
0.00700361922397974
0.00651207810790311
0.00687905058498473
0.00736385826110109
0.00694301826445098
0.00652891170778958
0.00681171618552412
0.00626967426984493
0.00632017506944749
0.00664338018685839
0.00660634626714796
0.00633700866930553
0.00658277922735806
0.00649861122801099
0.00658277922735806
0.00772073057822809
0.00670398114638715
0.00665011362681867
0.00684875010520614
0.00657604578739779
0.00639087618887402
0.0063774093089819
0.00694638498444533
0.00684875010520614
0.00690935106473489
0.00666358050671079
0.00639424290883994
0.00651544482789745
0.00659287938725583
0.00695985186433745
0.00687905058498473
0.00664338018685839
0.00650534466797126
0.00734029122128277
0.00636394242908978
0.00654911202761355
0.00630334146958944
0.0064548438683687
0.00704065314369018
0.0065322784277555
0.00675111522599536
0.00676121538592156
0.00633364194933961
0.00650871138793718
0.00632017506944749
0.00662317986703442
0.00669724770642688
0.00652891170778958
0.00722582274221395
0.00630334146958944
0.00650197794800533
0.006798249305632
0.00678141570574553
0.00638750946890809
0.00732345762142472
0.00692618466459294
0.00629997474959509
0.00621917347024237
0.00626294082991308
0.00656594562747159
0.00653564514772143
0.00647841090818702
0.0065221782678293
0.00609123811128143
0.00698341890412735
0.00629997474959509
0.00640434306876614
0.00635720898915793
0.007242656342072
0.00700698594394567
0.00657941250736371
0.00678141570574553
0.00657267906743186
0.00702045282383779
0.00677804898577961
0.00659287938725583
0.00641780994865826
0.00642454338861853
0.00657941250736371
0.00706085346351415
0.00642791010858446
0.00621917347024237
0.00648177762815294
0.00629997474959509
0.00628314114973705
0.00683864994530836
0.00640434306876614
0.00606430435149719
0.00635384226916358
0.00620570659035025
0.00635047554919765
0.00606767107146311
0.00699351906405354
0.0065423785876817
0.00680161602559792
0.0067006144263928
0.00611817187106567
0.00658951266728991
0.00639424290883994
0.00674101506606917
0.00716185506271927
0.00670398114638715
0.00653901186768735
0.00668378082653476
0.00621580675027644
0.00641444322869233
0.00674774850602944
0.00578823331369449
0.0064548438683687
0.00630334146958944
0.00616530595067388
0.00639760962883429
0.00631344162948722
0.00633700866930553
0.00690598434476897
0.0065221782678293
0.00613837219088964
0.00634710882923173
0.00657267906743186
0.00687905058498473
0.00609797155121328
0.00639424290883994
0.00632017506944749
0.00649187778807914
0.00634710882923173
0.00597003619225234
0.0068655837050926
0.00655584546757382
0.00653564514772143
0.0063774093089819
0.0067006144263928
0.00685211682520048
0.00647167746822674
0.00657941250736371
0.00644811042840843
0.0059330022725419
0.00687231714502445
0.00657267906743186
0.00579160003366042
0.00626294082991308
0.00643464354851631
0.00595656931236022
0.00636394242908978
0.00609123811128143
0.00622590691020264
0.00620907331034459
0.00624274051006068
0.0063437421092658
0.00652891170778958
0.00656257890750567
0.00658277922735806
0.00592963555257597
0.00635384226916358
0.00684875010520614
0.00598350307214446
0.00615520579077611
0.00640434306876614
0.00717195522264547
0.00644811042840843
0.00631680834948156
0.00654574530764762
0.00668714754650068
0.00627304098981085
0.00608450467132116
0.00635384226916358
0.00644137698847658
0.00658614594732398
0.00642791010858446
0.00605420419157099
0.00662991330696627
0.00579160003366042
0.00705075330358795
0.00640097634880021
0.00617203939063415
0.00617203939063415
0.00640770978873206
0.00657941250736371
0.00648514434811887
0.00606430435149719
0.00668041410656883
0.00628650786970297
0.00676121538592156
0.00655584546757382
0.00632690850937934
0.00656594562747159
0.00664001346689247
0.00568386499452345
0.00682854978538217
0.0060878713913155
0.00627977442977112
0.00600707011196278
0.00574783267401813
0.00604747075163914
0.00664001346689247
0.00598686979211038
0.00609460483124735
0.00637404258901597
0.00582526723340493
0.00589933507282581
0.00642117666862418
0.00645147714840277
0.00584883427322325
0.00633700866930553
0.00662991330696627
0.00644811042840843
0.00616193923070796
0.00623937379009476
0.00602727043178675
0.00645821058833462
0.0064548438683687
0.0063774093089819
0.00632354178941341
0.00595656931236022
0.00587913475297341
0.00594983587239994
0.00698005218416142
0.00571416547430204
0.00598013635217853
0.00596330275229207
0.00610470499117355
0.00642454338861853
0.0061989731504184
0.00650534466797126
0.00655247874757947
0.00686221698509826
0.00597340291221826
0.00629997474959509
0.00599696995203658
0.00632354178941341
0.00630334146958944
0.00597003619225234
0.0060003366720025
0.00591280195271793
0.00609123811128143
0.00604073731167887
0.0060205369918549
0.00599696995203658
0.00630670818955537
0.00617540611060008
0.0058320006733652
0.00577476643380237
0.00610133827120762
0.00612827203099187
0.00582526723340493
0.00582863395337085
0.00630670818955537
0.00612153859103159
0.00567376483462567
0.00590606851275766
0.00650197794800533
0.00648177762815294
0.00624610723002661
0.00604073731167887
0.00579833347362069
0.00589933507282581
0.00590606851275766
0.00607103779142903
0.00577139971383644
0.00626967426984493
0.00590606851275766
0.00604073731167887
0.0060003366720025
0.00597003619225234
0.00578486659372857
0.00597676963218419
0.00674774850602944
0.0060878713913155
0.00587240131304156
0.00572426563419981
0.00636057570912385
0.00582526723340493
0.00599696995203658
0.00576803299387052
0.0060878713913155
0.00589596835283146
0.00648177762815294
0.00570743203434176
0.0060104368319287
0.00648851106811321
0.00655247874757947
0.00636394242908978
0.00573773251409193
0.00629997474959509
0.0060003366720025
0.00625620738995281
0.00656594562747159
0.00569733187441557
0.00607777123138931
0.00590943523272358
0.00647167746822674
0.00557949667538082
0.00610470499117355
0.00603400387174702
0.00625620738995281
0.00614847235081584
0.00583536739333113
0.00623600707012884
0.0057545661139784
0.00594310243246809
0.00636394242908978
0.00597003619225234
0.00593973571250217
0.00581853379347308
0.00609797155121328
0.00613163875095779
0.00613837219088964
0.00591616867268385
0.00573773251409193
0.00613837219088964
0.0061114384311054
0.00595656931236022
0.00587576803300749
0.00553236259574419
0.0056569312347392
0.00622927363016856
0.00559633027523887
0.00549532867603375
0.00605757091153691
0.00614847235081584
0.00593973571250217
0.00602727043178675
0.00582526723340493
0.0055895968352786
0.00602727043178675
0.00597340291221826
0.00613163875095779
0.00597676963218419
0.00608450467132116
0.0062764077098052
0.00597676963218419
0.00586230115311537
0.00611817187106567
0.00588586819293369
0.00599023651207631
0.00556266307549436
0.00560979715513099
0.00617203939063415
0.00653564514772143
0.00568386499452345
0.00565019779480735
0.00607103779142903
0.00622254019023671
0.00623937379009476
0.00589260163286554
0.006178772830566
0.00558623011531267
0.00569733187441557
0.0056670313946654
0.00595993603232614
0.00576129955391025
0.00567376483462567
0.00614173891088399
0.00638077602894782
0.005821900513439
0.00587913475297341
0.00530342563757813
0.00566366467469948
0.00694975170441126
0.00595993603232614
0.00584210083326298
0.00587913475297341
0.00629324130966324
0.00647504418822109
0.00614510563084991
0.00565356451477328
0.00577813315376829
0.00569733187441557
0.00585893443314944
0.00546839491624951
0.00612490531099752
0.00573436579412601
0.00610133827120762
0.00564009763488116
0.00569396515444964
0.00671744802627927
0.00583536739333113
0.00570406531437584
0.00576803299387052
0.00607103779142903
0.00573436579412601
0.00572763235419416
0.00587576803300749
0.00600707011196278
0.0056670313946654
0.00578486659372857
0.00569396515444964
0.00564009763488116
0.00656931234746594
0.00617203939063415
0.00550879555592587
0.00606430435149719
0.0061989731504184
0.00570069859440991
0.00545156131639146
0.00574109923408628
0.00612490531099752
0.00541452739668102
0.00568049827455752
0.00584883427322325
0.00547512835620978
0.00553236259574419
0.00610470499117355
0.00583873411329705
0.00542462755660722
0.00580843363354688
0.00570406531437584
0.00597340291221826
0.00560643043516507
0.00583536739333113
0.0054986953960281
0.00594310243246809
0.00568049827455752
0.00635720898915793
0.00572763235419416
0.00570743203434176
0.00557949667538082
0.00580506691355254
0.00561316387509692
0.00576466627387617
0.00562326403502311
0.00543472771653342
0.00561653059506284
0.00566366467469948
0.0056771315545916
0.00557949667538082
0.00580843363354688
0.00551552899588614
0.00536402659710689
0.00550206211599402
0.00573436579412601
0.0062764077098052
0.00568049827455752
0.00572089891423389
0.00568386499452345
0.00565019779480735
0.00551216227592022
0.00569396515444964
0.00525965827793584
0.00550879555592587
0.00575793283394432
0.00586230115311537
0.00551889571585207
0.00544482787645961
0.00569396515444964
0.00573099907416008
0.0055660297954887
0.00555592963556251
0.00555256291559658
0.00553909603570446
0.00552562915581234
0.00573099907416008
0.00524619139804372
0.0056670313946654
0.00555929635552843
0.00570069859440991
0.00611480515109974
0.00561653059506284
0.0061114384311054
0.00604410403164479
0.0054784950761757
0.00570406531437584
0.00545829475635173
0.00562999747495496
0.00564009763488116
0.00556266307549436
0.00523609123811752
0.00572763235419416
0.00559296355527295
0.00583536739333113
0.00617540611060008
0.00608450467132116
0.00551552899588614
0.0053337261173283
0.00570069859440991
0.00557949667538082
0.00567376483462567
0.00560306371517072
0.00572426563419981
0.00578486659372857
0.00553236259574419
0.00552562915581234
0.00557949667538082
0.00564009763488116
0.00560306371517072
0.00546839491624951
0.00526302499790177
0.0055660297954887
0.00557276323542055
0.0055660297954887
0.00543809443649934
0.00543809443649934
0.00573773251409193
0.0055895968352786
0.00576803299387052
0.00572426563419981
0.00537076003703874
0.0052327245181516
0.00568049827455752
0.0056569312347392
0.00546502819628358
0.00564346435484708
0.00576803299387052
0.00566366467469948
0.00544819459642554
0.00589933507282581
0.00572426563419981
0.00510815587912816
0.00598350307214446
0.00577476643380237
0.00537076003703874
0.00533709283732264
0.00520915747833328
0.00556266307549436
0.00585893443314944
0.0057545661139784
0.00543136099656749
0.0060878713913155
0.00559633027523887
0.00537076003703874
0.00544146115646527
0.00557276323542055
0.00576803299387052
0.00575119939398405
0.00639424290883994
0.00568723171451779
0.0052226243582254
0.00599360323207065
0.00536739331707281
0.00527312515782796
0.00562326403502311
0.00519232387847524
0.00577476643380237
0.00550542883595995
0.00543472771653342
0.00564346435484708
0.00530342563757813
0.00510815587912816
0.00527649187779389
0.00514855651883295
0.00512835619898055
0.00527312515782796
0.00546502819628358
0.00536065987711254
0.00525965827793584
0.00570743203434176
0.00537076003703874
0.00539432707685705
0.00528322531775416
0.00543472771653342
0.00544482787645961
0.00526302499790177
0.00537749347699901
0.00552562915581234
0.00544482787645961
0.00543809443649934
0.00545156131639146
0.00532025923743618
0.00538759363689678
0.00607440451142338
0.00510815587912816
0.00525292483797557
0.00537749347699901
0.0058555677131551
0.00537749347699901
0.00533709283732264
0.00579496675365476
0.00515192323879887
0.00541452739668102
0.00532362595743052
0.00537076003703874
0.005821900513439
0.00541452739668102
0.00528659203772008
0.00511152259912251
0.00538759363689678
0.00535392643718069
0.00537076003703874
0.00509468899923604
0.00547176163624385
0.00572089891423389
0.00584883427322325
0.00547176163624385
0.00539432707685705
0.00529332547765193
0.00519569059844116
0.00543809443649934
0.00550206211599402
0.00508795555930419
0.00511152259912251
0.00527312515782796
0.00545492803635739
0.005077855399378
0.00543809443649934
0.0054111606767151
0.00527649187779389
0.00531689251747025
0.00510142243919631
0.00538759363689678
0.00539769379682298
0.00539096035689113
0.00521925763825948
0.00514182307887268
0.00539769379682298
0.00526975843786204
0.00560643043516507
0.00551216227592022
0.00503408803973571
0.00543809443649934
0.00529332547765193
0.00561653059506284
0.005077855399378
0.00563336419494931
0.00536739331707281
0.00519232387847524
0.00541789411667537
0.00539769379682298
0.00531689251747025
0.00532362595743052
0.00542799427657314
0.00529669219764628
0.00572089891423389
0.00503745475970163
0.00538086019696493
0.0054784950761757
0.00537749347699901
0.00508795555930419
0.00526975843786204
0.00517549027861719
0.00517212355862284
0.00510815587912816
0.00540779395674917
0.00520579075836736
0.00559969699520479
0.00533709283732264
0.0049667536402751
0.00518222371854904
0.00522935779818567
0.00482198468142769
0.0050677552394518
0.005077855399378
0.00527649187779389
0.00554246275567039
0.00557276323542055
0.00505092163959375
0.00529332547765193
0.00506102179951995
0.00508122211934392
0.00526639171786769
0.00552562915581234
0.00530342563757813
0.00487248548103025
0.00537076003703874
0.00538759363689678
0.0051350896389124
0.00517549027861719
0.00527312515782796
0.00614847235081584
0.00528322531775416
0.00534382627725449
0.00523945795808345
0.00572426563419981
0.00566366467469948
0.00533709283732264
0.00512162275902028
0.00508795555930419
0.00519232387847524
0.00529669219764628
0.00510815587912816
0.00503408803973571
0.00543136099656749
0.00509468899923604
0.00514855651883295
0.00503408803973571
0.00510478915916224
0.00473781668210904
0.0053000589176122
0.00511152259912251
0.0048893190808883
0.00577476643380237
0.00536739331707281
0.00518895715850931
0.00546502819628358
0.00541452739668102
0.00521252419829921
