5.63274597663756
5.93023011094099
7.35137165121121
12.7212357965876
6.00591433545496
5.26958844555192
7.50588542079703
10.7881254358458
5.99521875193801
12.2763452160201
5.54772830882202
5.92809752110488
6.16439137874382
6.18016688027766
13.9022454704329
6.55688807715231
5.72643033280248
10.279483087549
8.68310028132438
9.07038535964107
5.75313597249101
9.79681009582132
11.2453940145485
13.0392567948504
13.099511576477
6.08955590503032
10.388013165831
6.11396229437652
5.83425568176163
14.3887311784441
5.55785223760995
5.85041291052427
5.93456322265101
5.64797395877163
5.85846018546456
6.7433631469171
5.7595786507368
6.13473516008587
5.75501149678554
6.35364271928735
6.07396996620377
5.54938497109971
13.4290601308858
5.87192706032828
11.5292372129317
12.7257010385966
6.00121865493189
6.06218217988383
5.69702320063917
9.25428090406449
8.47342622968532
12.238248886934
5.53748726709613
7.62256361494279
5.09423044551053
5.20526306798391
12.0923995424322
14.1256820784601
6.50730822759482
6.01818584026003
9.80183844870128
5.52674927346493
5.1205913325333
11.7721639515564
5.09384076856372
5.46633651023924
11.2765278924139
9.50514179380986
12.0546737369764
6.14752428289856
13.4567760258687
7.29341152719339
11.1561469063777
5.50462568104646
11.5127890991181
5.60315348237814
5.00195815333138
6.02043780523563
12.8098583858337
6.05404403857309
5.85352891507859
5.68736329035557
7.94227904168294
5.79298406092938
13.4361488980404
5.80470618749196
13.7664977199218
6.8138686355575
6.42896694993926
13.3231656270309
5.83540839040119
5.84383127838051
7.50575904499671
7.63017715601921
5.41482285560374
12.486934894239
14.8199903330574
11.4062689707517
5.79634062114097
13.5031325812574
5.95525135032915
5.39388736334745
9.72695420414752
6.0312681059803
5.70271297313317
5.94239491613824
6.20804732096554
5.80799216950191
5.96213112480235
5.80114293124412
9.98042430444283
10.6846494951909
5.68007457000224
13.5895673169587
5.73992434265603
5.11313600513281
12.2680497908588
6.17648295509767
5.81982644222553
10.3335837640823
5.66163223151667
6.4112542969278
9.40364747255824
6.15244710021157
10.0637679164252
5.83714952266313
5.74025284056843
10.9975692134456
5.85602932503727
5.89827381124102
12.8811811331071
8.90721154885991
12.0313235371084
5.79567594300998
7.56663441369987
5.69972866628559
14.8921427438871
5.86316431796293
6.09836327159753
11.6526947213259
13.7260994969766
13.7434136545188
5.56118856016723
8.57932154868101
5.76669167710907
5.82714916516859
13.7601603618818
5.24048119024492
11.7831062375646
14.6172748446305
5.5326357666904
14.5454985815368
5.79552685580675
5.89767652391464
8.70291237969728
5.87070200151574
5.77233834408377
5.03516028495013
5.19732272912777
5.11249339573637
14.7610118157609
5.84002765689916
5.78167388336205
6.09967717866978
5.75270053889225
5.30620198593204
5.95413432885628
6.09945130849797
5.66573378812225
5.48585419367946
6.13687653781958
5.96113918384051
9.0897920409641
5.72039347424368
6.13451818833291
5.93317921865634
5.97450460181663
9.94034977883038
13.2103701915718
5.53213003388239
6.40201198192944
5.84532121472634
14.3566834064683
5.10036351416249
6.12673183443793
10.4914699750524
5.73551393890583
5.86691042392017
11.6494449053306
5.50265068827877
7.85680531486013
7.74310323596436
14.7315976102407
13.3750331404246
5.90477246204233
11.5705737022598
5.61176267069389
6.07668309963447
14.372667203411
6.20039850277666
11.3550018662992
5.51979141148533
5.32988464644666
5.24816985329309
5.68056741464846
10.798483459745
5.8786807021689
10.5391406139809
5.15859928826656
6.27572161980344
5.39830694879346
5.6041332388234
5.50333085584458
11.5726036923153
12.1066855344758
5.90302157131055
5.69389702397646
5.81320641647393
11.1991531860896
14.3507889657633
5.51046872664222
6.379482276134
5.83019570912927
13.0947930661135
7.2654149911587
5.21259652139129
7.02529819395042
14.5761367229071
6.06604229182495
11.4509026005894
5.58503756544118
5.31110104498716
5.76805866746177
5.45558921551299
5.75592866588245
5.4973590427869
6.69884130583408
6.11126801866202
12.1067651891478
5.8282939469502
13.8307086391933
5.74300165551996
5.76569247644739
9.60727518622746
7.73037929216375
14.8677814593037
5.74889144008772
11.4474251431846
5.17698523674633
6.09118340852625
5.3041643565412
5.40075521933502
5.90237898606832
6.13279455566832
9.27624801320476
9.1800002604241
6.01274488198638
5.86028878319567
5.03674550307921
5.15901533060377
6.03237734218344
5.77717976623862
5.66308830987127
5.92045868058422
5.66274010371516
6.20519725662994
9.13450815227551
5.84079510079751
5.81568580576887
12.5528948943232
5.58814012123966
5.72581782305126
12.5698798141128
5.90948024798239
14.8582871592866
11.2625705008216
5.94023089139571
10.394674686949
9.90598859048237
5.87281610931
7.31400343739536
5.53690166609213
5.50991295620144
9.96203142341593
10.7580751095461
5.81297410223224
6.06764220831574
14.5253364691393
6.1016389652995
5.30727354159673
5.59754883565445
10.9038010094638
5.18595122095784
13.2708095745506
5.87234128577478
5.43466056076671
5.88991534565847
6.05044706400347
5.80581534555937
5.94210066869583
5.61333909741153
6.27593139587789
12.3071750443601
12.586442546962
5.21144466668674
5.70527909935436
5.71860869766839
11.3828511479385
12.7847590920228
11.4615634597305
5.84173453811937
6.03661647303235
5.54978086444783
5.56764938259023
8.23057609202906
6.01329123170891
6.05555925479688
5.84231318719739
13.0875246260075
5.19025965060362
5.81455664440433
13.2946123866903
5.80200873142523
8.56452866758525
14.0712225159376
11.8380802260032
5.29621075437493
5.3938428318574
12.3964279381312
11.1426884359748
11.0249761293663
6.2391375108568
5.62896338263196
6.87006850574217
5.64112244251846
11.5821866682803
5.76673543382744
5.94671279213558
5.80070489203864
12.1124573065818
5.87705182282355
5.74044186895552
5.48211872988305
14.9246484105799
12.4118234785176
13.4671673549425
9.07499610568947
5.8761341475817
5.8788204624588
6.02598243007447
9.90738330606754
6.32395739235827
8.33805689527631
5.9510016281842
5.37355852046826
5.84445389734986
5.78740585548034
5.64699300946899
5.70469110851633
12.5986127168689
12.6897595304345
13.2183269765055
5.63504708638039
5.78519664700067
10.6325801590659
5.45810160001387
12.2926632437631
5.99112479758313
12.7671616597154
5.02094780742831
11.8010487388746
12.7052109111657
5.94158054177425
5.62448331746903
5.80038038222782
6.09774185773255
6.57356670178835
5.98233087119266
7.93817826785982
5.60465093995517
5.28829506729713
7.80713137858617
6.49521158255285
5.99788730126766
6.03965072078306
13.3768116939587
13.8918186456026
5.11593819303909
5.23186508735074
5.62662720459838
5.98820160812438
6.05304589974869
10.4639200094405
14.475154292434
7.57465029431324
5.79003580056005
9.75088218452848
5.01181987071837
5.93443952823951
5.41440444330878
5.55333116408991
6.72008929635035
5.11749464082912
10.0013321935555
5.01853968983607
12.819553828105
5.86201593096753
5.80013478210298
14.2816768270948
12.0850607388512
10.5145761222634
5.23987635570468
5.72281371089747
5.4069401328797
5.51960481559359
10.7539720223011
6.03927618832107
5.93924433612674
6.68872511911658
5.8954948536447
12.7162126896997
12.2527693863857
11.6575164363193
5.46812693399177
5.67593152618694
5.23422087248404
6.57030285178846
13.0738465945742
14.6514976922333
7.71125637892026
11.3484391987504
5.67764166082206
14.6242743268234
5.98987086127323
5.49461687711218
9.9737414626282
5.70927066837463
10.3514755525116
5.71506532084305
5.55413818729084
9.83686845468637
5.87239582209361
5.16643455705704
8.85882781451047
7.64481856869031
5.83474190471419
12.4706615857076
5.87050270908188
5.61384528279581
12.9300282308798
6.62057247614466
12.1145393347334
10.997934003071
5.09942743550928
5.87510978659662
8.45225674780334
12.3500083956104
10.3200756577799
9.84234291104011
5.75191135836741
6.01324611168257
11.5262416715214
6.12484254877991
5.99546242908054
5.72841734828456
5.97659408973726
7.51301286785379
5.24154792495316
9.25015436723213
11.2611524564225
5.86455222137073
6.15142120087829
12.7470102294763
12.5371838922371
5.07139977382115
12.2446525918094
14.6362550678573
5.92658061725572
6.04947053095768
5.76538521850707
5.80283077228148
6.11216887335424
11.9935673421441
5.87468736866357
5.77479516550325
5.57431372010596
5.83685778958506
8.79361896321409
11.9429920776462
5.79411089648037
13.6540189680993
9.00483094689855
5.66217675554722
5.04403859314667
5.52575785083448
14.792817053972
6.52637427178292
5.59317495699053
6.09340482302076
5.18981248448668
5.85919054077348
5.76199729198073
9.9872654950603
6.24318470590969
6.0019580644153
9.59888433860752
5.97006277603678
6.96966728920586
5.77062779052653
7.56170906418561
5.96009117096821
10.0075675372013
10.1462995915387
9.69852336391084
5.80567199984015
9.83950754370539
5.54189684895062
10.1102293621133
5.69750445819993
10.4128594085433
6.10109978701722
5.62721888126372
6.24011894030547
5.73671943737201
6.09443051029277
6.01332083979238
6.1801886524354
11.6580880626582
9.81811306188652
6.45184457500977
11.6986399626323
8.85075912787666
6.66335128331309
9.7307275785894
11.5810183021214
14.9249991632038
5.15918154794566
10.380463630268
11.7182172686342
5.7815728721624
5.99814930596945
5.91529603635366
5.52930656957738
6.1718018146765
14.1234992454276
