12.4200672266989
5.0271991589887
6.75913611655812
10.0937770095116
10.120936418767
5.05084166435569
10.161939308391
6.40227038402723
9.96571775324421
10.1310852510816
7.07365506686652
9.99553111913251
10.0372101671814
6.07713937538966
6.02089196563535
14.8585123575121
6.09024742271287
7.53308427589992
13.9435324074558
10.0343743954227
9.97816185420049
10.0654956619299
10.2027722272694
5.1769093536535
9.98567901245154
11.3265654771066
14.6439692721388
6.6128126122237
10.048839844306
13.0579080241523
9.99639951762391
12.1400929156089
10.0048905741197
6.92691246708083
14.5751230490274
9.99331170371793
9.96639060212245
10.2602591272521
9.97251575321872
5.13190982877036
10.0169185468745
10.0123467751261
6.83052767897106
12.9256438146923
9.97530030019961
14.8823833251595
10.030677227291
14.7086996641177
10.0009077040496
12.7055698297912
14.9198507931792
6.86855374312006
5.07412018571817
7.59403041152695
8.3097582971601
9.96606407199837
11.7180711220602
10.0007951290776
5.05950717268027
14.8475802562036
6.16696777115962
10.1300964048191
9.99966829625193
12.6213833565352
10.0015426814055
12.4685493163043
9.99515871880056
6.77864917192815
12.6347128119354
10.0061407925777
13.3230114110305
9.98471834967632
10.0339863045792
13.560619636418
10.0887576627584
10.0108337879991
13.1518028384032
10.1008072701086
6.84280882986921
5.19396914269249
10.1886784769126
14.9849610200111
13.3201559886555
14.8310672842386
9.97389257231839
12.0596453111316
14.7234068912058
9.97675026936258
10.055987232838
5.20811364789473
13.6007575403256
9.97932346226646
13.4857036331746
7.0558887585517
7.716413375119
12.840506616908
9.97524868157396
9.96668775801327
13.2918515139446
7.33613951846175
5.01121408039416
5.15341389480137
10.0745635516324
9.96236142742185
10.0861746884603
13.1940971157096
10.0446407535033
14.8176674678252
14.723852809881
14.7560636055803
10.2402643220222
12.6010917883034
7.75665746628943
12.6949468740674
6.58513163930208
10.0103852201061
11.8391817716985
13.5834347411572
14.8216974809018
13.0579729376465
14.7173544759444
9.9993940660813
10.111530691204
13.0567931609496
12.1918667634198
10.0249285970587
9.98809093687872
6.47294673109094
5.96726894767538
14.8222783382242
12.6566107288306
9.96898041541859
14.6831744967135
10.1193017334324
5.69029656929689
10.0775684347435
10.0242084664402
14.8661318640827
14.947153317365
10.0600134794196
12.5943402967796
11.0692730346249
14.8223971550357
10.0075532402764
7.08937128833454
6.86571849422514
9.98797428901763
14.6118049961978
9.9872642106075
9.98942386529241
5.77385259242837
10.0318470534038
12.2543169672007
10.1301886325807
7.86844844344288
5.17538453251286
14.8660842722805
8.31053475051073
10.10311205366
10.1069126910556
10.0224704430846
9.99969374591139
9.99184543118096
14.7874654569729
10.033928962427
10.103964223625
12.5427798503915
10.004969750462
10.0339788544962
10.0584727568669
10.0671633346695
10.0852067563089
13.4685447979358
10.0113709325254
9.99159257951238
8.2286905588438
10.0125732333501
5.10207344014906
9.97668214935462
10.0123366776154
5.89196960747126
14.6685873675188
7.00476231766213
10.0670456994408
13.7333079251709
14.7552946395549
14.6235156955604
9.99624528589341
5.18069864396056
10.0014403841489
5.13589902913054
10.2263083038826
10.1402127067581
10.0240879607068
6.99036303877387
14.6401365591975
10.0844506662547
14.7726853784068
10.3220835401373
5.00695767605259
13.5243167691233
10.0463477171002
11.7864838566566
12.5979675466059
9.99480924577361
9.98829318676749
9.98330333516727
5.13559821721559
13.9044531551046
10.0850742751569
6.88537472533044
10.0137555965888
14.6836639311724
10.0812461667064
10.0178522921549
13.238262727782
9.96528179783715
10.0561563519867
10.1819371214476
10.0892200556541
10.121746354352
6.96141532486887
12.5522649160962
14.9468720407581
10.1476320726436
14.9074807320457
5.30473780708139
6.27722957840304
10.0223080076926
14.7007000195469
10.0483138486382
5.64207281720607
10.1111501092136
9.94818218978785
7.47478573949355
5.16835926857157
14.9936035158429
10.085058498608
10.0235640270511
6.24909628471232
9.97967301457637
10.0471551911352
12.6145428906377
13.7264768024108
14.8140595927483
14.8002972168429
11.4341204560332
10.0917051446343
10.1723772805318
10.1331529914003
14.768550091737
6.36779879811042
10.0915958415533
10.0049684497523
5.17821325852543
5.17245947222235
14.8373870338925
7.50905240047259
10.2607533944687
14.7823563907296
8.25390005371532
7.0168768626323
14.743783172004
7.02062288651586
9.99189792445703
14.7078689670309
9.98888905552274
14.6762798386493
9.97550273462019
10.0019113943745
10.0097397168103
6.8541212796912
7.99470487353219
5.06433751446255
7.76017710237134
14.8734847008212
9.98209830947591
14.8638066128974
11.9271029321528
9.9617347102051
12.6226990716456
10.1079155654046
5.19540903522286
14.8666611377941
14.7337028276326
12.676283129094
7.28033742088356
10.2506027843275
14.7247692096649
5.10531715900017
14.8584428227953
10.1187185591754
10.1400502102026
13.006979848169
10.0103580794789
10.0488556029116
10.0822612596181
10.0403435812884
14.7589566973897
12.8895242948473
10.115507563623
10.0750089132583
7.58185788489003
10.2526945568819
6.55457476311008
14.0348221017532
9.97639521441642
9.99066102199615
6.27564604638587
10.1761861504041
5.11825621595041
6.06549320486041
14.844197248849
10.2018748063503
9.9810591643122
10.0504974511418
9.97322644147101
10.00291846748
10.0231023414078
9.98818387721429
14.9503988655529
5.14882042621716
10.09088865626
14.846108042066
10.1685643245687
10.1217732468343
14.8423924644992
10.0050362382766
5.16720638648553
10.1866766931867
10.2223964926446
10.1831859551432
9.97035532462412
9.97063119969185
9.97059699693917
10.0656154328583
10.196948426218
9.98973510779806
14.7012217315358
7.16129691781555
7.53039097364173
11.3835709650615
10.1662122385232
5.20464461996196
10.0582166772401
14.1493307168745
9.98542366369951
7.72062041676158
5.10630508188563
8.40743138216568
8.09658827892554
14.9644366531704
5.01930298678296
6.97051226369888
14.7662559101164
13.5629469514833
10.0860706041613
7.08781737266147
7.55158985848666
10.1442028029975
12.5039054971039
10.3012943530197
13.3533190112213
10.0342742771641
12.4561240633735
14.761635190322
10.0597228420923
5.96191212472785
5.1355925301961
10.0373464574283
12.6690832038104
10.0568613233342
14.9864639774612
6.24291240907547
9.97629947791075
6.17957932458991
9.97531521654319
11.5977905672436
8.11742635816163
10.0878010778685
6.80006651360457
10.0341003423803
11.9119498114167
13.6645693095126
10.2865223358941
6.77399757490469
10.099492103852
10.2549359342035
10.049804459851
10.0287721132686
7.08069371393649
9.98480590366264
12.0307133044287
9.98130841323032
13.5671487323785
11.6150707744413
14.9947342246742
7.91998816335643
10.025944835176
6.89274476675619
5.24071526770254
14.7992217721204
5.98776770086296
10.1646143192084
6.3616787554613
10.036106301159
10.0495571896897
5.17247376833919
5.30337370585244
7.45267673902096
5.48165090579707
10.0702640004373
10.068395254288
9.97398098510231
9.9731803734065
9.97451902704969
10.0184735558647
13.9047087433769
6.32407439345604
9.97825385415937
10.1900443412914
14.7725111489873
9.97710422951168
13.346268278256
5.5004041361226
10.1455193738207
7.4933760520917
9.99911559010994
14.6964152836018
8.09864402249034
7.27456370532013
10.0542757323757
10.2270179023727
7.69402430727684
10.0666242473619
13.5438686974838
6.70780294399987
9.97018148565281
10.0367801767936
10.040013926305
10.0009893491822
7.52149479885986
5.52700537702037
5.04507843749234
9.99084308970557
10.0328489039342
7.58889140813505
5.18900133944706
6.673488128973
9.99223949289056
8.14880061176489
10.2574740185796
11.3739252279861
9.98661495368893
5.12527837447182
9.97443714180256
10.0146780785764
6.40846805108063
14.9364209161429
9.97829088843537
10.0804597256763
14.7762022114226
5.01111370048641
10.0403913591612
9.99639195830057
14.6992419094315
10.1945470554733
10.1838951896873
5.13890154020374
10.0762796938248
9.95961614749816
7.61644065683615
10.0165104828416
11.358189350606
8.05033131784236
14.6448748296716
10.06240418555
12.1242920238337
5.01159058320319
10.1659873788587
9.96841673118169
10.0728720664839
8.0849645335736
10.1115475588947
10.0713234822493
10.0196136532891
10.1211056336506
9.96688351390978
10.055228491123
9.97673866575277
10.0674400540535
10.0228402897831
14.9817796184075
14.8365503732275
9.99087549159789
14.9891267848568
7.13589547493482
5.00410998702858
9.98992321967731
14.9547961020653
9.95330597551594
10.0302910423473
10.0059931900226
14.7452234889492
6.65743999224282
6.78475815828731
14.7798295862372
9.99514856764167
11.8752681045662
10.1668570378358
10.0660017990118
14.8995003308382
13.6153928220261
9.99160664075291
13.4370787095975
10.2119336873814
10.1877305334571
10.0566986178289
10.0288812036497
10.1128708744633
10.1196025586102
10.0359129072558
10.0301927921294
10.0326751760008
8.41389946504591
9.96000123110182
14.7201234785698
6.36741962329084
5.06120604257897
7.68164395448997
6.86966970758832
10.0933397624917
10.0697886203256
10.1446168540224
9.99990323852758
13.7317279950934
13.9661555747565
10.0024445112403
5.61175339649483
10.1940514484812
14.6437460662733
10.0663100152185
10.0499531554117
12.6314097867285
9.96909989700511
