5.1771104494196
5.3155972973616
11.2953266607739
14.0382903805481
5.85863567430222
13.7095739945223
9.04529004335259
5.64810272959336
5.62783300443058
6.01210644056204
5.48144764953293
5.67823187672796
6.20580715600887
11.2071294932178
9.42552610719433
13.7105549112261
10.0621166446802
6.03160841101549
5.26789527891901
10.3109779627537
5.83388228675919
5.87944742078535
5.68374716579017
9.46460950167288
12.8171209964994
5.02195060442561
5.80422096435576
14.556886213896
5.46123833590617
5.9724957306028
5.7730677067113
5.22653760801541
10.6659628687463
6.32652770804207
5.8986099927749
11.7161486411332
5.43369622422911
5.81775081346031
5.69550313013342
5.91415933460391
5.62610469953122
13.4603623872862
9.21370611075524
8.89911817199539
14.8413140478105
11.0028809617817
5.46453961226325
5.92954607237309
5.81562057246784
5.42381690401885
10.9244504678688
12.9834272375061
14.2389713025137
12.244793340512
5.94889956505535
5.20950832365886
5.46018896553369
5.17940497202003
5.67595484918443
5.50042435724381
8.94077827014388
11.3762889323384
5.4565594240803
14.0857538689746
10.725097358344
13.8836786878569
5.00437451698425
5.55788100706188
5.63406399615396
12.5865308445633
6.1473355116909
5.71637201740769
5.58663437759081
13.8680271061231
6.25521485558049
5.96262910689073
12.5300870355137
6.07537042790595
5.70908178116756
14.2970101914326
6.33183501304326
11.5707977440276
5.44289076722721
14.2432370296377
5.50235870786485
9.62514306175146
13.6891780017464
6.2614794875474
13.6926011169487
5.32473721625225
5.50845410361137
12.509639682767
6.03841431161869
10.2619991100258
13.3519158042295
12.5158825675249
5.6986531852376
5.9318098323431
5.91378958219232
5.64031115465777
11.3467613811669
5.9351958643519
5.38818499019519
5.80057539757456
5.95280303666061
13.1028121005606
11.5364577133176
6.20882075546767
12.6217561084307
10.6704473907678
6.03118300375735
11.0322590868675
14.7262747344899
9.42220949441483
5.44375436611926
5.4089797574135
5.83050761889386
5.48965836279995
6.13506314152711
5.30552392308294
5.77380953125849
5.72356169194024
5.39039970775374
10.1948497248674
6.14424004535436
5.44320652728825
5.52441638246811
5.33579344910732
5.10694522545185
5.98390665534763
10.8829272083441
9.48180730070531
5.11809861087619
5.91872126574258
5.31660638277769
5.55052810566034
10.7680670895198
13.5235766217325
6.35633814874956
9.34077884435249
5.417815632161
10.4798400390065
10.0995408370249
6.20479713433382
9.9041517227797
5.36581474006304
6.15259289974745
5.65113758592876
5.63730168094929
5.88902414486432
5.85434497710688
5.77523384513622
6.03299043757414
11.1275407875022
5.94186262267024
6.02135571877347
5.72196027913924
13.361793103101
12.0078942990861
6.27512680449939
5.58554526721976
5.73252243857519
5.73464202816346
11.6509800886258
5.61820607752952
5.47266427417296
5.31808055019112
5.24036097548889
12.0468094365071
6.60068969698726
13.6064212293852
5.61576922976987
10.5138203589158
13.58096445259
6.18416675264994
14.7539400906993
11.6434320323732
13.8126861516001
5.69093755722985
5.22876392793854
6.52364598967515
13.2863517502444
5.52478001785813
5.68959766341186
5.82655906529357
5.43643404741557
5.49092964123767
6.35381859524743
10.3410230418391
10.5125350412868
5.73195456828808
5.18392855148713
10.6677462773843
12.6633706953827
12.2440983313158
13.3083385428043
5.36127021844083
5.66306081075261
5.86469961806829
13.4013777396441
6.08053665016724
9.6692196383912
6.36337167586962
5.76664400451624
12.5276629153463
5.62323454883309
5.61592836079281
10.5825279618172
5.52451450592747
5.59468866448429
5.90391990548334
6.32795409414246
5.71115183037915
12.8499330086737
13.5552076055119
5.07779564468341
6.25039826138876
5.40705880644717
5.47592012790394
13.6592439399573
14.7160677989342
5.79083341715323
5.05870352955557
6.42888619708575
5.2739306034185
12.9213228129747
11.1303946794185
12.8812375617821
5.40500024186096
14.0704827900844
11.441594925685
6.3205370073214
5.28002832942032
10.9751092097161
13.6282968929095
5.55164933387852
5.08100394936812
5.72183787914609
6.25063471246288
14.9733759317448
5.91369161709967
6.26076434645266
5.9548729385146
8.66863796977938
12.5456677123535
5.65114118296295
5.70334670350741
11.5964342520506
6.38560091448065
5.83979659933033
5.4240765539503
5.70949510324811
14.2421909917247
11.6947794289623
9.63530010610008
5.88305474703535
5.59920938625003
5.96670434768601
10.9357865444379
10.1075857013944
12.941398346872
12.350869434044
5.3861662124604
12.4332755651392
5.67502805155907
6.00371944238348
5.44437292391587
6.27996905820514
12.7574038587598
14.1704815162639
10.2002554744868
13.9106591116405
13.4232805584471
5.41581512286808
6.32073868450575
5.83971833911277
5.74043536688782
12.9614671649992
5.54431406823142
5.02255661925038
5.50600167392393
5.6297274898798
5.47166426711569
14.8219669172227
5.88939423360711
5.01387817231715
5.69015410112048
6.00444798507029
11.2179629434598
5.8597487769933
10.9224346826518
14.7271262572769
10.4130440235049
13.1616901589153
5.8535105535945
5.70434283073619
5.85419385390394
5.88687310473288
5.57878990799069
13.6077166163992
5.08231684739693
5.84740060482042
5.56754352340377
5.42174246784996
11.3476028851938
5.61780686386319
5.59778533786926
9.99145018516358
10.4060810861251
10.5057061376868
12.6351624182669
10.6780982333462
12.6598502580355
6.14042084937668
5.34092477346099
5.92071150724792
12.2535608229237
5.8307351723682
12.3072011470349
5.92025127081615
14.4211963886524
5.42869327342504
5.55238551295408
13.9634352569182
5.61690598344744
5.48302560189293
12.7494598986356
5.58334539975304
5.73017298465397
5.79221141384896
5.51633893791691
5.35170421370272
5.46765998071828
5.69178518002337
6.44829679394521
6.02212391934563
5.21570653399283
6.10417399887523
14.0518294650806
5.75679130875784
5.77367383277642
5.88278248355747
13.6111017084375
10.2426528389352
6.37662498360999
6.00497199458246
5.9181610271322
5.83580394997926
5.47105330901233
5.15838622959211
13.003403486907
5.70277068694934
13.6652016320535
13.430417277284
5.84909490001085
13.8731828139358
11.8994362267366
11.9241835678593
5.49713521214724
5.75520070815907
5.34558615581489
11.6796023472714
5.52197511087322
5.94764568941251
5.13714586111078
5.98102273451239
5.44036925857652
5.52552532735271
5.90314815829224
5.80577029591514
5.83225988030021
5.79114221354782
10.0690624259495
5.75085104177484
5.37858788607057
5.61003636096042
5.5735746790992
5.78601184328401
6.38185789046778
5.28871642674838
13.0331553310621
14.3156148815092
5.80053898903057
6.32889432922826
5.50841149199176
5.42878334696213
5.64053304458392
6.31700282559855
12.6980188684708
13.0017879138176
5.66737706657996
9.98571167284758
5.94817148298911
11.5688902348396
5.50743669671054
5.33262122021429
5.77123154712243
5.42731896218592
13.223851583573
5.4539307587608
10.6370717957929
6.40405147462779
5.69972810861774
9.74821481371435
14.2428848574002
8.93609793023494
5.550796733229
6.32462974217861
6.07384817331777
6.25937353765373
5.43516455845184
5.66495189805459
13.5664971357974
10.7426591188841
11.2627779101461
5.37640975507382
6.40807418715729
12.8558459718244
5.41292945430302
5.43717129322699
5.24032005271166
6.00616851837934
5.68714045182094
5.6425974547942
5.29530209225319
5.0973960199398
5.96535334824302
5.97214270469955
5.46411523417327
5.57567506458957
5.70734823533768
10.7830659856696
14.9778012769489
5.5366673425648
6.07282744576655
6.38219106177924
11.9727109311683
11.5374728228656
6.41722667729815
5.28935572710495
11.2610507161971
5.65711457533819
5.88522909383678
5.64495924096568
12.8332697867447
5.25262767748431
5.24753196340106
5.69776313069226
5.55580100535628
11.0542251264653
6.24644057335748
5.08632036273691
14.8191759080285
5.5977120557402
13.9971642111901
5.77298538831548
5.81307064509211
5.82149307766481
13.4844145703147
11.2842925403499
5.99524469035921
5.60644719483132
5.68027791353261
5.58195289273782
5.31588027697194
5.80971842618176
10.7807454673263
5.6653941747202
6.13248891716564
6.05605709490101
6.0791669514346
14.3702159679338
6.21183314262173
5.83155289515701
10.5990760746212
5.33192346461592
5.55554421561171
5.31365145397624
5.48147810629756
5.84637736800036
5.86268367352325
5.45861501629865
11.805660310461
9.9133645962386
11.1688439561539
6.16259903184858
10.2658755974237
12.4958599488694
10.986336205561
6.09278388828238
5.75046557003517
6.00465136782892
5.36864261073957
5.88162646864599
5.89685646880022
14.7082737459982
5.60229081386841
5.06711969090084
5.90986222831322
10.2943119442951
9.4035358561719
5.39100261035708
5.55083628873191
13.6661144070339
5.58171066575599
5.79667991823815
11.3881767388182
5.74877730239659
13.770623051272
5.73362664589517
13.6803941116122
5.6195048043327
11.5382870966812
11.9679187414387
5.5673676683247
7.19271681374124
5.83064719682616
11.1599153029557
5.67372590056229
12.0615642166836
6.09792982867776
5.39496227291205
5.33588478205976
5.87643066575705
5.28256753296703
10.6677954386693
13.3161796608673
6.48642615434565
6.09938132411965
5.74290401460859
10.8295390565716
5.99241284778589
10.0168281433596
11.9244719316524
13.3491479651827
5.58130781623573
6.40683331195312
5.64322262276195
5.09076264732877
11.7475442253508
8.82261530591209
11.9606191141805
6.37397796749786
10.7569221325234
6.10589328806468
