5.63742550761176
6.7975775469541
5.98795048319026
5.69712679158125
7.29492148293035
7.40904223580111
5.48927706833166
5.87791966211119
5.70959454655927
5.60940257099381
5.08652841601394
5.46035704434381
6.39003420619105
5.6725206148708
6.00600831241965
7.12629773935263
6.87561448566525
6.40310806413148
5.84627609226017
5.769511091101
6.46549494074552
5.45939888318987
7.90881295979185
7.14737742068643
5.44638657926004
5.97434611786433
7.30000709585531
6.67393604564478
5.28471206738168
6.69012773507028
5.8456521640585
6.04742838693312
5.42717492018929
5.50700102992398
5.82532883375214
6.53562356341013
5.29638454676519
7.58577956088316
5.84596810795385
5.99490887377813
5.89534516520934
6.80330351951962
5.76765036402017
5.13461986545428
6.23402078876283
5.58624962917267
6.24547753521748
5.4423102415604
5.96617386930725
6.12802725014762
5.13858628597332
6.24393719626575
5.26473554401931
5.88397788649636
7.7140722627644
6.69688130728346
6.74387548549672
6.70681144748867
6.52863236258127
6.84191643248174
5.23580504988319
5.17262277997814
6.62711883027872
14.3616081778464
5.54188902781946
6.35562908849014
5.35214678295946
7.29859713960748
6.71476148108679
6.87305483374612
14.3520557492274
5.6792620631288
5.40900996000811
5.55453624863208
6.6243838905152
6.46276878602385
5.30347037524546
6.79345927371309
5.73977772256102
5.58629658052802
5.85447290700078
6.48509922229924
5.33746510887204
6.94426177487587
5.46036199418953
6.2115782357318
6.1033506639897
5.40740941926964
5.61171659057852
5.93578582325162
6.94929928681252
5.77028817179217
5.71358692089781
5.69808657721302
6.79049437162164
5.87558172296175
5.20674643502355
5.72708530542581
5.5336309831312
14.456708958503
5.79475309968434
5.44022632492678
6.40562359810553
5.46432862070058
5.17639130416044
6.74547762824445
5.63296366705046
13.9606913209394
6.67801741784531
5
6.1995460413107
5.51163522068139
5.482559816193
14.496765629937
14.3191244505334
5.88105586834869
5.83968956300792
6.78061808137544
6.18938332728073
5.33445748685908
5.88686725176585
14.1223210235348
5.83382032889453
7.12445190456923
13.9817290740977
5.36999709471911
5.58432704678895
5.02532006288305
5.58923061650751
6.4997760961187
6.74538050344303
5.45124135698955
13.5818689949646
6.502893751805
5.59237178579156
6.13598732960693
5.56843528739879
6.37244970317663
6.01962263449307
5.63380957307308
5.38522986355175
7.34880240381753
13.3575018911812
5.42343392309714
6.12565308291116
7.62400485278935
7.66647186434176
6.00941079082577
5.96657615209321
5.34992094311221
7.16050841990903
13.8402130731955
5.64966650203211
5.81407710215216
5.25738349412637
6.91167004530594
5.77104008035754
7.49012346412654
5.69747683473215
13.8013981821969
13.8829980270391
5.9175061779096
7.58726928515215
5.14920294739787
7.19783513922004
5.55949120178048
5.47333791852859
5.66985681286272
5.33982600138989
6.00202379711869
5.43338077982197
6.56462653683136
14.0828782423725
6.82789076566491
6.07748173892097
6.00656576275983
5.29301521261689
6.17545345145959
5.69950024735178
5.98420417110878
7.90819571387443
5.5240717149643
6.212794221669
5.73887180735209
6.65455683137448
7.43439961610489
5.43558292544331
6.5503332401631
6.48060997458049
6.8807807425795
5.42263953968808
5.57269924169911
5.93380799046564
5.68945041014999
6.54873464167419
13.7407896997457
5.34101535568143
5.39934877327027
5.87823029416633
7.41132535264536
6.2258277350782
6.82902748520469
6.46082314997261
6.56072924569673
5.90180267455469
7.36874914820377
14.2084806281939
6.90215959688352
6.190969172792
13.9585490599416
5.9429832733148
6.43971571276383
5.73581331492267
6.60328358610809
6.80046519247752
5.18380734223718
5.75934768715958
7.20237064325007
5.59232806027318
5.42509307076999
6.54693249667735
5.95285828329715
5.8071040368661
6.64998403147866
5.69802923970035
5.71103768363943
6.1420003583977
5.99687163449027
5.90917907435107
5.12858280311296
5.71563347255741
6.26530941229937
5.78988357206545
5.87219520544135
5.7549647310157
5.52946260236741
5.4631559164135
6.74851097044055
13.6060265121649
6.12659842317816
6.5847598805891
6.91166347667095
7.42539351873562
5.57517696219419
5.86329147323255
5.68805207839728
6.89009225321976
6.7034648261393
5.55829888267534
6.07321782852171
5.38696150912882
5.87377496269674
5.19413946976552
5.87049381427947
6.29618456226201
5.67675502009885
5.57625455601462
6.33754982690598
6.07757126808703
5.35774958266268
6.52719746173436
5.66039504250729
7.01853685219293
6.13551830642024
5.32277227647354
6.69166215063772
5.46058500797703
5.58146000411963
6.62877016645931
5.45266678942554
5.78280420462277
5.68684204348161
6.57974934546968
5.87996358694164
5.67695865062108
6.41273136357729
6.02496712005741
6.64011892020567
14.2310037315529
5.60755421758589
7.21614952775711
6.52793405041619
14.059697833537
5.64327292780137
14.3986014852637
6.57374035661056
5.83162886510463
5.6715675831492
5.94257056701176
5.89340735384917
5.47729659066935
6.48547268808101
15
6.0830227476483
13.7067019481752
5.87308666978444
5.52929912550658
13.6802408555006
6.8994784897258
5.82430505410934
6.43632754153964
5.80064842266223
14.0135323009183
5.24740068953212
6.42678547541825
5.20102376086614
14.0547442950034
5.96695516272038
6.35845843164312
6.49315267658917
6.50239003784203
6.12531221198519
7.44436199111795
5.34437642834472
13.9695031832881
5.99153738529838
5.5087708196616
7.50680783337354
5.35458616870513
13.9701639944899
5.06824155669679
6.91159954095736
5.62601075026256
5.55540972853295
6.65583495940331
5.74827287731322
5.37334432519882
5.45506081118715
14.0034940591777
6.6738689614447
6.737681974583
6.56288229460342
6.77847778366405
6.94512492054465
5.61581888384973
7.22444939372442
5.79866683314262
5.88242766539009
5.44271028850696
5.37174663713951
5.65102004766979
5.68677930271553
5.53785430709585
6.48856829691844
5.3127379806748
6.7417485741598
6.64770946213181
5.89306192512026
7.23601449706641
5.64218790021981
5.67814924201872
6.50828541106552
6.58097809056532
6.94576151194089
5.84782222815467
14.0323364257951
6.39181041632011
6.54974047494602
7.62689334123153
5.46045030618224
5.65196604717919
6.68040386503739
6.02946309494957
5.58229526399586
5.47317006093103
5.30732341547784
5.94457065052212
5.56166637000429
6.64177067617334
13.8643597111443
6.33804685523006
7.54326964850996
5.85116384141114
5.61218591258761
5.59378320481923
5.4534049033145
7.24711555912932
5.46439294143581
6.78290288325347
5.13964007428975
5.26059877442452
6.46841150812998
13.6097423449307
5.72977689317369
5.38492535373425
5.80427674038828
5.12784220198756
5.86369696232962
5.79609514451922
7.46370322809975
6.79313700853431
7.54269388978198
14.3298115761297
5.22436584684379
5.63908258232428
6.48449893191204
5.72590930091304
14.2038911160929
5.26174599841934
5.22851030946292
6.80619660672546
5.88411143114033
13.587635464789
6.64608319343287
7.19980326380772
14.1705299653963
6.97745070055694
5.38001934735756
5.77792624767897
6.44268979578936
5.34616592448217
5.61226640653192
14.3035961550756
5.84791974857591
7.80949309871675
6.25888703205666
5.6122459169579
5.42924232371353
5.45307418216483
5.9222234828507
6.87385027400215
5.47822758019605
6.39363513744198
6.28965952492191
5.01817726264641
5.49804778247127
5.60711926641149
5.65361198324139
6.79001576092038
6.9064586801446
14.0027352743897
5.51675562036261
6.206004542769
7.37481244855316
6.40225435827198
6.33591041343685
5.72865433633172
6.4550872566593
5.63684937020285
13.9560551813116
13.7941046092859
6.54273912614111
5.46455649596588
5.78006556608619
14.2570777525462
5.70114776378403
5.91940835762743
5.60954447034118
6.94533937810958
5.95539149786762
6.90550794918251
7.45514458456132
6.12562819078812
14.1474138656392
5.98098433897673
6.20845271309012
5.70836356427305
5.52482447283494
5.54067894020361
5.38560652669029
7.64027481143782
5.71282717710439
5.65147602623758
7.04526236492775
5.97455531372436
5.17042834718126
5.58542439501624
6.49305400078256
5.51380588375755
5.87257011647246
5.89943813349948
6.7859517438364
7.0290676131713
7.58797514927726
5.42456606585007
5.72664985285268
6.70760955701838
6.5569244330005
7.07499057827689
5.81417652830325
6.60880897307154
5.90039716160834
5.78823043290638
13.6382798151753
5.67708253835084
5.60117003610563
5.7942628210817
5.64992713970072
5.64577684768248
6.03010804157748
6.33722500723171
7.26932404643187
6.66662578423286
6.10949759911855
5.50536493887152
13.9156541703446
6.29652710066675
5.68481070638508
5.48683059048265
5.97745791445479
5.80234753622575
6.48618079248517
5.86961860704595
5.02758554899085
7.32190948897516
6.83097925352186
5.40083552152496
5.71943387935303
5.46629629878965
6.78717574966
6.52559430239627
6.05207530191261
5.81221897907117
5.5288696002776
5.98212021554515
6.78888631407576
6.57712693202912
5.69140962340735
6.69269861431652
6.37668694541532
6.53621429520924
7.4134020318579
5.80935520718274
5.61377371341345
5.40002233648845
13.2797384176323
5.94174281509004
6.29896250169407
5.29490936561438
5.7672365422546
5.88007139627936
5.33124610959758
5.29172829588008
5.06557764025518
14.6308287086504
5.28000132678544
5.49067564297435
7.46923099853012
7.26615645312968
6.69134711582867
7.69354900217112
6.66360578510639
5.78105387252351
14.3563112311768
5.51448776399183
