7.19419393140952
7.79002763066339
5.14085563642935
7.74837953799825
6.94048000289281
7.88309197539421
12.7362613214437
11.7759315894025
7.78534687267458
7.47540119514835
9.94886719387849
8.64015056096092
5.46878746198138
7.12868154369537
11.2029375091706
7.97162997783862
10.9164286127062
7.90249590014436
7.56283469956946
12.4669238559194
7.88466428227401
7.76181356803221
7.44970995555494
12.8446384712844
5.39356446895504
6.80601617109992
7.88260354015964
12.7453113840403
8.16970997246679
9.38771359068687
11.9405949543467
7.82521366859694
7.57387476166046
7.98960346900192
10.6870104681522
11.8603729182522
11.5639851578189
10.7250164420455
11.3597161003656
11.8226247527101
6.42344515793593
6.7312041923315
11.5618666079271
6.9018589445552
11.9287827207527
8.87170136489733
7.33323893426057
7.67574859541557
7.57033412879629
8.44662788219723
9.46971281219995
10.2197217315933
11.8984039462434
8.67709537711266
7.80944696478847
10.3123679110771
7.89102886457187
6.90187009607343
7.24678845762681
6.98108147890956
8.6660097447213
14.3121049376064
11.0665439434688
11.3365889306531
8.78829801606498
8.26633591111358
8.76498804405086
11.4998893754457
7.96409380058459
14.2264081115622
8.03805649265278
8.26058459967946
7.00952925719131
7.92191033108845
6.72121686577911
12.5472532681594
7.32359494062923
7.78140630218866
7.57803997896522
7.02723990430391
11.4667721683835
7.28306783649063
7.81537826507949
8.08449020782839
7.20759606999563
8.86748748826597
8.09125049701768
12.3667210592385
7.64909229848107
9.30547778766741
7.60641803717568
7.50274821548566
7.16770087672021
11.0595802437133
8.09054393419899
7.15148655141825
11.7907110329474
7.30175843299885
14.4038112621306
6.26566208882543
8.90049450328643
8.35642684897875
8.37064702346421
9.46092232102359
9.62856100071301
7.86591415695472
7.49406714765884
9.11880202944345
10.8339363798603
6.9886641312943
7.91940638292678
9.11728944296814
6.85360105912757
6.36094344055306
7.81311135353212
10.1576013952755
10.9608924383133
7.28239216317128
9.23907942523019
10.1381278773612
7.03810249693691
7.2423199886302
7.48244597538064
6.2931931537155
7.89640259785551
7.43179297748221
9.17763181520477
10.2067644999846
12.5462079741782
6.80760428875187
9.13504754491971
5.10031752765997
8.79178661646277
7.3481841275688
6.72173468587607
5.53160809136734
7.05012079837325
6.50270558264877
11.1137113597566
7.05618617262982
5.42441674094409
14.4200432365504
6.78676789907908
7.72315778509707
5.74817061829275
7.69663129826362
7.45523699496815
7.09405484136716
7.51226382328821
7.40678823076716
6.89231385064707
8.40164024820191
14.3559572065407
12.2495675676073
7.77451378485313
8.14528181033892
5.72811955165636
12.3336319504729
9.7480368923322
7.29760552063811
7.61756618219821
11.8828064439749
12.2916842041343
8.21823350768808
7.94348278368919
6.7090280882575
11.4693107284391
12.3368103006626
8.10916035005087
13.3403473948155
7.8481629602113
7.05669888718492
7.49798901120704
13.4812515780413
11.3730371173023
8.3956715296988
8.01238262048723
11.5914142570527
8.86394323538586
9.15514571976831
7.98026287558701
8.08059258414793
7.36494457177902
7.02210316323757
12.2684152081315
13.8144184150243
8.79711754140055
5.49426491766395
6.73769100427066
14.2304762018786
8.59557422186175
8.90345874045167
14.419568440402
7.50054155496408
6.86668351238337
8.30262683857465
8.59486370390421
13.5752874915861
5.05688359183089
9.90071924988604
7.97380133550479
10.5825418079999
6.7012497664501
7.50163514532741
7.73754746026174
9.09139015943836
8.81883203124212
6.79592303424499
8.89538319227967
7.97356945176738
7.57392007886767
7.96474677732416
5.44102398688662
8.44289907931555
11.5774826947208
8.0585107863949
7.85723927437805
12.0581898517039
7.16752598294683
11.1194967299469
7.63280113730432
7.11886001783356
9.13276574663974
8.99560201674468
8.26047684879199
7.09305967000123
7.70372176234034
7.72309458779419
8.57922691085279
11.8757839608007
7.23362231631272
13.8858913526072
6.71086949645027
11.5645910416731
5.9954277255356
7.95396949132889
12.7346974253405
6.91095003325686
6.32067334805708
8.59511905140358
8.17839041670256
7.30786110539488
7.38412429333186
8.28528618286526
7.91858622177311
7.43418712497527
7.8041212606999
7.69071098507318
8.92620166718105
8.38576570780932
14.5160722381795
7.73969682179854
7.56487225542933
7.55858742478513
11.8314617393331
6.42419718223664
11.1585986261388
9.45344066683428
9.93416799513229
7.31152836119571
8.708827266303
8.55389393363021
8.43614610018254
7.5011351976918
6.28446261817569
7.62892635932637
8.22284562019331
8.13721121042505
7.92563656637935
9.47434069341776
7.80491623276082
12.331370410746
7.69177454145717
7.33405795588099
11.8910643591713
8.30868265070764
10.1996270714715
7.36548889643737
7.03156314638707
11.9080340959743
7.13712932917079
8.36113038839444
6.42129722045133
6.6986050771353
10.4594619035596
7.94229433697426
6.01246204114323
7.55161521565612
6.74131890443529
11.9382550659222
8.07130290961045
7.34308594199247
8.20641389038398
7.71209590914745
6.87547257842008
14.1923404933862
12.7352197494816
12.0160455867634
6.4427592380262
7.18481869263417
11.756250248238
9.50528629599205
6.35408173971553
10.0702642745247
9.62611074867235
10.3416555707652
9.0016579368394
13.6442635577572
7.7974905667069
13.2407694846147
7.44837014454589
13.7477228258714
8.68860499350011
8.62125369554938
8.48571853366481
8.78412289476672
13.4532049574188
7.46747381910135
6.63011853866499
8.21175957633343
12.1488787215045
6.99450847761623
11.4380080142594
8.26127814405873
8.10236679677975
7.31576478171541
13.4103587472501
5.68779843353623
6.95904996771239
8.24318539952091
7.36072294018784
14.796547136649
11.9772238444401
8.11662986990308
10.6333284862367
7.0888255628497
7.62339484631728
8.73804292843677
7.26792578380065
7.68411772152563
7.23679032377471
11.9422844256997
6.91983989485325
6.58473212124304
6.96376887442078
14.7546266330351
7.32801303118479
7.85554693072249
7.95422953400136
11.1670625934483
7.06699909122315
8.21516980411128
8.15003287024632
10.9828497358627
7.94254246298424
7.6827162195961
7.31293632590352
9.85005978646583
8.86856532607783
6.68037552177484
7.64895264844052
7.37796461791326
8.4607107657893
7.50143785619463
12.2343735611724
5.50014590799568
12.7940872464484
7.17251046012805
12.7257957749529
8.20377404563629
8.34520813485842
7.99061699894562
9.23846245067406
11.3182878559344
12.4280347603572
6.5548995474008
5.27418387919042
7.637122854312
6.22347775423174
7.86558690006027
6.78711406278297
11.7988606521426
7.83250326037048
6.19167951363205
8.24053519147216
7.29621770491951
7.54649452716846
5.25010362230649
14.8848160063948
9.7879669437256
6.51983136903205
6.29054893358028
8.05930590379105
7.83072062918918
8.23337494357236
9.835265791183
6.73395288875334
5.23958083738473
13.7506810395079
8.89888975451329
8.86038586327276
9.27309585062236
7.57520065024512
8.57173364359448
14.1484383892958
6.74724643651736
7.17905318513906
7.26594784137846
8.29990501763685
7.76854007106738
7.24848745298524
8.4342618601251
6.43125095692862
7.88449288896829
12.0160414648301
14.7620988812489
8.47853269594694
10.9138346956248
7.23117661937224
8.38780010847277
10.5265456268952
8.06892045582554
8.45511257822284
6.79809947296547
8.0317144009657
7.47546478573488
7.57193451957755
10.9995204809563
12.4192260093705
7.03534078050758
6.42968629201761
6.95928798199989
5.54214919948489
12.6010600195954
11.4452955033724
12.9383646260995
7.85928129683849
8.28249368442489
8.6323756174149
8.15340001128341
11.7679509933271
7.39226707921867
7.45723527663992
7.2440403251963
8.7325103588426
6.72309708271832
12.2889515244683
14.1861013722638
14.7323848436332
7.59806251402978
13.6022749557251
7.74800542496461
12.4036201327425
6.87511227258128
9.19622473810324
11.7800176373124
7.83114903117293
8.59204981535311
7.13056717361486
6.57109665292011
11.740919125395
7.66694132936825
8.75786338414506
9.34339965263169
7.43387613579408
11.6733242701875
12.1828916330954
8.76747166716415
7.42125753526599
7.66461971625253
10.3131429337996
6.939761830358
12.6691606296544
6.36172570139988
7.99959072936222
6.52546652253182
9.96474009278998
14.5810764433327
8.55568555929284
8.53400411927038
8.45011332163591
7.50434934382929
6.10603957592789
7.71675626547776
10.668130923683
10.1713279275731
5.23920318800713
11.3955744848236
8.67988251044316
7.91416788186693
8.82861514778365
7.20675105360745
10.2664358638884
7.64348172533616
7.53901842299777
14.5197535363968
8.97996599870357
12.8202184630555
8.41130317329423
8.52486599659886
7.00645522179852
7.96869633328274
9.94423310109204
5.22771679806682
8.12421432270053
8.62652722866988
7.54404311988069
6.93541778273629
7.51937310969342
8.23794802550513
11.3929010627902
6.43548601641156
8.23950242596357
8.36995569737172
8.00238312544795
12.2847468920274
7.37608334384533
12.3222848607168
7.45728257246561
13.7140516910493
8.70056989631075
12.7008577331732
6.78860418987112
6.81709549862541
7.61427204083179
7.15519754500796
13.3302037436258
7.75917152945569
7.48714953629157
8.75290511209081
10.9715163390163
11.6835487442369
6.39339298144753
8.04951842048437
7.17544179385087
8.22292882104088
10.168240937991
6.2066619795336
7.40620178238316
12.2982318577909
12.0090060911334
8.68049991945919
12.8878065850547
8.744920818849
7.58038023931761
