8.34130207894958
7.29299638077603
7.68548186179615
6.04708105378336
7.75770473865836
6.55328423533373
6.40354263109165
8.95626041578993
7.61368655837052
7.71080969615352
8.29517464859862
7.1988258564094
7.03763403753894
7.13688157562495
7.42006985943945
7.67897062536824
7.69593889403251
6.99231798670147
8.60688241730495
6.39070532783435
7.32609460483124
7.39306876525546
8.21991162360072
6.0198005218416
8.17392896220858
8.44118592711052
7.75542210251663
7.55855651881154
8.92647167746824
9.6955618213955
8.19117666863059
6.98367224981064
7.35306876525544
5.79546586987627
9.38434559380525
6.52459304772327
7.59215301742279
8.50500883763993
8.31179614510563
7.61068007743458
7.22379345172965
7.05622843195019
8.86391802036866
5.86964481104286
7.48708778722332
6.36971046208231
6.27932413096542
6.2831621917347
6.14089133911287
7.48350896389192
6.25240383806079
7.85221193502233
7.54943944112449
7.28262688325898
7.27605841259154
5.2686886625705
6.16353253093175
5.79530426731756
9.69197963134417
5.94237606262101
7.17618129787056
6.20777796481778
7.90570911539433
8.75001851695987
6.35577560811382
7.86753387761974
6.3969236596246
5.81803972729568
6.45535981819714
5.55586314283309
7.35042252335663
7.17183486238534
6.43478242572175
8.35915579496677
6.21727884858177
6.91828718121371
7.1839516875684
7.82100244087198
7.27669135594647
8.5870255029038
7.19511909771904
7.65723844794209
5.95245265550039
7.21070364447436
8.07522009931824
5.4344760542042
7.11939819880482
7.00001430855988
8.06012036023904
7.30636899250905
6.19213281710296
7.15262435821901
7.67897062536824
7.28513845635891
7.60546502819628
5.86852032657185
7.89489184412088
6.09300311421597
7.02225822742193
5.78203602390371
5.6381895463345
7.66821395505428
5.38190808854475
5.82693460146453
7.01136015486912
5.49771652217828
6.40354263109165
6.08642117666864
6.54644306034845
5.71164127598686
6.35869792105044
5.83082989647338
5.69258564093931
6.41411413180708
6.15226748590186
6.79451308812389
6.29865583705077
6.45599612827203
5.76960946048314
6.43437168588503
5.92091658951267
6.38731840754147
5.4902390371181
5.93068007743457
5.69250820637996
6.8261871896305
5.34661139634713
5.90097550711221
5.67725359818198
6.18680666610555
5.38744634290043
6.8014754650282
6.38483040148137
6.32059675111523
6.84277838565777
5.95245265550039
6.28501388771988
5.95251662317986
6.28992929888057
8.23160760878716
6.2134879218921
5.4772872653817
5.63594394411246
5.46385405268919
5.78203602390371
5.71186684622506
6.45674354010606
5.48930982240552
6.61844710041242
6.06301573941587
5.78454759700364
6.01491204444071
5.97709367898327
5.72183570406531
5.75710882922314
6.00455264708359
5.53739331706086
5.19725023146199
5.52328002693378
5.9090489016076
5.66088797239291
5.06604915411162
5.32847824257217
5.56784193249726
5.22665853042673
5.40222624358219
5.48131049574951
5.77963891928289
6.75498779564012
4.90660466290717
5.85648766938812
5.54175995286593
5.65234660382123
5.90830485649357
5.86782341553743
5.51929719720562
5.36062031815504
6.94521084083831
4.93778385657774
5.6381895463345
5.75793367561653
5.75361417389109
5.69288527901693
5.4902390371181
5.31310579917516
5.50501557107989
6.21889824088882
5.55586314283309
5.50650366130799
5.6541006649272
5.75339870381282
6.80831327329349
5.70663496338693
4.77593216059256
5.19640181802879
6.21999915832001
5.62701540274389
5.66711640434306
5.74964817776282
5.56347866341218
4.93446763740425
5.05974328760206
6.2033136941335
5.6541006649272
5.91939483208486
4.32311505765509
6.38276660213788
5.12421934180625
5.4902390371181
4.95923659624611
4.60326992677383
5.87336166989311
4.46229862806163
6.08172123558623
5.93771652217828
4.65063294335494
5.12413517380693
5.54565188115478
5.18978284656174
6.11972477064222
4.72409140644729
6.25937294840503
5.49758522009932
4.86621075667031
5.79562073899504
5.12353589765172
5.62219762646242
5.47142243918861
4.34922060432623
4.89463934012289
6.72283561989732
5.81699941082402
4.78424795892602
5.51601464523188
5.60505765507955
5.41197963134417
4.91863732009091
5.85810706169516
6.0584774008922
4.96067418567461
5.18559801363523
6.11371180877032
4.80035771399716
4.95397104620824
5.80454591364364
5.35744213450047
5.23824678057403
6.10817018769464
5.16024997895801
4.89198636478412
4.52548859523611
5.61213113374296
5.52903375136773
4.18596161939232
4.51496086188033
5.55871475465028
4.33849423449206
5.43945879976434
4.79080632943356
4.65748758522011
5.66108324215134
4.9301144684791
5.3407028027944
5.81609376315126
4.26406952276744
4.32156973318746
4.729124652807
5.2317624779059
3.81230956990154
4.53571332379431
4.38220435990237
4.76603400387174
6.04826613921387
6.12988889824089
5.4473133574615
4.8477745980978
4.80545492803637
5.52732345762141
4.48030384647757
5.28497348708021
4.53108071711137
5.43544903627642
3.99803467721574
5.4680994865752
5.19725023146199
4.31841174985271
4.86231882838146
4.74269253429847
4.31423365036613
3.80112532615101
6.47646578570829
5.11922649608618
5.30506943859945
5.08523609123813
4.5640139718879
4.8987770389698
4.78694470162446
5.21775692281796
4.70547007827625
5.31878882248969
5.67602811211179
3.16118256039056
5.14816008753473
3.84894958336841
4.12301405605589
4.81587492635302
3.85469657436244
4.32311505765509
3.79390707852875
5.25152849086777
4.38609628819123
3.61054877535562
4.76504082147969
4.00215554246276
4.93554498779565
4.16017254439862
5.17418146620656
4.81074741183403
5.0772872653817
4.05626546586987
3.79126757006986
4.00478158404175
4.91432455180541
3.81230956990154
4.51521673259828
4.57911034424711
4.51628061610975
4.49934601464523
3.80343489605252
5.36147546502821
4.74269253429847
4.69508711387931
4.38012372695903
4.9226874842185
3.96572763235417
4.02882333136941
3.57255197373959
5.29240720478074
4.292248968942
5.25219510142244
4.2103501388772
4.40644811042841
4.53525544987795
4.77309064893529
4.32311505765509
4.49582779227339
5.15731756586146
5.16925595488595
4.23480262604159
4.38128861206971
3.27839491625284
4.72947142496423
3.67418314956655
3.61844036697249
4.91898409224814
3.95607861291137
3.53680414106557
4.2103501388772
3.99803467721574
4.9155870717953
4.34661812978706
4.1485135931319
4.68625957410993
3.36468058244256
4.31423365036613
4.34922060432623
3.53128272030975
4.57703307802373
3.29028953791769
3.93024913727803
4.12256628229949
3.72889571584884
3.79646241898831
3.98476980052186
4.8058017001936
3.97831579833348
3.33094268159246
3.54244339702046
4.29221866846225
4.29045114047639
4.80665684706676
3.98288107061697
3.56249558118003
4.50708947058328
3.64265718373875
4.31752293577983
3.50914653648684
4.40775439777798
4.41932244760542
3.94162528406702
3.9267645821059
3.5469245013046
5.00527985859776
3.57179446174564
4.75958336840333
3.39580590859356
4.38550374547597
4.12120949415032
4.31841174985271
3.87728053194175
4.27643885194848
3.28353253093175
3.86662149650704
3.86097550711222
3.36468058244256
3.54244339702046
4.02530847571754
3.53671660634626
3.93950425048396
3.15267822573858
3.83280279437759
3.51936789832507
3.42222792694218
3.57761215385912
3.4692374379261
3.97688494234492
3.63952276744382
3.54244339702046
3.23112280111101
3.63787644137699
3.65535308475719
3.29622169851024
3.86635889234913
3.34947984176418
4.07043599023652
4.35334483629325
3.17837976601297
3.7842243918862
4.07072889487418
2.88970036192239
3.82667873074658
3.26919030384647
3.56080885447355
2.99359734029122
3.84676121538593
3.37974665432205
3.46936200656512
3.13893190808855
3.26147041494824
4.24260331621917
4.21669977274641
3.9298888982409
4.02195858934434
3.42913643632693
4.24016581095867
3.42102937463179
3.84269758437841
3.50112700951098
3.97389866172881
3.1821774261426
3.82854389361165
3.83817271273463
3.10375978452993
3.35614258059087
3.18056140055552
2.78200572342396
4.03170524366635
3.25664927194683
3.25860196953118
3.7358378924333
2.97577055803384
3.45369329181045
3.70709620402323
3.60751199393991
3.07150997390792
2.95048649103612
3.29567965659456
3.40216564262269
3.76439777796483
3.66829812305363
3.08532699267738
3.11954633448363
3.29026597087787
3.76679824930562
2.78563504755493
3.39836461577309
3.23739163370087
3.28280531941758
3.68720898914233
3.28353253093175
2.51275902701792
4.46628482450973
3.61255870717955
3.25203013214377
3.5549271946806
3.63923322952616
3.340251662318
3.31823668041412
3.08919198720648
3.60922228768624
3.40225991078194
3.11433801868532
2.94583031731335
3.80990236512079
3.51970793704234
3.07740510058076
3.09294251325647
3.24216564262269
3.14360828213114
3.26370255029039
2.58894790000844
3.07194764750443
3.02328507701372
3.81658193754734
2.9952133658783
3.08532699267738
3.26130881238953
3.35636478410908
3.02777628145779
3.29216143422272
3.19708189546336
2.99468142412255
2.7002146283983
3.04435401060516
3.20498022052016
3.13885447352916
2.77818449625454
3.43833431529333
3.17017843615858
3.07608534635133
3.06899840080803
3.26157141654744
3.08764329601885
2.55663412170694
3.55534803467722
3.0351392980389
2.87162107566704
3.23739163370087
3.37081474623349
2.78563504755493
2.71511573099909
3.82847655921219
3.01195943102434
3.95242908846058
3.61520831579833
2.73801279353592
3.2295505428836
2.94583031731335
2.6749372948405
3.26370255029039
2.96949499200406
3.389375473445
3.16736049154113
2.63534466795724
2.92257301573943
2.64824593889404
2.99676205706592
3.26036276407712
3.01942681592459
3.44756586145948
2.98355441461158
3.11982913896136
2.58440956148473
2.81719468058245
3.34078023735376
3.18074657015404
2.41614426395086
3.11114636815083
2.51239878798083
2.60796650113627
2.72336419493308
2.70009005975928
2.99468142412255
2.50452402996382
3.17017170271865
2.8898013635216
3.31840838313275
2.82138624694892
2.74330527733358
2.42104620823164
3.37355525629155
2.60776449793789
2.99103189967175
2.90795135089638
2.64124989479001
2.99451982156384
3.16575119939401
2.74729484050164
3.08035771399716
2.83458378924334
2.77191229694472
3.06027859607778
2.40227674438179
2.6631874421345
3.32701708610387
2.5593005639256
3.0725132564599
3.0219653227843
2.75912886120699
2.95475549196198
2.32401733860786
2.35501809611986
2.79998400808014
3.16355609797156
2.58890749936876
2.24688578402493
3.06248716438012
2.78555424627558
3.13627219930984
2.92020284487839
2.61914737816682
2.55478242572175
2.51495749516036
2.70977611312179
2.38854726033162
2.44461998148304
2.63563420587494
2.23438515276493
2.91554330443566
2.60046544903628
2.52481188452151
3.21044440703645
2.58671576466628
2.86894116656848
3.53162612574701
2.58932160592545
2.41614426395086
2.39242572174061
2.83279269421766
2.12045871559633
3.01048480767614
2.33170019358641
2.2916867267065
2.6675641780995
2.64773419745814
2.62544314451645
2.57966585304268
2.50788401649694
2.35146283982832
2.56257638245938
2.35125073647001
2.80911455264709
2.43692029290463
2.93022893695817
2.62694133490447
2.38327834357378
2.79208904974328
2.40348876357209
3.03597087787225
2.58689083410488
2.94897146704824
2.47075246191397
2.58894790000844
2.47685632522516
2.53688157562496
2.31955643464354
2.75793704233652
2.27522346603823
3.01939651544484
2.52608450467133
2.81099654911205
2.25929888056561
2.22500547091997
2.53449120444407
2.7524156215807
2.30920713744635
2.91067502735461
2.10918357040654
2.01284151165729
2.26727800690179
2.3040762562074
2.25155542462755
2.54187105462503
2.08766686305867
2.20977106304184
2.32864321185087
2.57934264792527
2.24128692870971
2.61950761720394
2.48423617540612
2.117374800101
2.48939399040486
2.46942934096458
2.63111943439105
2.31766770473865
2.36986533120108
2.5556645063547
2.15260752461916
2.72422270852621
2.48002104199983
2.49323205117415
2.12376483460989
2.14634542546924
2.52079875431363
2.47035855567714
2.67583620907331
2.53709367898327
2.58666189714671
2.56567713155459
2.05675027354602
2.45648766938811
2.85533625115733
2.15340880397272
2.43930393064556
2.64926942176587
2.25605672923155
2.26864152849089
2.38003619223971
2.37894537496845
2.55984597256125
2.80143506438853
2.14163201750696
2.36198047302418
2.25634290042927
2.09122211935022
2.05005050079961
2.37045450719637
2.20567713155458
2.30157141654743
2.24431024324554
2.44785203265718
2.31060432623516
2.00230031142161
2.22170271862637
2.21304351485566
2.26877956400978
2.26727800690179
2.36489605252083
2.32944449120444
2.06156804982746
2.37547765339619
2.59007238447944
1.91035518895717
2.22863479505094
2.12140476390877
2.48282888645738
1.99382291052942
2.55097129871223
2.23189377998486
1.98777291473783
2.38858429425133
2.27195101422441
2.16650534466797
2.2417616362259
1.95923659624611
2.64821900513425
2.00291978789664
2.26075667031395
2.40348876357209
2.40579496675366
2.34457453076342
1.8142622674859
2.12460651460316
2.28758606177931
2.2557873916337
1.90457789748339
2.1711648851107
2.16970709536236
2.31890329096879
2.50302247285583
2.22868866257051
2.06407625620739
2.42698510226413
1.78604578739163
1.90758101169936
2.26448362932413
2.12563336419495
1.66208315798335
2.22940914064475
2.16970709536236
2.07888645736892
2.14163201750696
1.80624947395
2.18768538001854
2.50165895126673
2.20809106977529
1.99825014729402
2.02584715091322
2.05415789916674
2.09928204696575
2.22079707095364
2.08150239878799
2.08515192323878
1.90912970288696
2.13080127935359
1.86008332631934
2.0450138877199
1.99621328171031
1.82505933843953
2.44978452992174
1.84364363269086
2.25102011615184
2.20423280868616
2.03112616783099
1.76473444996213
2.16650534466797
1.99046629071628
2.18567208147462
1.99534803467722
1.95923659624611
2.05848413433213
2.15211598350308
1.9985127514519
2.14535897651714
1.95651965322784
2.4202146283983
2.10382375220942
2.37515781499874
1.94535897651713
2.15046629071628
1.89837303257303
1.95141233902871
1.73279101085768
2.20992256544062
1.94262183317903
2.17128608702973
1.85448783772409
1.98476980052186
1.92649187778807
1.97281457789748
2.14099570743204
1.62699520242404
2.21115478495076
2.08317902533457
2.04727969026177
1.78375305108997
2.02416379092671
1.8615141823079
2.17351485565189
1.76440787812476
1.86424459220606
1.84205454086356
1.76473444996213
1.81005723423954
1.97520494907837
1.89181802878545
2.0667258648262
2.23947563336421
1.67699772746403
1.881000757512
1.90222119350224
2.21707347866342
1.87792020873664
1.72320259237438
1.73580422523358
1.78912970288698
2.31959010184329
1.92591280195271
2.13942008248463
1.95751956905985
2.14249389782006
2.36522262435824
1.70923070448617
2.04320595909437
1.89307044861545
1.88309149061527
1.84831327329351
2.02757091153944
1.9520385489437
2.17530595067757
1.80105125831159
1.83209241646327
1.72645821058833
1.80078865415371
1.85448783772409
1.66661812978705
2.03323710125412
1.66208315798335
1.62550711219595
1.96818533793453
1.75126083662991
1.67462418988302
1.83202508206381
1.83894369160845
1.79983250568134
2.11843868361251
1.91702129450383
1.75857671913138
1.61176752798588
1.99222035182225
1.85113121791096
1.86896810032826
1.86255113205959
1.93576045787393
1.85002693375978
1.67594731083244
1.71579917515362
1.90323794293411
2.0032261594142
1.73599612827203
1.77181802878548
1.7588258564094
1.86008332631934
1.88467048228264
1.78453749684371
1.86299553909603
1.73580422523358
1.85448783772409
1.89888477400893
1.81039390623687
1.79645568554835
1.8591372780069
1.91007911791937
1.91035518895717
1.61171366046631
1.7646132480431
1.89493561148052
1.78414695732684
1.86159498358725
1.72684201666527
1.77229946974163
1.72645821058833
1.66451729652388
1.67462418988302
1.62119097719048
1.67766770473867
1.77585809275314
1.7524156215807
1.71678562410571
1.65155205790759
1.72743792610049
1.72684201666527
1.71145273966837
1.56119602727043
1.84447184580424
1.85031647167747
1.71950930056394
1.72232724518139
1.80639760962882
1.90678983250569
1.53161939230705
1.91373200909015
1.93438010268497
1.7614384311085
1.56341132901272
1.84584210083327
1.76048564935613
1.69022893695816
1.68410150660719
1.53050500799597
1.63208568302332
1.75335493645318
1.73580422523358
1.48868024577055
1.71579917515362
1.73491541116067
1.81722161434223
1.71968437000254
1.78929803888562
1.72212524198301
1.62699520242404
1.76133406278933
1.81352832253179
1.79645568554835
1.76209830822322
1.78936874000505
1.66999158320007
1.98177678646579
1.43710882922315
1.76473444996213
1.61135005470922
1.62724770642203
1.42092837303258
1.84714838818283
1.93363269085094
1.62385068596919
1.36934348960526
1.42382375220942
1.67574194091407
1.66661812978705
1.68410150660719
1.72527985859776
1.72357629829139
1.66157141654745
1.53048817439611
1.90765171281879
1.42201919030384
1.61717111354264
1.92117246023062
1.60822237185423
1.56467721572258
1.87499116236009
1.29036023903711
1.63953623432371
1.60793283393653
1.79974833768202
1.71615604747075
1.59331790253347
1.57168335998654
1.76600707011195
1.69260920797913
1.56457621412341
1.72437757764499
1.67907836040737
1.55548607019611
1.50896136688831
1.60500715427995
1.54424122548608
1.65240383806076
1.63576887467386
1.66928457200572
1.59545576971635
1.63229441966166
1.55515613163877
1.5217616362259
1.57325225149398
1.74074320343405
1.72937379008502
1.57280447773758
1.69468984092248
1.50542631091659
1.51615941419072
1.45058580927531
1.5805513003956
1.53059590943525
1.22187778806497
1.5264750441882
1.36138456358893
1.53018853631849
1.49473024156217
1.63963050248296
1.68424290884607
1.82730830738154
1.36123979463008
1.74498190388016
1.5509005975928
1.50636225906911
1.50662822994698
1.57599612827204
1.60793283393653
1.61193249726455
1.50583031731335
1.45433296860534
1.53404343068766
1.73097634879218
1.56352243077183
1.62035939735713
1.54807255281543
1.42047049911625
1.44675111522599
1.51276912717785
1.75007238447944
1.43386667788909
1.42585051763319
1.6885253766518
1.51776870633785
1.55565103947481
1.57518811547851
1.66911286928709
1.41927868024578
1.58396515444829
1.86570238195438
1.29774682265804
1.53539348539687
1.44055298375559
1.5293131891255
1.62385068596919
1.3910756670314
1.56678141570575
1.36731335746151
1.29357882333139
1.58908930224729
1.29739331706085
1.51615941419072
1.6073638582611
1.30363184917096
1.61206716606347
1.2860138035519
1.45286507869707
1.44593636899251
1.69358892349129
1.63435821900515
1.39143927278849
1.63623684875012
1.30997138288024
1.376999410824
1.21464270684285
1.25759868697921
1.42194848918442
1.40479841764162
1.41066661055467
1.48623264035015
1.24296692197626
1.49299974749601
1.35412928204698
1.54630839154953
1.44176500294589
1.31460398956318
1.40801026849593
1.53067334399461
1.45878040568977
1.37918777880651
1.60088965575289
1.42377998484977
1.38963134416295
1.2822026765424
1.45433296860534
1.27611228011111
1.52004124231968
1.48698005218418
1.36934348960526
1.41334315293327
1.51810201161518
1.50564178099486
1.4149861122801
1.5509005975928
1.71722666442219
1.32182897062538
1.43710882922315
1.44675111522599
1.34776954801785
1.24446174564432
1.42298543893614
1.42084420503326
1.30349381365207
1.39148304014813
1.37736301658111
1.41738321690093
1.23001851695986
1.51663075498695
1.21480094268159
1.26451056308392
1.43733776618132
1.38514350643885
1.53378755996971
1.37131975422946
1.35485986028112
1.1917894116657
1.44344162949247
1.43260415789916
1.25606009595154
1.48411834020706
1.2287021294504
1.19173554414613
1.29711051258312
1.25699267738406
1.22830485649357
1.25729904890161
1.42852369329182
1.11071542799428
1.28534045955729
1.45168335998653
1.24363353253094
1.27957326824341
1.53731588250147
1.41312768285499
1.30013719383891
1.43386667788909
1.46007322615941
1.24296692197626
1.42201919030384
1.39604157899169
1.29036023903711
1.20931992256544
1.42298543893614
1.3455374126757
1.36017254439864
1.29684117498527
1.36311842437507
1.42370928373035
1.26477316724183
1.34972224560224
1.25004040063968
1.2272746401818
1.32074152007408
1.13673680666611
1.2534003871728
1.22907920208738
1.20171113542631
1.29156215806751
1.24457284740342
1.31268495917854
1.30285750357714
1.28389276996887
1.19486996044105
1.21372359229022
1.25048144095615
1.34418062452656
1.23342563757259
1.20846814241227
1.26729820722161
1.42470583284236
1.37205706590356
1.30165895126675
1.13809696153524
1.22037959767698
1.3369017759448
1.24878461408974
1.29357882333139
1.11096793199226
1.3455374126757
1.2822632775019
1.40201077350392
1.36067755239458
1.22895800016835
1.22004292567965
1.40443481188453
1.1462376904301
1.20931992256544
1.41512414779902
1.17121538591027
1.26828128945377
1.25642033498863
1.07238195438094
1.57261930813905
1.22872569649022
1.16455264708358
1.18279353589767
1.16303425637574
1.35725696490195
1.35471509132228
1.30147041494826
1.04007154279944
1.19304856493562
1.24930645568554
1.14339617877283
1.16554582947563
1.27788317481694
1.1934256375726
1.16548186179614
1.34189125494487
1.17840669977275
1.22201245686389
1.22789748337684
1.07396094604832
1.18073646999412
1.32427994276577
1.35757343657943
1.08810453665518
1.1917894116657
1.20409140644728
1.27082989647337
1.13306708189546
1.17192913054458
1.19343910445249
1.16699015234408
1.2234769800522
1.21493897820051
1.16705075330361
1.16107819207139
1.22249726454004
1.45253514013973
1.01580085851361
1.2289243329686
1.18435569396516
1.25768958841849
1.25469657436244
1.20588586819292
1.12018601127852
1.19619981483041
1.21588502651292
1.14932833936538
1.1186373200909
1.06689083410487
1.21600622843195
1.13900597592797
1.14184075414528
1.13992172376064
1.39251998989985
1.46037959767696
0.974720141402258
1.3011135426311
1.05190219678479
1.3286129113711
1.12337092837305
1.11096793199226
1.29857166905143
1.11969447016244
1.11125410318996
1.18409308980725
1.01570659035434
1.18665516370677
1.2388628903291
1.0057242656342
1.13341048733272
1.18297870549617
1.1917894116657
1.26151081558791
1.07521336587831
1.19814914569483
1.11018685295852
1.09023567039813
1.08681844962547
1.19371854221026
1.11307886541539
1.12390287012877
0.945837050753312
1.3801742277586
1.12211850854305
1.05197289790422
1.20976432960188
1.0885758774514
1.1489512667284
1.04409140644728
1.02876273040991
1.00270431781837
1.15082989647337
1.08704738658363
1.0988006060096
1.26992088208064
1.23084673007324
1.20460988132314
1.15874842185002
1.08679824930562
1.10547344499622
1.06197205622422
1.21747748506019
1.18771568049829
1.1074362427405
1.28975422944197
0.900093426479259
1.21235670398116
1.03867772073059
1.08697668546418
0.974605672923161
1.08440787812475
1.13807676121539
1.04251578149987
1.02016076087872
1.22923070448616
1.01091911455265
1.11803467721572
1.11339197037287
1.02842942513257
1.07202844878378
1.09468310748255
1.00556602979549
1.08826950593385
1.07430098476559
1.06898493392814
0.875677973234588
1.12252251493982
1.08321269253432
1.09761888729906
1.10338271189295
1.14029542967765
1.05419829980642
1.10420419156637
0.9606775523946
1.13029963807762
1.15824678057405
1.04804730241563
1.05878377240973
1.01189209662488
1.24080885447353
1.03936789832505
1.00973066240215
1.17949078360408
1.04303088965577
1.14272956821816
1.06876609712987
0.931831495665364
1.08704401986367
0.948237522094104
1.27313946637489
1.09549785371601
1.04983166400135
1.06694133490447
1.12400050500801
0.974578739163377
0.97651123642791
0.940867772073062
1.21661897146706
1.06493813652051
0.883828802289372
1.20681508290548
1.04918525376652
1.09420839996633
1.08310495749518
0.866712397946316
0.958125578655
0.991637909266899
0.892821311337428
0.970972982072226
1.12794293409647
0.864763067081896
1.0678503492972
1.01454507196365
0.857824257217402
0.965417894116655
1.08365709957076
1.06795471761637
0.94088460567292
0.958179446174569
0.920812221193501
1.0696751115226
1.14587745139298
0.971774261425821
0.87833431529333
1.04280531941757
0.927953034256376
1.13119518559046
1.07909856072723
1.08979463008166
0.946894200824858
0.93365625789076
0.968963050248306
0.965209157478341
1.00722918946218
0.972164800942693
1.01435653564516
0.99193081390456
1.14219425974244
1.02713323794293
1.17252167325984
1.03813231209494
0.926808349465546
0.937009510983927
1.1344743708442
1.04180877030555
0.955620738995037
1.00022977863816
0.945113205959103
0.873378503492972
0.961701035266401
0.921684201666523
0.87833431529333
0.884367477485057
0.866712397946316
0.984086356367328
0.870254187357972
0.911600875347204
0.937245181382053
1.01111101759111
0.962798585977623
0.880684285834519
1.01361585725107
0.889538759363688
0.973774093089816
0.91283982829728
0.940170861038638
0.924677215722596
0.976161097550715
0.872169851022647
0.893784193249729
1.04264708357883
0.868954633448368
0.917166063462673
0.921064725191485
1.21125578654997
0.739447016244441
0.900170861038646
0.93365625789076
0.937965659456296
1.01271694301826
0.871338271189302
0.961078192071369
1.01204696574362
0.914674690682602
0.966229273630177
0.877580170019371
1.00173133574614
0.926943018264467
0.987395842100852
0.954405353084752
0.980972140392225
1.07002525039979
1.0609755071122
0.836415284908696
0.848542210251679
0.834785792441721
0.871405605588762
0.864668798922651
0.900487332716096
0.854215133406285
0.951193502230467
0.939756754481948
0.918559885531522
0.871318070869449
0.858440366972474
0.930690177594499
0.87677552394581
0.87314619981484
0.87533793451729
0.886788149145701
0.850521841595821
0.765310159077529
0.871913980304697
0.766673680666628
0.858191229694484
0.868954633448368
0.877580170019371
0.952338187021297
0.825274808517804
0.962044440703664
0.850989815672079
0.924492046124072
0.984783267401752
0.801664001346694
1.05609712987123
0.755879976432965
0.864072889487431
1.04477148388185
0.822110091743127
0.884909519400736
0.821022641191831
0.948506859691946
0.980988973992083
0.761690935106486
1.02789411665685
0.854740341722078
0.862746401818043
0.80759952865921
0.988742530090065
0.838229946974167
0.792216985102272
1.06070616951436
0.88311505765509
0.870789495833691
0.869735712482111
0.863689083410492
0.945298375557627
0.911089133911304
0.741396347108832
0.72344162949247
0.825577813315391
0.954119181887052
0.781234744550119
0.935999494992018
0.809838397441297
0.845842100833266
0.917667704738676
0.777224981062204
0.857767022977868
0.879435232724518
0.892777543977786
0.751408972308724
0.838576719131396
0.87901102600793
0.675028196279783
0.874220183486244
0.804155374126765
0.866305024829558
1.05612069691105
0.619073310327423
0.825264708357878
0.832557023819561
0.647175321942598
0.924872485481018
0.868954633448368
0.82200235670399
0.766852116825191
0.819968857840252
0.762549448699616
0.916125746991014
0.857575119939412
0.835189798838485
0.781652217826803
0.808757680329933
0.924074572847417
0.833233734534133
0.861581516707361
0.707867182897076
0.820335830317333
0.851535224307725
0.883040989815669
0.850989815672079
0.848370507533048
0.845023987879813
0.855541621075673
0.784345593805256
0.835189798838485
0.820335830317333
0.82435232724518
0.946567628987452
0.897830990657354
0.702079791263373
0.807027186263781
0.848814914569488
0.845023987879813
0.742005723423972
0.789560643043529
0.711600875347187
0.855447352916428
0.747288107061706
0.647559128019537
0.655208315798347
0.708729063210171
0.860682602474554
0.758667620570662
0.702530931739773
0.711563841427505
0.844778217321789
0.697844457537258
0.839950340880392
0.76142496422861
0.725104789159161
0.776248632270011
0.803603232051188
0.809599360323205
0.766673680666628
0.774740341722094
0.80431697668547
0.766990152344079
0.788479925932165
0.778945374968458
0.894400303004801
0.751328171029371
0.678889824088884
0.96816850433467
0.740292062957678
0.706153522430782
0.845845467553232
0.679886373200929
0.765461661476309
0.74746654322027
0.758913391128687
0.744911202760704
0.929195353926445
0.732777543977789
0.694912044440713
0.747651712818794
0.733309485733542
0.759004292567965
0.693928962208588
0.612211935022316
0.813430687652556
0.830392222876867
0.741396347108832
0.702530931739773
0.694548438683626
0.746820132985448
0.815945627472445
0.623850685969188
0.713587240131318
0.874964228600305
0.812962713576297
0.638607019611158
0.653625957411009
0.75033498863732
0.707466543220278
0.716583620907329
0.675772241393815
0.741436747748509
0.705130039558981
0.642795219257636
0.608033835535736
0.794385152764931
0.842529248379776
0.65636646746907
0.833977779648194
0.651844962545255
0.791573941587416
0.712129450382974
0.670722161434242
0.808128103694969
0.854669640602651
0.688633111690933
0.690212103358306
0.765289958757677
0.729481525124157
0.694646073562836
0.833375136773014
0.64218920966249
0.657632354178958
0.702012456863912
0.671873579665032
0.710772662233836
0.679886373200929
0.618942008248467
0.63018011951857
0.56399377156805
0.686427910108591
0.729575793283402
0.651323120949428
0.571376988468984
0.672179951182557
0.671085767191329
0.724320343405452
0.686636646746905
0.613976096288212
0.721717868866278
0.617265381701884
0.681381196868955
0.748129787054978
0.636280616109758
0.65900934264792
0.643030889655762
0.738352832253184
0.603078023735378
0.76823920545408
0.680404848076762
0.707783014897757
0.696154364110782
0.658844373369249
0.74479336756167
0.646889150744897
0.739261846645917
0.638607019611158
0.735592121875271
0.645805066913567
0.716583620907329
0.649659961282737
0.641172460230621
0.660426731756587
0.729424290884623
0.628755996969971
0.701160676710714
0.656218331790257
0.575275650197796
0.598509384731926
0.701955222624377
0.657854557697164
0.628685295850516
0.671392138708882
0.651831495665363
0.704160424206719
0.682206043262369
0.801913138624712
0.598906657688758
0.630523524955805
0.712839828297291
0.672179951182557
0.598718121370268
0.63951603400389
0.601091658951276
0.649488258564105
0.521643801026869
0.65942344920461
0.75929383048566
0.52550542883597
0.679505933843956
0.614565272283471
0.604417978284658
0.601653901186779
0.69830233145359
0.520889655752882
0.628675195690619
0.686922817944634
0.643192492214467
0.556078612911392
0.595031562999765
0.659891423280868
0.58947984176416
0.704790000841683
0.577295682181642
0.615864826193075
0.641973739584216
0.639078360407382
0.630462923996305
0.607289790421703
0.60716522178268
0.628668462250658
0.5662898745897
0.704954970120355
0.718489184412107
0.577743455938048
0.598509384731926
0.604367477485056
0.656581937547344
0.692471172460245
0.576733439946139
0.606178772830589
0.687828465617372
0.666254524029966
0.577645821058837
0.710301321437584
0.685481861796148
0.584439861964484
0.515307634037555
0.536188031310502
0.609491625284079
0.563010689335925
0.587220772662249
0.654666273882668
0.531050416631615
0.605458294756346
0.578137362174914
0.631159835030729
0.658329265213382
0.591782678225741
0.590883763992935
0.552701792778379
0.647229189462166
0.488518643211847
0.623561148051522
0.654292567965655
0.541897988384818
0.715223466038225
0.530834946553341
0.588126420334987
0.57158235838736
0.523805235249569
0.601717868866274
0.581733019106139
0.64767022977864
0.623759784529938
0.533992929888058
0.715321100917436
0.51934769800522
0.674354852285177
0.5662898745897
0.604417978284658
0.623588081811306
0.487262856661914
0.50058496759533
0.603522430771818
0.619110344247133
0.631277670229792
0.552089049743302
0.580069859439448
0.593085598855311
0.559819038801464
0.580615268075093
0.612471172460232
0.609229021126168
0.646407709788747
0.554745391802044
0.588385657772932
0.612329770221379
0.517031394663746
0.52550542883597
0.500716269674285
0.540605167915174
0.513839744129285
0.566229273630171
0.49488511068094
0.54519400723845
0.610087534719298
0.584221025166244
0.477216564262278
0.508321690093425
0.622009090143933
0.511533540947738
0.632004881743967
0.53401313020791
0.562327245181393
0.567545661139633
0.535649356114817
0.591247369750022
0.539736554162118
0.637846140897238
0.586163622590703
0.557967342816255
0.57988805656089
0.567121454423045
0.646845383385255
0.529794630081653
0.515364868277089
0.544914569480682
0.624409561484725
0.581291978789665
0.551365204949093
0.544470162444242
0.514701624442381
0.563849002609203
0.568269505933841
0.554839659961289
0.533131049574962
0.534491204444066
0.475455769716348
0.518879723928961
0.574743708442071
0.584971803720236
0.476990994024078
0.509213870886299
0.510712061274319
0.59124063631009
0.514529921723778
0.56765339617877
0.544325393485394
0.541897988384818
0.572211935022324
0.521354263109174
0.483478663412171
0.500857671913138
0.513721908930222
0.430590859355277
0.57011446847909
0.544308559885536
0.515873242993024
0.514479420924175
0.565357293157149
0.501096709031231
0.534444070364458
0.562562915579491
0.497985859776122
0.52004797575961
0.54031562999748
0.49488511068094
0.487262856661914
0.512610891339108
0.516543220267664
0.452006565103943
0.532191734702479
0.537713155458306
0.495807591953536
0.531622759027016
0.482478747580188
0.429638077602903
0.583423112532614
0.666062620991511
0.431439272788481
0.630826529753392
0.526215806750287
0.466170356030631
0.553785876609709
0.511823078865433
0.571690093426497
0.531242319670071
0.472445922060444
0.536989310664097
0.577497685380024
0.464843868361243
0.549001767527983
0.536255365709962
0.48573099907415
0.505635047554932
0.453262351653905
0.610043767359656
0.461800353505595
0.508230788654174
0.484236175406124
0.432294419661645
0.455595488595236
0.431890413264881
0.463214375894296
0.489198720646414
0.458632270010952
0.514570322363454
0.530568975675465
0.462372695901024
0.526865583705074
0.515307634037555
0.461955222624368
0.478169346014653
0.460069859439443
0.554082147967364
0.496608871307131
0.486737648346093
0.479260163285915
0.524044272367661
0.507823415537416
0.485414527396699
0.51100496591198
0.485885868192923
0.534242067166076
0.465217574278256
0.44727295682182
0.554671323962623
0.482320511741449
0.483963471088288
0.377187947142517
0.58779311505765
0.374605672923167
0.457029711303761
0.520078276239389
0.405397693796829
0.514001346687991
0.55717279690262
0.643620065651049
0.464089723087284
0.56046208231632
0.447993434896063
0.553348203013229
0.520091743119281
0.387735880818127
0.523158825014747
0.50672923154616
0.479017759447856
0.451713660466311
0.495787391633712
0.550190219678484
0.423500547092004
0.470119518559045
0.365465028196297
0.474570322363434
0.420719636394239
0.443852369329193
0.432469489100242
0.463571248211451
0.411094183991253
0.478468984092245
0.387735880818127
0.400041242319674
0.398532951771756
0.423298543893623
0.485252924837994
0.422672333978625
0.48637067586904
0.461386246948905
0.492780910697746
0.43064136015488
0.427776281457795
0.376992677384067
0.461382880228939
0.461295345509654
0.478519484891848
0.460069859439443
0.482478747580188
0.459877956400987
0.447707263698362
0.431853379345171
0.532531773419748
0.412794377577654
0.483300227253608
0.496043262351662
0.449225654406206
0.405229357798163
0.482320511741449
0.335073646999405
0.457874758016999
0.39128777038971
0.515923743792627
0.472213618382312
0.468934433128538
0.441936705664517
0.534898577560824
0.424146957326826
0.452605841259157
0.381029374631765
0.445528995875776
0.420622001515028
0.490006733439941
0.392442555340466
0.487912633616702
0.373572089891439
0.463170608534654
0.447804898577573
0.459908256880738
0.420985607272115
0.487219089302243
0.425725948994199
0.410030300479775
0.441613500547106
0.393237101254101
0.398532951771756
0.400209578318339
0.387887383216906
0.460685969194515
0.397566703139461
0.373504755491979
0.36248211430015
0.438617119771067
0.445754566113976
0.429126336167002
0.424880902280961
0.489346856325227
0.390126251998993
0.432513256459913
0.436324383469412
0.455460819796315
0.399643969362842
0.42410655668715
0.465069438599443
0.462197626462427
0.40069101927449
0.434176416126604
0.420150660718804
0.446518811547861
0.356411918188712
0.428166820974667
0.35680582442555
0.358250147294001
0.39591027691273
0.446471677468224
0.399152428246794
0.460904805992783
0.457255281541961
0.415366551637078
0.377692955138457
0.43354010605168
0.410097634879236
0.393156299974748
0.369205454086369
0.370053867519573
0.386729231546184
0.378302331453597
0.377487585220109
0.372690009258491
0.382406363100756
0.367717363858276
0.363906236848749
0.406875683864996
0.399499200404023
0.422281794461753
0.3952773335578
0.42296187189632
0.409969699520246
0.397199730662408
0.408101169935208
0.373592290211263
0.414673007322619
0.393489605252086
0.378635636730934
0.384315293325471
0.352553657099577
0.429318239205458
0.365465028196297
0.365579496675366
0.384648598602809
0.34193502230454
0.385567713155467
0.390806329433559
0.394058580927549
0.379867856241077
0.366700614426406
0.392156384142766
0.393469404932262
0.355311000757524
0.365926268832595
0.450373705917031
0.406525544987801
0.403162191734708
0.468129787054977
0.336413601548685
0.383022472855828
0.399936874000502
0.433567039811464
0.438199646494411
0.360377914316985
0.395401902196795
0.361256628229967
0.406060937631509
0.432176584462582
0.308597761131239
0.352644558538856
0.352695059338458
0.350786129113715
0.368006901775942
0.354843026681266
0.330821479673432
0.332080632943359
0.323320427573435
0.403933170608553
0.391405605588773
0.39151334062791
0.373033414695726
0.338699604410408
0.367498527060008
0.366905984344754
0.295464186516284
0.38609965491122
0.334440703644475
0.420127093678985
0.354098981567205
0.430149819038803
0.403283393653737
0.378302331453597
0.377985859776118
0.339554751283572
0.336413601548685
0.385167073478669
0.447845299217249
0.340345930477241
0.459204612406381
0.30260499957916
0.365579496675366
0.44488595236092
0.360495749516048
0.407801531857587
0.37736638330108
0.365465028196297
0.365239457958097
0.369882164800941
0.460133827118938
0.336117330191058
0.344769800521846
0.371262519989898
0.365465028196297
0.339100244087206
0.342345762141235
0.378595236091257
0.354115815167091
0.318071711135445
0.343052773335586
0.338507701371952
0.339174311926627
0.350045450719648
0.322323878461418
0.350951098392386
0.353398703812815
0.349038801447705
0.342857503577136
0.37468647420252
0.360973823752204
0.379453749684387
0.332265802541883
0.385113205959101
0.345042504839654
0.359280363605762
0.340160760878717
0.32103442471174
0.342339028701304
0.344308559885548
0.340440198636486
0.360499116236014
0.351227169430189
0.364525713323815
0.367848665937231
0.311233902870129
0.349789580001698
0.35181297870551
0.375952360912379
0.369673428162628
0.391695143506439
0.31443228684455
0.326905984344762
0.392668125578666
0.35110596751116
0.319731504082142
0.312418988300664
0.348422691692633
0.29938978200488
0.358169346014648
0.360495749516048
0.380446932076438
0.3249128861207
0.350752461913999
0.359196195606444
0.312418988300664
0.321522599107823
0.339224812726201
0.315691440114477
0.337501052100009
0.298009426815923
0.351092500631268
0.309533709283727
0.332181634542565
0.313432371012539
0.3058875515529
0.339558118003538
0.357014561063892
0.341645484386845
0.358364615773098
0.322842353337279
0.314917094520666
0.344113290127098
0.385655247874752
0.359950340880403
0.274051847487584
0.304476895884193
0.340682602474544
0.332841511657278
0.33323878461411
0.336184664590519
0.344170524366632
0.304917936200667
0.373154616614784
0.350577392475401
0.289232387846141
0.361845804225254
0.299537917683693
0.313321269253436
0.336881575624943
0.325609797155124
0.376992677384067
0.361206127430364
0.302527565019773
0.298783772409735
0.31121706927027
0.353543472771662
0.37605672923155
0.315560138035522
0.357270431781842
0.305446511236426
0.336534803467742
0.336595404427243
0.30853042673175
0.266813399545498
0.348345257133246
0.255033246359744
0.336423701708611
0.273092332295278
0.270611059675105
0.316795724265631
0.298507701371932
0.279452066324382
0.313163033414696
0.353812810369504
0.315465869876277
0.303059506775526
0.304190724686492
0.282579749179376
0.306419493308653
0.324148640686815
0.294790842521678
0.362455180540366
0.316371517549044
0.305530679235773
0.353024997895801
0.30442639508459
0.33887130712904
0.313274135173828
0.321906405184762
0.311159835030736
0.324633448362931
0.29981062200153
0.274051847487584
0.312816261257467
0.309745812642035
0.308601127851205
0.311920713744655
0.258938641528488
0.326724181466204
0.295063546839486
0.385426310916586
0.265820217153447
0.305483545156136
0.30181382038549
0.31166147630671
0.336410234828719
0.275502903795996
0.351924080464613
0.323471929972243
0.311772578065813
0.303800185169592
0.345066071879472
0.306870633785053
0.284680582442576
0.2527775439778
0.296733439946138
0.339773588081812
0.278176079454596
0.294615773083081
0.239152428246797
0.330791179193682
0.293787559969701
0.295965827792287
0.293733692450132
0.251225486070211
0.32408467300732
0.295097214039231
0.286666947226678
0.299918357040667
0.271718710546253
0.286677047386604
0.298396599612829
0.245061021799529
0.255282383637734
0.315203265718395
0.322360912381129
0.288525376651791
0.279421765844631
0.291171618550635
0.32290968773674
0.299881323120957
0.284680582442576
0.302534298459733
0.282549448699598
0.283889403248878
0.281401397188802
0.2847007827624
0.295464186516284
0.253359986533127
0.320542883595664
0.270503324635968
0.319640602642892
0.281586566787325
0.268816597929487
0.27746570154028
0.301456948068363
0.301897988384837
0.353631007490947
0.285118256039056
0.285209157478334
0.303113374295094
0.26745980978032
0.28802036865585
0.302335661981317
0.293420587492648
0.246454843868378
0.29167999326657
0.252292736301655
0.300275229357794
0.259174311926614
0.316243582190054
0.239546334483634
0.288161770894703
0.24385573604917
0.276930393064561
0.30700193586398
0.268032152175749
0.274159582526721
0.242475380860213
0.285919535392651
0.255433886036542
0.243896136688846
0.286613079707109
0.25673007322618
0.307092837303259
0.257262014981904
0.261110175911114
0.248400808012804
0.327821732177426
0.273301068933591
0.255077013719387
0.267028869623772
0.27746570154028
0.261514182307906
0.305702381954376
0.281495665348046
0.281256628229954
0.272004881743982
0.312486322700124
0.233163033414712
0.243626799091004
0.277708105378338
0.298766938809877
0.246168672670649
0.268089386415284
0.251922397104636
0.289003450887975
0.292373537581028
0.2749271946806
0.264288359565711
0.288478242572182
0.256618971467049
0.280812221193514
0.277260331621932
0.230180119518565
0.261116909351074
0.231587408467306
0.250713744634311
0.247225822742195
0.256992677384062
0.241135426310933
0.237028027943779
0.26523104115816
0.264120023567045
0.216019695311843
0.281297028869631
0.285155289958766
0.230533625115726
0.28119266055046
0.267129871222977
0.208942849928462
0.259881323120965
0.240963723592301
0.223705917010363
0.300591701035273
0.303978621328184
0.20000757511994
0.2476129955391
0.258901607608806
0.274115815167079
0.260719636394242
0.277809106977543
0.278839323289304
0.254066997727477
0.260568133995463
0.253161350054711
0.242333978621332
0.285178856998584
0.258275397693808
0.263594815251253
0.236768790505863
0.255996128272045
0.246801616025607
0.236627388266982
0.297514518979881
0.293481188452148
0.232153017422775
0.264126757007006
0.263837219089311
0.26530510899758
0.281576466627399
0.239253429845974
0.292370170861034
0.249033751367733
0.205394327076846
0.24015234407878
0.305123306119015
0.260191061358483
0.219753387761983
0.231590775187271
0.273684875010531
0.219016076087883
0.208713912970296
0.249296355525644
0.221867687905075
0.228520326571839
0.22004965911961
0.234533288443743
0.242795219257658
0.225042504839678
0.261817187105464
0.238543051931657
0.213804393569575
0.242896220856835
0.230631259994965
0.241145526470831
0.242876020537011
0.238647420250828
0.271260836629921
0.243367561653059
0.25236343742111
0.223315377493492
0.228298123053634
0.239859439441119
0.194482787644148
0.260773503913811
0.255433886036542
0.239546334483634
0.241950172544392
0.232738826698096
0.243626799091004
0.25542041915665
0.255336251157331
0.259103610807188
0.251599191987225
0.251895463344852
0.231469573268242
0.228011951855905
0.247599528659208
0.237654237858777
0.220662402154716
0.223150408214792
0.233617540611078
0.239175995286587
0.202818786297456
0.227177005302593
0.216225065230219
0.237980809696154
0.248619644811043
0.268883932328947
0.224133490446945
0.245613163875106
0.215090480599287
0.237573436579424
0.203805235249575
0.180389697836887
0.241108492551149
0.227991751536081
0.235570238195436
0.208380607692959
0.220285329517736
0.214888477400905
0.202158909182742
0.215709957074324
0.246744381786044
0.218588502651301
0.244542546923668
0.202953455096377
0.262386162780928
0.228520326571839
0.231392138708884
0.21858176921134
0.227311674101514
0.231701876946403
0.218884774008927
0.220598434475221
0.235381701876946
0.243939904048489
0.188308223213539
0.251797828465612
0.250127935358989
0.18898493392814
0.202939988216485
0.25149819038802
0.196226748590192
0.217571753219431
0.231617708947056
0.219618718963062
0.255683023314532
0.214528238363783
0.259820722161436
0.22531184243752
0.216531436747744
0.296009595151929
0.209858597761126
0.217224981062202
0.184715933002281
0.210787812473711
0.215582021715363
0.223211009174321
0.180224728558215
0.223140308054894
0.209663328002705
0.213127682854974
0.252127767022984
0.19386331116911
0.23015318575878
0.183200909014403
0.211636225906915
0.227685380018528
0.244478579244173
0.204448278764431
0.212730409898171
0.221399713828816
0.215827792273387
0.232822994697415
0.214016496927883
0.207831832337348
0.231691776786477
0.215460819796334
0.221022641191837
0.193270768453829
0.242054540863563
0.181261678309909
0.200946889992423
0.210589175995295
0.225699015234426
0.214289201245691
0.216019695311843
0.1993375978453
0.244246275566042
0.196452318828392
0.207916000336667
0.205727632354183
0.211811295345512
0.193301068933607
0.215386751956913
0.198149145694828
0.207336924501305
0.189900681760804
0.187466543220268
0.221116909351082
0.237741772578062
0.197694638498461
0.178615436411093
0.184480262604154
0.206464944028284
0.208963050248315
0.188419324972642
0.191479673428177
0.184813567881491
0.185655247874763
0.227554077939573
0.205906068512746
0.191708610386343
0.171225486070199
0.215740257554074
0.242845720057232
0.177295682181636
0.193334736133323
0.219776954801802
0.203805235249575
0.202939988216485
0.209663328002705
0.20826613921389
0.196452318828392
0.196987627304111
0.181483881828143
0.207831832337348
0.192587324299296
0.193907078528753
0.18487416884102
0.19755323625958
0.197879808096957
0.185968352832248
0.217894958336842
0.18098224055214
0.191584041747348
0.202488847740085
0.208976517128207
0.191806245265553
0.196516286507887
0.1993375978453
0.207134921302924
0.213225317734214
0.179622085683036
0.175972561232214
0.210259237437924
0.204380944364971
0.21045787391634
0.205411160676732
0.22623095699015
0.203805235249575
0.208380607692959
0.18484386836127
0.192344920461238
0.194331285245369
0.191506607187961
0.202822153017422
0.201182560390549
0.209838397441303
0.176921976264623
0.185231041158147
0.192950930056412
0.219325814325401
0.193728642370189
0.194805992761559
0.178615436411093
0.188308223213539
0.20258311589933
0.180261762477926
0.175450719636387
0.203889403248894
0.178231630334153
0.177332716101347
0.200293746317669
0.214322868445436
0.190297954717636
0.180359397357137
0.148560727211532
0.213838060769291
0.179231546166164
0.161179193670563
0.213151249894793
0.192062115983504
0.180975507112208
0.165774766433799
0.188351990573182
0.182682434138542
0.220342563757271
0.164024072047823
0.177329349381381
0.181009174311924
0.173370086693041
0.210535308475727
0.185655247874763
0.183200909014403
0.183685716690519
0.201364363269079
0.175969194512248
0.18946637488429
0.175868192913072
0.205882501472956
0.199647336082819
0.174073731167425
0.17897904216818
0.166717448026276
0.192863395337099
0.189698678562422
0.180975507112208
0.179773588081815
0.176763740425884
0.186904300984764
0.161431697668547
0.187631512498967
0.191408972308722
0.175868192913072
0.172097466543221
0.18156131638753
0.174080464607357
0.189819880481451
0.178871307129043
0.170279437757785
0.181773419745809
0.159462166484303
0.158186179614518
0.173999663328004
0.175784024913725
0.176895042504839
0.201637067586915
0.194247117246022
0.187725780658212
0.17072047807423
0.189500042084006
0.205121622759037
0.148823331369414
0.165229357798182
0.162519148219843
0.173976096288186
0.171673259826633
0.167862132817106
0.203195858934436
0.173740425890088
0.196987627304111
0.179086777207317
0.185170440198647
0.185194007238465
0.187833515697349
0.166535645147718
0.162865920377072
0.185897651712821
0.16322952613416
0.175709957074332
0.18293157141656
0.164337177005308
0.197597003619222
0.163832169009339
0.193348203013215
0.161775103105811
0.171464523188291
0.177090312263289
0.166441376988473
0.178366299133074
0.166831916505345
0.163007322615954
0.161222961030234
0.187200572342391
0.15798080969617
0.16788906657689
0.159462166484303
0.160529416715775
0.175528154195774
0.177332716101347
0.166535645147718
0.183584715091342
0.175262183317898
0.169249221446023
0.15587324299301
0.192637825098899
0.181884521504941
0.189055635047566
0.174763908761889
0.152934096456534
0.19082989647336
0.16352243077182
0.188920966248645
0.162522514939837
0.164205874926353
0.181382880228938
0.170989815672101
0.177767022977861
0.175986028112106
0.147826782257397
0.16174480262606
0.183375978453
0.17528238363775
0.150227253598189
0.166831916505345
0.177800690177605
0.147234239542144
0.172003198383976
0.17046460735628
0.176090396431277
0.174410403164728
0.159364531605092
0.159138961366892
0.172989647336095
0.143480346772151
0.152355020621172
0.159505933843974
0.174087198047317
0.153859944449124
0.161546166147645
0.15755996969952
0.154930561400562
0.166619813147037
0.162071374463437
0.159175995286603
0.159620402323043
0.172696742698434
0.143278343573769
0.183510647251921
0.15578234155376
0.150533625115742
0.178554835451564
0.159674269842611
0.167771231377827
0.155674606514623
0.15931403080549
0.139494150324055
0.147200572342399
0.148823331369414
0.167720730578253
0.166501977948002
0.159778638161782
0.166091238111278
0.176794040905662
0.175847992593219
0.166889150744908
0.177376483460989
0.15846225065232
0.156162780910705
0.168606177931167
0.146177089470598
0.172457705580342
0.158307381533547
0.159388098644911
0.172053699183579
0.154681424122543
0.173289285413688
0.179702886962389
0.166724181466208
0.151015066071892
0.147520410739844
0.150479757596173
0.162290211261677
0.153035098055739
0.164081306287358
0.14682349970542
0.151351738069195
0.149550542883617
0.148112953455097
0.159593468563259
0.155513003955917
0.173450887972393
0.155536570995707
0.140174227758621
0.145190640518479
0.152082316303336
0.138548102011612
0.164646915242827
0.154479420924162
0.146816766265459
0.148887299048909
0.145843784193261
0.148661728810708
0.15973487080214
0.161310495749518
0.146059254271535
0.160165810958688
0.146678730746572
0.154348118845235
0.154492887804054
0.150223886878223
0.145648514434811
0.151355104789161
0.172238868782102
0.153257301573944
0.158186179614518
0.150287854557718
0.158590186011281
0.141180877030564
0.158176079454591
0.155250399798007
0.136221698510241
0.158670987290634
0.173730325730162
0.155317734197467
0.164037538927715
0.155502903795991
0.133689925090493
0.216996044104036
0.152045282383654
0.158273714333831
0.165333726117325
0.1381642959347
0.164532446763758
0.146180456190564
0.156728389866174
0.143692450130459
0.161155626630773
0.124498779564021
0.141810453665528
0.136649271946823
0.152624358219015
0.149981483040165
0.160431781836564
0.150644726874845
0.160994024072068
0.161892938304874
0.148560727211532
0.139962124400313
0.146055887551569
0.167559128019548
0.137477485060174
0.152466122380275
0.146342058749269
0.151068933591461
0.150880397272971
0.151166568470671
0.138999242488012
0.145648514434811
0.152163117582688
0.144931403080562
0.144076256207399
0.146059254271535
0.143056140055563
0.146894200824846
0.150139718878876
0.143756417809954
0.14756081137952
0.136238532110099
0.164296776365632
0.157428667620565
0.14994781584042
0.146059254271535
0.145476811716179
0.150223886878223
0.147900850096789
0.150479757596173
0.142386162780923
0.148405858092758
0.156371517549047
0.144628398282975
0.132147967342831
0.155826108913402
0.131703560306391
0.145672081474629
0.134605672923158
0.137527985859776
0.171137951350914
0.166087871391312
0.132764077097903
0.146254524029985
0.149271105125848
0.13984428920125
0.139588418483299
0.154368319165059
0.146331958589343
0.146059254271535
0.153146199814842
0.160310579917535
0.128552310411578
0.133871727969023
0.154775692281788
0.141453581348372
0.147668546418657
0.141706085346357
0.146264624189882
0.158640686810884
0.135565188115493
0.138548102011612
0.14186095446513
0.146769632185851
0.134275734365815
0.146345425469235
0.132693375978448
0.149601043683191
0.123014056055894
0.136878208904989
0.148341890413263
0.144988637320097
0.154459220604338
0.138231630334161
0.139793788401647
0.147203939062365
0.14491120276071
0.140312263277508
0.135837892433301
0.152206884942359
0.148490026092077
0.134972645400239
0.157142496422864
0.131292820469668
0.148210588334337
0.125522262435823
0.132387004460924
0.137672754818624
0.151816345425488
0.15999074152009
0.1433894453329
0.136329433549378
0.135901860112796
0.124667115562659
0.140861038633119
0.139096877367223
0.171353421429188
0.131804561905568
0.122135342142911
0.139470583284236
0.120391381196868
0.13854136857168
0.134275734365815
0.1436150155711
0.128040568975678
0.170892180792862
0.138255197373979
0.121906405184745
0.14341974581265
0.152806161097544
0.138248463934019
0.12923575456611
0.139187778806502
0.14599528659204
0.150890497432897
0.152294419661644
0.125879134752978
0.125141823078877
0.122172376062622
0.149122969447035
0.138191229694485
0.148897399208835
0.150503324635991
0.139396515444844
0.12659287938726
0.144688999242504
0.126956485144348
0.132511573099919
0.144109923407115
0.132292736301679
0.153913811968692
0.133161350054706
0.133302752293588
0.129575793283408
0.128700446090392
0.147836882417323
0.169804730241566
0.13745055130039
0.126289874589702
0.129720562242255
0.116974160424206
0.125693965154454
0.124751283562006
0.135986028112114
0.119256796565963
0.131232219510139
0.128515276491896
0.149011867687904
0.121014224391899
0.129710462082329
0.14733524114132
0.137905058496756
0.120196111438446
0.116220015150247
0.120159077518736
0.134322868445423
0.13417473276661
0.122785119097728
0.141918188704665
0.123751367729994
0.128902449288802
0.122172376062622
0.11869455433046
0.127081053783371
0.135353084757185
0.134312768285497
0.137009510983944
0.126333641949344
0.13439356956485
0.142359229021139
0.122438346940498
0.133494655332044
0.119677636562585
0.135161181718729
0.142409729820741
0.125370760037043
0.121889571584887
0.146254524029985
0.1219771063042
0.126249473950026
0.136571837387436
0.131488090228089
0.123963471088302
0.124495412844055
0.139154111606786
0.107264540021902
0.121020957831831
0.116704822826364
0.140285329517724
0.112250652302009
0.126643380186863
0.121158993350747
0.131350054709202
0.126077771231394
0.122488847740101
0.113863311169098
0.135689756754488
0.119007659287945
0.11892012456866
0.116055045871576
0.132794377577653
0.118489184412084
0.133817860449454
0.119512667283914
0.124000505008013
0.121798670145608
0.146587829307293
0.121569733187442
0.129521925763839
0.116344583789243
0.121502398787982
0.121485565188124
0.12659287938726
0.132666442218664
0.124798417641614
0.114492887804062
0.118637320090897
0.132696742698442
0.122371012541038
0.121071458631434
0.123216059254275
0.116822658025427
0.144648598602828
0.103096540695248
0.111149734870821
0.137625620739016
0.122337345341322
0.123094857335246
0.116220015150247
0.129353589765174
0.116721656426222
0.120165810958667
0.119539601043698
0.12955222624359
0.117351233061186
0.106628229946978
0.118667620570676
0.125219257638264
0.118408383132731
0.119677636562585
0.120159077518736
0.116960693544314
0.12088628903291
0.117583536739346
0.114664590522693
0.12745812642035
0.131272620149815
0.12563673091492
0.115610638835136
0.104692365962478
0.123680666610568
0.116135847150929
0.139702886962397
0.111392138708879
0.113782509889745
0.123074657015422
0.102251493981981
0.109523609123812
0.127023819543808
0.121707768706358
0.118899924248808
0.121936705664524
0.110378755996976
0.114378419324993
0.108722329770217
0.117815840417478
0.107389108660897
0.116112280111111
0.120468815756254
0.130363605757111
0.121010857671934
0.121667368066682
0.115028196279781
0.121071458631434
0.122488847740101
0.122987122296109
0.118543051931653
0.116721656426222
0.110900597592803
0.115688073394495
0.120566450635465
0.116287349549708
0.104981903880145
0.116378250988987
0.120906489352762
0.123788401649705
0.108038885615684
0.117499368739999
0.10759784529921
0.115741940914063
0.110213786718305
0.110826529753382
0.112641191818881
0.115449036276402
0.117819207137444
0.114045114047656
0.104045955727628
0.115041663159673
0.115738574194097
0.0997331874421548
0.126350475549202
0.110641360154887
0.107113037623094
0.113863311169098
0.116280616109776
0.115459136436328
0.106426226748596
0.105025671239815
0.120566450635465
0.107480010100176
0.111149734870821
0.111910613584712
0.102833936537337
0.126195606430429
0.111392138708879
0.118923491288626
0.127862132817114
0.104992004040071
0.123519064051862
0.106456527228346
0.103096540695248
0.119509300563919
0.114247117246038
0.104264792525896
0.114375052604998
0.117997643296036
0.103631849170966
0.102702634458382
0.129518559043845
0.110476390876187
0.110786129113706
0.109621244003051
0.11011951855906
0.117735039138125
0.100699436074422
0.105072805319423
0.113183233734532
0.104971803720247
0.101392980388852
0.114435653564527
0.103123474455032
0.117634037538949
0.105826950593382
0.106944701624457
0.115832842353342
0.100251662317987
0.113917178688666
0.109062368487514
0.114398619644817
0.110011783519923
0.102833936537337
0.105675448194603
0.101864321185104
0.103914653648701
0.10683696658532
0.110641360154887
0.109621244003051
0.110459557276329
0.109257638245936
0.10683696658532
0.110947731672439
0.110641360154887
0.106786465785717
0.108567460651471
0.102840669977269
0.121398030468811
0.104113290127088
0.113530005891761
0.107022136183843
0.118610386331113
0.096174564430612
0.114388519484891
0.100638835114893
0.095979294672162
0.110688494234495
0.11011951855906
0.102807002777553
0.109988216480104
0.102416463260681
0.104594731083239
0.110866930393058
0.113705075330358
0.107799848497621
0.108062452655503
0.104827034761399
0.10320090901439
0.101403080548778
0.104742866762052
0.105130039558958
0.103712650450319
0.0953968521168349
0.0981508290547879
0.105486911876113
0.105651881154785
0.108752630249995
0.0975313525797503
0.102796902617627
0.109358639845141
0.111176668630605
0.0981373621748958
0.11282972813737
0.10100917431194
0.107315040821476
0.108446258732442
0.103416379092664
0.096174564430612
0.103153774934782
0.103726117330211
0.103598181971222
0.110267654237873
0.106096288191225
0.108436158572516
0.105985186432122
0.096851275145184
0.104833768201331
0.0975044188199661
0.104692365962478
0.10683696658532
0.0980363605757191
0.105140139718884
0.101103442471185
0.110382122716942
0.102160592542731
0.101456948068346
0.104375894284999
0.107729147378166
0.097615520579069
0.111281036949748
0.113365036613089
0.100837471593309
0.0960095951519406
0.095501220436006
0.109240804646078
0.0983797660129824
0.0960432623516567
0.0960567292315488
0.094986112280111
0.108580927531364
0.100251662317987
0.103318744213453
0.0980464607356453
0.0984538338523748
0.0996860533625181
0.096049995791617
0.101621917347046
0.106335325309317
0.0990194428078439
0.107547344499636
0.0952285161181692
0.111668209746654
0.105015571079889
0.0922792694217662
0.109904048480786
0.0983999663328063
0.104295093005646
0.112930729736576
0.100349297197226
0.0979858597761165
0.097383216900937
0.108665095530682
0.0922725359818344
0.0969758437842074
0.0956796565945695
0.104109923407123
0.0944878377241025
0.10552731251579
0.0955651881154722
0.100413264876693
0.104322026765431
0.102170692702629
0.0984605672923351
0.100837471593309
0.10877956400978
0.0958042252335645
0.0930603484555377
0.106786465785717
0.10271946805824
0.0966526386667965
0.100073226159424
0.102497264540034
0.0985817692113642
0.102706001178348
0.0982821311337432
0.101093342311259
0.096174564430612
0.0928280447773773
0.0997331874421548
0.0949356114805084
0.0929021126167981
0.0995008837639944
0.106082821311333
0.103790085009678
0.0943801026849656
0.105217574278271
0.0940164969278783
0.0947874758016951
0.0930872822153219
0.0950298796397817
0.0952386162780954
0.0962351653901123
0.097150913222805
0.0971004124232024
0.0908652470330935
0.106136688830901
0.0956729231546376
0.105493645316045
0.0939760962882019
0.106601296187193
0.0941545324467654
0.0990564767275544
0.0913736217490282
0.099477316724176
0.0938178604494624
0.0964843026681308
0.0974774850601818
0.100622001515035
0.0942521673259762
0.0938380607693148
0.0978882248969057
0.0952285161181692
0.100221361838237
0.0940703644474468
0.09157562494741
0.0968209746654338
0.104382627724959
0.0923533372611871
0.09290884605673
0.0907945459136386
0.0995210840838467
0.0918685295850707
0.0985582021715459
0.106028953791764
0.107025502903809
0.0975414527396765
0.0901818028785613
0.0962284319501805
0.0988746738489965
0.0913365878293178
0.121169093510645
0.102840669977269
0.0933263193333858
0.0938178604494624
0.0997264540021945
0.0966896725864785
0.0906396767948934
0.0829029542967703
0.107049069943628
0.0941679993266575
0.0950231461998214
0.0940131302079124
0.0929223129366221
0.100618634795069
0.0950433465196738
0.104618298123057
0.0921883679824873
0.102621833179029
0.0953530847571926
0.087865499537088
0.0997331874421548
0.0942319670061522
0.0956863900345297
0.0901380355188905
0.084832084841338
0.101110175911117
0.0908349465533149
0.0925789074993872
0.103402912212772
0.0970970457032365
0.0919627977443156
0.0997735880818311
0.0913601548691361
0.0970869455433103
0.100460398956329
0.0990531100075884
0.0879530342563726
0.0944710041242445
0.102938304856508
0.09290884605673
0.0988410066492804
0.0923466038212268
0.114398619644817
0.082078107903385
0.105887551552911
0.0892593216059367
0.0855996969952173
0.0904141065566932
0.0891010857671972
0.102672333978632
0.0943026681255787
0.0813475296692161
0.0937033919703936
0.0936124905311146
0.0879530342563726
0.0938043935695703
0.0932354178941353
0.0852798585977723
0.0963900345088859
0.093545156131654
0.0861518390707943
0.104544230283665
0.0916059254271602
0.0940030300479862
0.0944609039643183
0.0836840333305418
0.0844785792441769
0.081990573184072
0.108264455853885
0.0877308307381668
0.0887206464102519
0.0953295177173743
0.0867948825856502
0.0939457958084517
0.0917102937463312
0.0820646410234929
0.0894781584041766
0.0818491709452189
0.0910571500715491
0.0896969952024449
0.0946999410824105
0.0930367814157194
0.0847782173217695
0.0929054793367641
0.0847714838818376
0.0937841932497463
0.100009258479929
0.089838397441298
0.098484134332125
0.0884008080128069
0.0963530005891755
0.0938178604494624
0.0994975170440284
0.0916294924669785
0.0918247622254
0.084704149482377
0.0910302163117649
0.0926664422186718
0.0824181466206539
0.0885960777712285
0.0792062957663688
0.0824518138203985
0.0888923491288551
0.0887980809696103
0.0852933254776644
0.0855626630755069
0.0879092668967303
0.0905353084757223
0.0826201498190358
0.100096793199242
0.0968176079454679
0.0867006144264053
0.0876803299385642
0.0892492214460106
0.0916799932665811
0.0889899840080943
0.0833473613332387
0.0936293241309727
0.0896902617624846
0.0867948825856502
0.0863336419493521
0.0915150239878813
0.0848623853211166
0.0844785792441769
0.0965886709873018
0.0893737900850056
0.0807920208736732
0.0922018348623794
0.0887139129702916
0.0738767780489979
0.0888923491288551
0.0975818533793529
0.0827480851780251
0.0870642201834926
0.0910403164716911
0.0776845383385307
0.0900875347193164
0.0850374547597141
0.0867309149061555
0.0823508122211933
0.0967940409056496
0.0878183654574514
0.083727800690184
0.0875086272199326
0.0900606009595322
0.0894545913643583
0.0813576298291423
0.0884748758521994
0.0923062031815505
0.0755062705159446
0.081866004545077
0.0850374547597141
0.0875995286592115
0.0952487164380216
0.0828255197374119
0.0763917178688871
0.0861181718710498
0.0868958841848269
0.0813273293493921
0.0848960525208327
0.0847512835619852
0.0771458631428459
0.0829298880565545
0.0912019190303965
0.0797618045619117
0.091238952950107
0.0792702634458351
0.0899663328002873
0.0820646410234929
0.0819468058244297
0.0888317481693548
0.0832429930140677
0.0847714838818376
0.0839331706085318
0.0919493308644235
0.0852158909182776
0.0822666442218747
0.0980026933759746
0.0840442723676631
0.0894209241646422
0.0831318912549648
0.0748968942008332
0.0929458799764404
0.0816269674269847
0.0836604662907234
0.0762705159498296
0.0871820553825557
0.0871584883427374
0.0835863984513026
0.0884715091322335
0.0830342563757256
0.072577224139394
0.0809132227927023
0.0806203181550416
0.0830140560559016
0.0890101843279183
0.0888317481693548
0.079788738321696
0.0908888140728834
0.0850778553993905
0.081845804225253
0.0814687315882452
0.0881920713744648
0.0747150913222754
0.0877981651376274
0.0875995286592115
0.0850206211598561
0.0826874842184964
0.0813576298291423
0.0862057065903628
0.0867915158656842
0.0906935443144619
0.0934138540526988
0.0768462250652249
0.0714864068681038
0.0880338355357253
0.0738801447689639
0.0797382375220934
0.0819670061442821
0.0727859607777077
0.0784521504923816
0.0943329686053573
0.0778495076172021
0.0849128861206907
0.072897062536839
0.0727792273377759
0.0773579665011539
0.080549617035615
0.0745063546839617
0.0751157309990731
0.0800681760794646
0.0777855399377358
0.0885859776113307
0.0857444659540647
0.0813778301489947
0.0868622169851108
0.0856737648346098
0.0851822237185615
0.0800850096793226
0.0842025082063742
0.0705740257554055
0.0772401313020907
0.0871147209830951
0.0817986701456164
0.0866804141065529
0.0814518979883871
0.0723280868613756
0.0836335325309392
0.0797618045619117
0.0738195438094635
0.0727859607777077
0.0836133322110868
0.0784992845720183
0.0917203939062574
0.0655104789159111
0.0750685969194649
0.0732505681340001
0.0777855399377358
0.076839491625293
0.0726277249389966
0.0778124736975201
0.0844045114047844
0.0750753303593967
0.0755062705159446
0.079788738321696
0.0738161770894692
0.0787652554498948
0.0758597761131341
0.0725031562999732
0.0841890413264821
0.0727724938978156
0.0844449120444608
0.09335325309317
0.0787080212103319
0.0767115562663037
0.079664169682701
0.0850643885194984
0.0766812557865535
0.0795699015234561
0.0811286928709762
0.0788898240888898
0.0710049659119534
0.0765465869876323
0.0737555761299689
0.07978537160173
0.0826740173386042
0.0787012877704001
0.0821690093426639
0.077034761383743
0.079593468563246
0.0776542378587806
0.0776306708189622
0.0741562158067666
0.0798628061611169
0.0911009174311914
0.0806708189546441
0.0771761636225961
0.0670995707432098
0.0835998653311947
0.0754860701961206
0.0800075751199358
0.081209494150329
0.0763243834693981
0.0675204107398315
0.0755298375557629
0.074105715007164
0.070520158235837
0.0806640855146838
0.0733515697332052
0.0756443060348602
0.0726310916589625
0.0769270263445776
0.0731562999747553
0.0738868782089241
0.0756409393148658
0.0917809948657577
0.0734963386920242
0.0761964481104371
0.0773141991414832
0.0822060432623459
0.0741999831664089
0.0684731924922346
0.073789243329685
0.0810074909519471
0.0803880144769096
0.0714527396683877
0.080105209999175
0.0780717111354363
0.0725368234997177
0.0728701287770548
0.0750147293998964
0.080997390792021
0.0840745728474133
0.0652108408383185
0.0783107482535286
0.06776954801785
0.0746006228432066
0.0646721656426337
0.0714864068681038
0.070287854557705
0.0752537665179887
0.0738498442892137
0.074018180287851
0.0698602811211231
0.0914611564683128
0.0628878040569134
0.0672140392223071
0.0662141233902958
0.0602987963976034
0.079256796565943
0.0727724938978156
0.0723853211009384
0.0760112785119134
0.0751392980388914
0.0778394074573043
0.0638877198888963
0.0741427489268744
0.0697761131218044
0.0714864068681038
0.0652983755576315
0.0735165390118766
0.0714864068681038
0.0797146704823035
0.0723146199814835
0.0638910866088906
0.0670120360238968
0.0721328171029541
0.0728532951771683
0.0710588334315503
0.0670760037033915
0.0715099739079221
0.0771694301826642
0.0683957579328478
0.0670962040232439
0.0677964817776342
0.0718735796650094
0.0672813736217677
0.0653320427573476
0.0756476727548261
0.0739171786886743
0.0740047134079589
0.0724930561400754
0.0758867098729183
0.0682678225738584
0.0703686558370578
0.066365625789075
0.0653421429172738
0.0727152596582812
0.0673487080212283
0.0718769463850037
0.0703518222371997
0.0714258059086035
0.0679749179361977
0.0706480935948264
0.0723213534214437
0.077159330022738
0.072577224139394
0.0653926437168764
0.0632581432539325
0.0775970036192177
0.06515697331875
0.066257890749938
0.074533288443746
0.0681971214544319
0.0602987963976034
0.0684731924922346
0.0680287854557662
0.0716513761468036
0.0625645989395025
0.067857082737163
0.0663218584294327
0.0707187947142529
0.0730485649356183
0.0673554414611601
0.0619754229442151
0.0700925847992551
0.0701666526386759
0.0618643211850838
0.0617363858261228
0.0692206043262331
0.0650155710798686
0.0639449541284591
0.0699410824004758
0.0715503745475985
0.0685203265718428
0.0658437841932482
0.0717860449457248
0.0736141738910874
0.0749305614005493
0.0648775355609814
0.0636621496506962
0.0723987879808305
0.0658538843531744
0.0719173470246801
0.0683923912128819
0.0677628145779181
0.0728532951771683
0.0696212440030308
0.0701296187189655
0.0620797912633577
0.0707086945543267
0.0631133742951135
0.0660558875515562
0.0726883258984969
0.0654061105967685
0.0684664590522743
0.0648236680414129
0.0631537749347899
0.0654835451561269
0.0687155963302928
0.0690758353674141
0.0603863311169164
0.0691667368066646
0.0708871307129186
0.0618508543051917
0.0664194933086435
0.0720385489437092
0.0640998232472043
0.0627194680582477
0.0619148219846863
0.0639382206884989
0.064732766602134
0.0645812642033547
0.0664767275482063
0.0614131807087119
0.0667292315461623
0.0628911707768793
0.0722001515024147
0.0672578065819494
0.0620562242235678
0.0642008248464094
0.063167241814682
0.068779564009759
0.0619585893443286
0.0677998484976001
0.0662982913896144
0.0690691019274539
0.0623255618214102
0.0628878040569134
0.0603762309569902
0.0673823752209444
0.0623255618214102
0.0624501304604053
0.0677224139382417
0.072348287181228
0.0593998821647972
0.0667123979463042
0.0685472603316271
0.0699107819207256
0.0696986785624176
0.0683991246528137
0.0650189377998629
0.0646721656426337
0.0694259742446093
0.0624938978200476
0.0648337682013391
0.0639617877283172
0.0678402491372765
0.0654027438767741
0.0597803215217709
0.0670187694638571
0.0670793704233859
0.0608745055129987
0.0665305950677748
0.062955138456374
0.0608408383132826
0.0648438683612653
0.0636385826109063
0.0594705832842521
0.0621639592627048
0.0690960356872381
0.0618306539853677
0.0615141823078886
0.0624366635805131
0.0608374715933167
0.0669379681845044
0.0694091406447228
0.0621572258227445
0.0601910613584664
0.0635308475717693
0.0751258311589993
0.0593965154448313
0.0607263698341853
0.0592719468058363
0.0641974581264151
0.0601203602390399
0.0674429761804731
0.0639281205285727
0.0650122043599026
0.0660020200319877
0.0663184917094668
0.0618239205454074
0.0633726117330298
0.0538144937295044
0.0683957579328478
0.0620966248632442
0.0677257806582077
0.0624804309401554
0.0650728053194314
0.0671130376231019
0.0564708357882466
0.0681028532951871
0.0624097298207289
0.0639213870886408
0.066257890749938
0.0641402238868807
0.0583326319333537
0.0623625957411207
0.0580262604158008
0.0575549196195766
0.0619720562242208
0.0615444827876388
0.0626420334988609
0.0602146283982847
0.0661131217910906
0.0597634879219129
0.05945711640436
0.0589925090480676
0.0600698594394373
0.0604805992761612
0.0568883090649024
0.0628171029374585
0.0569994108240053
0.0605984344752244
0.0625948994192527
0.0578713912970272
0.0641940914064492
0.064039222287704
0.0567839407457313
0.0621639592627048
0.0637900850096855
0.0636890834104804
0.0650997390792156
0.0620360239037154
0.060665768874685
0.0599991583200108
0.0624332968605472
0.0636049154111618
0.0616252840669915
0.0634736133322065
0.0645307634037522
0.0616757848665941
0.0612919787896828
0.0603021631175977
0.0619080885447545
0.0533667199730701
0.0637429509300773
0.0656653480346847
0.0572889487417001
0.0681095867351189
0.0606792357545771
0.0592349128861258
0.0606388351149008
0.0613963471088255
0.0593965154448313
0.0670625368234994
0.0570667452234659
0.0572552815419556
0.0575380860196901
0.0542286002861658
0.0604368319165189
0.0601102600791137
0.0569017759447945
0.0612852453497226
0.0608879723928908
0.0647226664422362
0.0561812978705518
0.0585986028112302
0.0622211935022392
0.0586188031310542
0.0606388351149008
0.0580228936958349
0.0569320764245447
0.0649920040400787
0.0580228936958349
0.0587029711303728
0.0633894453328878
0.0552756501978138
0.0659919198720615
0.061217910950262
0.0584302668125645
0.056319333389439
0.0637160171702931
0.0633355778133193
0.055447352916417
0.0626117330191107
0.0643994613248253
0.056743540106055
0.0696683780826675
0.0578713912970272
0.0637328507701511
0.0570936789832501
0.0703383553573076
0.058713071290299
0.0570061442639656
0.0587433717700492
0.0589992424879995
0.0514544230283605
0.0610967090312329
0.0629012709368055
0.0559321605925618
0.0613694133490412
0.055198215638427
0.0608879723928908
0.0601809611985686
0.0554204191566328
0.0536764582105889
0.0545080380439344
0.0575178856998662
0.0604974328760193
0.0549120444406981
0.0576054204191507
0.0568815756249421
0.0569152428246866
0.0581104284151195
0.0614165474286779
0.0572148809022792
0.0564641023482864
0.0544811042841502
0.0648270347613789
0.0588241730494019
0.058073394495409
0.0557436242740721
0.0558143253934986
0.0598678562410555
0.0531849170945407
0.0588746738490045
0.0573057823415581
0.0517473276660212
0.0546629071627081
0.0586659372106908
0.060026092079795
0.0650425048396812
0.0542252335661999
0.0554776533961956
0.0620764245433918
0.0541612658867052
0.0562856661897229
0.0584538338523828
0.0533667199730701
0.0588881407288966
0.0550803804393638
0.0604132648767006
0.0552116825183191
0.0567065061863445
0.0506464102348332
0.0590228095278178
0.059797155121629
0.0574471845804396
0.0542117666863078
0.062850770137203
0.0535754566114122
0.0561139634710912
0.0585784024913778
0.0572047807423814
0.0560903964312729
0.0541848329265235
0.055767191313862
0.0561240636310174
0.0557335241141459
0.0516092921471341
0.0522725359818139
0.0521782678225691
0.0525789074993668
0.060578234155372
0.0579757596161983
0.056511236427923
0.055874926352999
0.0550702802794376
0.0535990236512021
0.0565449036276391
0.0536764582105889
0.0542286002861658
0.0546359734029238
0.0573562831411607
0.0599722245602266
0.0538178604494703
0.0603526639171719
0.0559254271526015
0.0641503240468069
0.0516463260668445
0.0586491036108043
0.0506497769547991
0.0588107061695098
0.0564371685885021
0.0544003030047975
0.0530266812558011
0.0551039474791821
0.0545888393232872
0.0582787644137852
0.0551645484386825
0.0525519737395825
0.0533263193333937
0.0604839659961272
0.0513567881491497
0.0541612658867052
0.0537841932497258
0.0530165810958749
0.0515183907078551
0.0553295177173823
0.0555651881154802
0.056743540106055
0.0508416799932832
0.0559018601127832
0.0552655500378876
0.0572855820217342
0.0562890329096888
0.0524274051005875
0.0571037791431763
0.0540939314872446
0.052821311337425
0.0549524450803744
0.0533667199730701
0.0525822742193611
0.0528583452571354
0.0548447100412375
0.0495219257638269
0.0583258984933934
0.0521345004629268
0.056386667788928
0.0539289622085732
0.0519526975843974
0.0521816345425634
0.0503400387172803
0.0544306034845761
0.0516530595067763
0.0511547849507679
0.0553261509973879
0.0521210335830347
0.0540804646073525
0.053440787812491
0.0555416210756619
0.0514308559885706
0.0509763487922044
0.0541444322868472
0.0562856661897229
0.0595311842437525
0.0536427910108728
0.0534138540527067
0.0537033919703731
0.0537235922902255
0.0524206716606557
0.0539255954886073
0.0491583200067396
0.0535417894116677
0.0512187526302625
0.0496969952024244
0.0548884774009082
0.0514914569480709
0.0537471593300438
0.0563563673091494
0.0577535560979925
0.0565348034677413
0.0538515276491864
0.0535754566114122
0.0540703644474547
0.0502525039979957
0.0535720898914178
0.0557166905142878
0.0506262099150092
0.0504646073563038
0.0518752630250106
0.0506464102348332
0.0533263193333937
0.0522220351822398
0.0556863900345093
0.0538952950088571
0.0480910697752677
0.0492626883259106
0.0524509721404058
0.0581407288948697
0.0486263782509866
0.0553934853968485
0.0503636057570986
0.0521143001431028
0.0508753471929992
0.0540905647672787
0.0562183317902623
0.0533431529332518
0.0502861711977118
0.0501313020789667
0.0522792694217742
0.0524745391802242
0.0515385910277075
0.0543935695648656
0.0560971298712332
0.0535754566114122
0.0528448783772433
0.0577973234576348
0.0518516959851922
0.0506565103947594
0.0512153859102966
0.0502390371181036
0.0556628229946909
0.0552184159582509
0.0511042841511653
0.0517675279858736
0.0541477990068131
0.0518819964649424
0.0492222876862343
0.0491583200067396
0.0556190556350487
0.0503097382375302
0.052373537581019
0.0565348034677413
0.0496902617624926
0.0504814409561618
0.050848413433215
0.0489529500883918
0.0542555340459501
0.0527102095783221
0.0514948236680368
0.0486735123306232
0.0510167494318807
0.0501986364784273
0.0495219257638269
0.0465154448278895
0.0482358387341151
0.0521244003030006
0.0509056476727494
0.0501346687989326
0.0544003030047975
0.0461619392307
0.0528684454170616
0.0491751536065976
0.054790842521669
0.0508517801531809
0.0504949078360539
0.0525721740594349
0.0516597929467366
0.0512658867098708
0.0515419577476735
0.0509191145526415
0.0524274051005875
0.0551241477990061
0.0487442134500498
0.0519223971046188
0.0557267906741856
0.0523600707011269
0.0520267654237898
0.0491583200067396
0.0511884521505124
0.0499393990404826
0.049215554246274
0.0542656342058763
0.0499023651208006
0.0513567881491497
0.0521075667031425
0.0483839744129284
0.0528987458968118
0.0517271273461972
0.0558513593132091
0.0532421513340751
0.0506093763151227
0.0525418735796848
0.0491179193670632
0.0508080127935386
0.0491650534466999
0.0464885110681053
0.0494377577645082
0.0481651376146885
0.0511749852706203
0.0491852537665238
0.0482291052941832
0.0486735123306232
0.0505824425553385
0.0531108492551198
0.0452259910782118
0.0509494150324201
0.0439432707684659
0.0473638582610931
0.048559043851526
0.0502626041578935
0.0491482198468134
0.0561307970709493
0.0498653312010902
0.0508989142328176
0.0503400387172803
0.0493737900850135
0.0487307465701576
0.0478755996969937
0.0492828886457346
0.0484782425721733
0.0531276828549778
0.0501346687989326
0.0499696995202612
0.0497979968016296
0.0485556771315601
0.0524476054204399
0.0485859776113102
0.0504713407962356
0.0517708947058395
0.0463067081895474
0.0519021967847948
0.0514375894285024
0.0511009174311994
0.0506531436747935
0.049107819207137
0.0487778806497943
0.05617456443062
0.0472359229021322
0.0512423196700809
0.0518819964649424
0.0545955727632474
0.0538717279690388
0.0489899840080739
0.0516530595067763
0.0488048144095785
0.0451451897988591
0.049178520326592
0.0467679488258739
0.0497878966417034
0.0495858934433215
0.0537336924501517
0.0473133574614906
0.0468756838650108
0.0468117161855162
0.0490505849676026
0.0515082905479289
0.0495219257638269
0.0498754313610164
0.0494209241646502
0.0485422102516679
0.0478755996969937
0.0502558707179617
0.0479799680161648
0.0458421008332834
0.0498047302415614
0.0465524787475999
0.0484748758522073
0.0496868950424982
0.049090985607279
0.0493165558454791
0.0492222876862343
0.0461855062705183
0.0464885110681053
0.0480675027354778
0.0462393737900868
0.0492054540863762
0.0487105462503337
0.0466602137867369
0.0494512246444003
0.0481011699351939
0.0442664758858768
0.0505521420755883
0.0502659708778879
0.0491751536065976
0.0481651376146885
0.0515217574278211
0.0458084336335389
0.0492997222456211
0.0521850012625293
0.0509022809527835
0.0451081558791486
0.0514476895884286
0.0512254860701944
0.0485725107314181
0.0489529500883918
0.0448421850012721
0.0472864237017063
0.0477611312179249
0.0483873411328943
0.0458454675532494
0.0474614931403039
0.046586145947316
0.0441284403669897
0.0526428751788615
0.0447613837219194
0.0462730409898313
0.0477308307381747
0.0463067081895474
0.046481777628145
0.0516227590270262
0.0445762141233956
0.0459397357124942
0.0478924332968802
0.049979799680159
0.0479193670566644
0.0466164464270662
0.052821311337425
0.0475254608197986
0.0474783267401904
0.0438018685295845
0.0487576803299419
0.0434180624526732
0.0452192576382515
0.0461956064304445
0.0466602137867369
0.0447108829223168
0.0486061779311626
0.0457713997138285
0.0512860870297231
0.0473941587408433
0.049323289285411
0.0470541200235743
0.0495118256039007
0.0482291052941832
0.0476803299385722
0.0477981651376354
0.0495387593636849
0.0470541200235743
0.0461619392307
0.0482526723339731
0.0454919619560599
0.0534710882922411
0.0444617456443268
0.0440072384479606
0.0480877030553017
0.0465087113879292
0.044276576045803
0.0424450803804461
0.0461585725107341
0.0461956064304445
0.0427783856577832
0.0498181971214535
0.0472224560222401
0.0449566534803409
0.0465423785876737
0.0447681171618513
0.045377493476991
0.0519762646241873
0.0446502819628165
0.0467208147462372
0.0443203434054453
0.0462360070701209
0.0468588502651244
0.044724349802209
0.0452192576382515
0.0470743203434267
0.047333557781343
0.0465558454675659
0.0473470246612351
0.0479968016160228
0.0451081558791486
0.0477240972982145
0.0440207053278527
0.0461585725107341
0.047902533456778
0.045168756838649
0.0477611312179249
0.0495892601632875
0.0474513929804061
0.0482829728137517
0.0464009763487923
0.0443641107650876
0.0466029795471741
0.0441149734870976
0.0455660297954807
0.043620065651055
0.0458454675532494
0.0441520074067796
0.0472291894621719
0.0479833347361307
0.0458488342732153
0.0459835030721365
0.0458017001936071
0.0448758522009882
0.0440981398872111
0.0473773251409852
0.0475927952192592
0.0463269085093998
0.0452360912381096
0.0430982240552282
0.0411623600707003
0.0457781331537888
0.0455660297954807
0.0448421850012721
0.0473571248211613
0.0431689251746548
0.0433540947731785
0.0458454675532494
0.0465188115478554
0.0425763824594014
0.0435628314114922
0.0459767696322047
0.0450071542799435
0.0456030637151912
0.0425326150997591
0.0448758522009882
0.0453707600370308
0.0458656678730733
0.0440072384479606
0.0447344499621352
0.0444482787644347
0.0449431866004488
0.0425965827792254
0.0422363437421041
0.0450542883595801
0.0447782173217774
0.0461619392307
0.0452192576382515
0.0463302752293657
0.0458757680329995
0.0442866762057008
0.0466433801868504
0.0458791347529655
0.045165390118683
0.0442631091659109
0.046141738910876
0.043727800690192
0.0452192576382515
0.0447108829223168
0.0433574614931445
0.0451586566787512
0.0440880397273133
0.0478856998569199
0.046569312347458
0.0431924922144731
0.0435560979715603
0.0441856746065241
0.0434988637320259
0.0436436326908449
0.0459027017927838
0.0451182560390748
0.0448691187610564
0.0444179782846561
0.042876020536994
0.0444482787644347
0.0442866762057008
0.0454582947563438
0.0452360912381096
0.0438557360491529
0.044404511404764
0.0426167830990778
0.0451014224391884
0.0457444659540442
0.0437816682097605
0.0418289706253745
0.0457612995539307
0.044155374126774
0.0441183402070635
0.0427783856577832
0.0439298038885738
0.0425730157394355
0.0455188957158441
0.0470541200235743
0.0469733187442216
0.0450913222792906
0.043195858934439
0.0410512583115974
0.045040821479688
0.0444146115646902
0.0470743203434267
0.0420208736638301
0.043727800690192
0.0431992256544049
0.0431453581348364
0.0424450803804461
0.0433136941335022
0.0423003114215987
0.047242656342064
0.0431520915747967
0.0441149734870976
0.0425965827792254
0.0462057065903707
0.0438961366888293
0.0429063210167442
0.0430376230956995
0.0430645568554837
0.0431655584546888
0.04285582021717
0.0442698426058428
0.041458631428327
0.0429063210167442
0.0425023146199806
0.0427312515781466
0.0433069606935419
0.0421454423028536
0.0457074320343338
0.0405294167157706
0.0418289706253745
0.0417818365457663
0.0429231546166307
0.0462124400303026
0.0434146957326789
0.0420915747832851
0.0431318912549443
0.0463403753892919
0.0419097719047272
0.043852369329187
0.041010857671921
0.0456872317145098
0.0427447184580387
0.0438624694891132
0.0434315293325653
0.0425460819796513
0.0458555677131756
0.0426336166989358
0.0431116909351204
0.0422531773419905
0.0437749347698002
0.0417380691860956
0.0434416294924631
0.0423036781415647
0.0453471929972409
0.0438658362090791
0.0424013130208039
0.0438153354094766
0.0429568218163467
0.0465188115478554
0.0401456106388309
0.0427144179782886
0.0422565440619564
0.0467342816261294
0.0423945795808436
0.0433608282131104
0.0425460819796513
0.0423003114215987
0.0454145273967015
0.0438624694891132
0.0422329770221381
0.0430510899755916
0.0389672586482561
0.0428962208568464
0.0448219846814197
0.0424450803804461
0.0402230451982177
0.0440543725275688
0.0461282720309839
0.0437985018096185
0.0428995875768123
0.045380860196957
0.0417818365457663
0.0417044019863795
0.0429265213365966
0.0436772998905894
0.0409603568723185
0.0420006733440061
0.0405260499958047
0.0438927699688634
0.0424652807002985
0.0429164211766704
0.0427144179782886
0.0421454423028536
0.0429366214965228
0.0406640855146918
0.041970372864256
0.0443742109250138
0.0423373453413092
0.0420646410235008
0.0422060432623539
0.0441318070869556
0.0428793872569599
0.0422397104620984
0.0431150576550863
0.0411387930309104
0.0440543725275688
0.0438018685295845
0.0439230704486135
0.0402432455180701
0.04135089638919
0.0448590186011302
0.0422969447016328
0.0429265213365966
0.0409670903122787
0.0420882080632907
0.0432463597340416
0.0424349802205199
0.0434921302920657
0.0399739079202277
0.0414619981483213
0.041458631428327
0.0430073226159493
0.041135426310916
0.0403577139971389
0.0404048480767756
0.0403004797576045
0.0427783856577832
0.0420814746233589
0.0442900429256952
0.0428019526976016
0.0405832842353391
0.0381255786550128
0.0446536486827824
0.0426235165390096
0.0400479757596202
0.0426504502987939
0.0444516454844006
0.0418357040653348
0.0392971972056273
0.0415832000673504
0.0426773840585781
0.0412768285497975
0.041579833347356
0.0400311421597621
0.0419838397441481
0.0418559043851587
0.0416101338271346
0.0414922986280715
0.0401792778385754
0.0451283561989726
0.0414922986280715
0.0414687315882531
0.0420781079033929
0.0450677552394723
0.0400984765592227
0.0423878461409117
0.0412936621496556
0.0424181466206619
0.0427480851780331
0.0416067671071403
0.0409098560727159
0.0418020368655903
0.0404486154364179
0.0398594394411305
0.0432598266139337
0.043212692534297
0.0400681760794726
0.0410647251914895
0.0408223213534313
0.0403846477569232
0.0406102179951233
0.043088123895302
0.0413980304688266
0.0415259658277876
0.040441881996486
0.0410647251914895
0.0417717363858401
0.0404048480767756
0.0402466122380361
0.041031057991745
0.0393746317650141
0.0417111354263113
0.0397012036023909
0.0388763572090056
0.0396877367224988
0.0421050416631772
0.0396877367224988
0.0411118592711262
0.0400075751199438
0.0444213450046504
0.0407852874337209
0.0403442471172468
0.0397382375221014
0.0404486154364179
0.0397079370423512
0.0381255786550128
0.0408559885531474
0.0412397946300871
0.04065735207476
0.04135089638919
0.0399907415200857
0.0423912128608777
0.0394722666442249
0.0414619981483213
0.0409670903122787
0.0407718205538288
0.0404115815167074
0.0402398787980758
0.0408963891928238
0.0401287770389729
0.0414283309485768
0.0391389613668878
0.0399907415200857
0.0417044019863795
0.0407886541536868
0.0393678983250538
0.0392601632859169
0.0401725443986152
0.0405597171955208
0.0381087450551263
0.0418357040653348
0.0402163117582859
0.0423979463008095
0.0410007575119948
0.0389672586482561
0.0404250483965996
0.0431251578150125
0.040034508879728
0.0404149482367018
0.0403442471172468
0.0400513424795861
0.0387888224896926
0.0407886541536868
0.0397012036023909
0.0402028448783938
0.0394520663244009
0.0393948320848381
0.04285582021717
0.0406809191145499
0.0399873748001198
0.0418188704654483
0.0384959178520319
0.0416640013467031
0.0386406868108793
0.0385531520915947
0.0385262183318105
0.0380952781752342
0.0384959178520319
0.0403610807171049
0.03937799848498
0.0401658109586833
0.0412195943102631
0.0404048480767756
0.0391928288864563
0.040798754313613
0.0405900176752994
0.0390682602474612
0.040994024072063
0.0391019274472058
0.0431621917347229
0.0391423280868821
0.0384824509721398
0.0428053194175675
0.0405428835956627
0.0407179530342603
0.0394284992845826
0.0385262183318105
0.038048144095626
0.0392197626462405
0.0398022052015961
0.0388056560895507
0.0405159498358785
0.0368428583452669
0.0392769968858033
0.0400412423196883
0.0382265802541895
0.039893106640875
0.0380582442555522
0.0394486996044066
0.0387113879303058
0.0394924669640773
0.0377990068176075
0.0397685380018515
0.04065735207476
0.0397079370423512
0.0400311421597621
0.0382299469741554
0.0379033751367786
0.0414148640686847
0.0389638919282902
0.0402735459978203
0.0413374295092979
0.0372939988216672
0.0399537076003753
0.0392096624863427
0.0388325898493349
0.0406506186347997
0.0389571584883583
0.0378562410571703
0.0396608029627146
0.0395968352832199
0.0382164800942633
0.0390110260079268
0.0404216816766336
0.0373916337008779
0.0403072131975364
0.0403947479168494
0.041243161350053
0.0391726285666323
0.0389504250483981
0.0387787223297664
0.0394520663244009
0.0397382375221014
0.0399739079202277
0.0389100244087217
0.0393712650450482
0.0370111943439042
0.0384521504923896
0.0399267738405911
0.0387416884100844
0.0384353168925315
0.037832674017352
0.0378495076172101
0.0383242151334002
0.0400681760794726
0.0373209325814514
0.0372771652217807
0.0396372359228963
0.0393005639255932
0.0384757175322079
0.0375094688999411
0.0379067418567445
0.0423474455012354
0.0421185085430693
0.0361627809107006
0.0394958336840432
0.0375296692197651
0.0384689840922476
0.0373242993014173
0.0387315882501582
0.0383040148135763
0.0405933843952653
0.0385026512919922
0.037071795303433
0.0410579917515292
0.0363311169093663
0.0409805571921709
0.0394486996044066
0.0370280279437907
0.0389605252083243
0.0392163959262746
0.0376374042589021
0.0381996464944052
0.0402937463176443
0.0381222119350184
0.0388123895295109
0.0386103863311291
0.0374387677804862
0.041010857671921
0.0376576045787544
0.0404486154364179
0.0380279437757736
0.0388797239289715
0.0392197626462405
0.0380313104957679
0.038405016412753
0.0376374042589021
0.0374758017001966
0.0376811716185443
0.0377552394579652
0.0378259405773917
0.0389436916084662
0.0386709872906295
0.0402163117582859
0.0399604410403356
0.0376980052184308
0.0373781668209858
0.0369135594646934
0.0354456695564522
0.0396372359228963
0.0374589681003386
0.0353985354768156
0.0381188452150525
0.0351931655584679
0.0374455012204464
0.0384555172123555
0.038297281373616
0.0370145610638986
0.0379740762562051
0.0381255786550128
0.0375902701792938
0.0373579665011334
0.0382669808938658
0.0387181213702661
0.0371020957831831
0.0360415789916715
0.0369371265045118
0.0375700698594414
0.038846056729227
0.0370280279437907
0.0396574362427486
0.0374051005807701
0.0387248548101979
0.0381255786550128
0.0367452234660561
0.0382568807339396
0.0395598013635379
0.0363378503492982
0.0389908256880744
0.0358597761131421
0.0373512330612016
0.039718037202249
0.0383174816934684
0.0371458631428538
0.0382030132143711
