7.69957520963477
8.35247445820496
7.35885447430194
6.92151652124166
8.48685211806574
8.62570216707922
6.71385572663138
8.15757039609788
7.7034342969631
12.1297744453172
13.4563376768952
12.1441548612709
7.15513544018925
8.17027878639415
8.07031703130733
7.55528144805159
7.94701962390581
6.38573110680108
6.19180816182801
8.91736865899263
7.01900132332892
12.27723922457
8.02692738545629
6.71082864487095
7.71144514569028
8.93390815257849
8.16525619032932
7.75343286583713
7.35326984634535
7.97000597751541
8.91179631375558
6.41291521202907
9.22279519110425
6.88656380872674
7.41914673885621
7.70358720134214
8.2086708595771
7.55228799265314
8.02430955783296
10.7278353462755
12.419062794034
7.52870630408508
11.4283637346702
11.7636782632217
9.20229169611994
8.06628840234013
9.6314448503073
6.67152331544754
8.67401164664866
6.84455205632353
6.91132738174646
12.8166086332224
6.94637597982537
7.93983273580098
7.14176413939127
6.93053553350533
6.93297895689132
11.5666950598351
6.73542309878592
11.5825086274735
8.23147754831639
7.47468393808803
11.8858485521709
8.86322423088961
6.35007264403062
15
8.68556604249165
7.95688594988729
8.7615265334961
7.03507934981288
7.18783997523196
7.12157974059626
7.6252028740491
8.84541693012973
10.6558949881738
11.3578786201829
5.34505274604841
6.57000920028443
6.88802798398749
13.0372934685651
6.63019585897813
8.62378792986545
7.93670581797226
12.218774001989
7.0516503236078
6.2379062187058
8.41431192676753
11.2778910304481
8.57246598860029
12.2215785837822
7.50152262696055
7.97478856972879
11.8392881694197
9.38907143027234
8.00385939881042
7.94625143598806
6.37449315520784
13.1120874471302
7.10685239245322
13.1296406197749
12.2677520599889
9.30288785961439
7.74231701817736
7.36805563924342
11.0587852100347
7.03943965760461
8.75738758055063
8.19117445879493
11.170625302169
8.98006586450204
9.03915377977795
6.6435879477038
7.96272882413779
7.65652240295342
11.7542166973649
7.75893190454677
7.24634191484623
10.7724092502466
12.694392007844
9.3985175237299
6.39744619407044
7.69351668315952
7.46132450351907
11.8496960292425
7.36705951632805
13.6990563182763
7.63656597803431
11.6392250667556
6.04809840181872
9.4892759759912
12.930532851573
12.3386057450769
12.2100134337203
7.47120005114057
8.81727140023944
8.58239906028842
6.57928847373219
12.3889150710109
12.3774566931514
7.49408025678846
7.03362510581971
7.6794847268102
9.33103278104296
8.36457907129279
8.41377328606587
7.108261760214
12.2676955710861
8.27218357217195
8.0316376581916
8.04258929933683
7.20803011584558
6.71762408934755
7.89564429363494
12.1366442905494
13.0158660942736
8.46065264185495
7.15913143035145
7.32277458766685
7.89863626368845
10.7257668163216
8.24655519192624
12.1932422695124
11.4775325428711
7.72069838960055
11.4363397650225
12.1349272597057
8.25597969115782
12.5707512060844
11.9351477212094
7.87116990827908
9.59477258802096
7.76076985000407
8.04529897624166
8.61321873960662
12.7261886729355
6.97924444169019
9.19266110959979
7.48781679528636
8.04366707939568
8.58334556266093
9.04881654737018
6.95376676535996
7.69018395951431
11.6586638399257
12.9024438710988
6.39145366741231
6.1617752108243
7.46995473569662
7.25872624691897
7.93655651487471
7.01230122633297
6.67674747165911
8.73219877093126
7.41217611357996
9.76549311888412
7.63110259982901
12.6402026735602
12.3547939696958
5.92059874732814
12.8866296243586
7.95295881504261
7.49635341296038
8.25303489858789
11.6199295203616
8.3557417375628
8.52065126491877
7.69546866377558
7.74290230285533
8.6830465814244
8.18694822837628
7.52595550121587
9.96006740552966
12.3339919442511
6.4230620095767
7.27198952747158
7.23382321069406
6.83117712345129
7.60416255816731
12.2051012550663
7.4606752437833
7.10004639882037
6.8050145701902
7.8294427377232
8.28112991830091
12.0394573173808
8.61928161997368
7.2589630368001
7.27586533647957
7.40076192265445
7.33000118582878
8.94749025702538
11.5103572554916
7.51980334250101
6.78153389617003
8.23285886697501
7.78721736286085
7.33438342698648
6.55078882706505
7.13324648619385
11.0616228694495
7.31818831118644
10.5706687186036
7.72807219918805
7.95764857717249
9.78540834355164
7.05260861416946
5.47146611930505
9.65925465189254
13.4041913678162
6.98375004247969
7.24144984403669
8.0026707208728
8.73677310294244
8.45739983561755
7.28562193694459
12.3670305650694
7.64022897758975
7.42345017794359
12.4742903102697
10.7629359181459
11.9118456394769
8.9056963422839
9.68036935444051
6.70927393253673
12.1374312880124
8.78519881127723
13.2362397853457
7.50206026519182
6.11139198524798
7.59134985731459
13.1729714154102
7.84412194172715
12.3769362823234
11.9130334051293
10.0451625160831
7.14822272679139
12.3081256920692
7.02704202750014
5.33700751666005
8.70655752496269
8.2823169634146
7.13820348759623
8.19801425930742
8.87015112489645
6.93913103095145
8.13316007850815
9.25559586732125
8.45839817577576
11.3406199312456
8.86509873906558
8.7189969100883
11.1362091551635
8.94760478437658
9.19743183994681
12.053147562727
10.4650566480856
6.12755660681829
12.5862646933798
7.16303055122534
6.15474309058532
6.81356571025864
7.93827929502462
7.07343940738564
7.49175823672714
9.15479484327737
7.64500151314334
12.4080147043034
9.74962227945482
8.74483605469876
7.96779418662381
11.9006865878477
6.79423478675765
11.7795119182528
8.02855248538336
7.3614414453772
8.76103632507517
7.76050857087452
12.8934591429974
7.50716194666576
7.27089546915955
12.7784460155624
8.6179464480107
7.78684194252436
7.87686001511522
7.24488547454278
12.4454232055444
12.1970740917552
6.58960132068939
7.67386394336084
8.54895104655859
6.96081228908373
6.98932394454644
8.22761944992682
8.38929218928408
6.7289784652421
7.91239279403004
13.5617089388611
8.68890989733149
10.8804107311269
11.3154950909386
12.2976047339583
11.7630012556762
6.7197319855172
7.49564545179376
6.27868215875724
7.58637192922284
7.4971979852161
8.23592481461682
7.60182059936152
7.23365134293643
6.89101180563751
7.44582571895315
7.79849022888581
7.00478886268863
7.69285167355444
7.83284126030562
7.59522826334116
7.29386086750095
12.8031879015432
8.51292234451803
7.6493622526366
12.3804709397873
7.59815076058244
12.437032181721
7.40159294446591
8.92754949107352
8.16474028077337
7.50546264995818
7.76932229480225
12.61528256721
7.87120239554247
6.51265139912571
7.972804805298
11.4543913950204
12.8590752516171
8.49516457217692
9.26836552144354
7.8993510504842
7.71344310963916
12.2630974115021
8.4742458128056
8.62323905032923
12.3856411335557
6.3390827450263
12.2328916834351
10.3162865855723
11.7976689560155
7.7352568312656
8.15765974523395
7.89167737912121
7.78310391011163
7.6738366951624
7.11832343797057
8.22413932701505
9.11833975617748
9.17760654975315
7.88628136627819
8.37976291634192
6.99161049136505
11.6835079001049
8.37908613533249
13.174152910583
7.7523350822165
7.09803559280819
12.6234510068028
11.1228989941688
13.8692374352413
7.38889528895711
8.08580044597274
11.218077296121
8.33859226649928
11.3628240733749
11.22058933043
6.64980730916948
7.95732684451007
6.6630289502616
11.2362411459111
12.0361276686292
6.58370505209199
8.8541714344506
6.6660895774136
8.7795127711379
7.20324935838634
11.7368578655079
6.57372154611612
6.26351000866159
8.47068961544034
11.391811870497
12.8188458482301
12.9874513035053
7.32868842668426
7.03288512522311
8.18117732598748
6.22424278506232
10.5172844154602
6.14723737058242
6.41788871891074
8.16109800746455
12.3627699667896
9.2527333264621
7.5897286651233
6.82104362858272
8.20985195510407
8.2395909524264
12.4774944203303
7.08626484612659
9.676728529624
8.52506190333755
8.36977805534562
7.57318656864016
7.02355313427944
7.13856706403489
11.6044490967937
8.72133013966296
12.0990919742316
6.57888202599494
7.82420051377333
8.2165393417663
7.49524490978116
6.47555329811119
7.8037331601348
7.85037934982629
8.54530469823711
11.6492613444354
11.0307728407715
7.97224111526676
12.3566793659313
11.9144001308651
11.8943576949493
8.45353916769927
11.1412252342163
6.63478608020357
8.46372028921354
11.1927110456151
6.88021245090472
11.7071823231408
9.4670313898609
8.05967687346481
8.26991167123983
7.37372214387634
6.65468856127132
7.20005235200932
8.74422728062977
7.76340055796421
6.88893337105104
12.4261796249217
6.69332847361449
7.63075098304789
7.3703532900768
8.68554644017006
6.68681128488516
13.1902568522318
6.89852514148008
12.193624963312
7.1660649740106
6.78297399979091
6.54386872073122
9.98419492255687
11.9031322561732
12.426481033316
7.56051129381933
6.94728289777644
8.83128355806748
7.2461625604011
7.10559027646545
8.61459880240298
8.3095491382339
8.6582974453203
6.23521712244404
13.8986776227869
12.8896093416773
5
7.91769136647293
7.3432988560567
12.9379819265665
8.13598595065567
9.14249655382661
7.98532375348169
7.54139007098923
7.87593731784899
6.18386725545389
7.47930026316723
7.3280980924427
11.4638789145199
8.9703702939997
11.0734573958454
7.49126630884424
8.53771894237875
5.84659909520941
6.14950963069451
12.9682721840089
9.52302790688423
6.36168570510009
8.193542306627
8.29667191881861
7.72134498979857
7.70881493867086
6.68164768554216
7.38697163840857
7.59499014301636
6.97438614879222
11.39777704576
8.3709949616392
7.84209691222096
7.65214960095161
