17628.7651062169
8384.69112850481
-2869.00389723626
19016.931798968
4635.5156397014
-12437.4733704296
9166.55880411498
-3022.7756780141
10339.5018964315
6410.34247597051
15491.2208673838
8967.54832455983
11504.5527316901
8760.11202111582
20924.826205607
6351.01528471622
3508.55618162306
12669.4641608566
4516.204763629
12829.4644563068
-3575.76305716724
2289.30642452373
19970.7155330335
7313.35165764372
-4683.94834104481
14109.4578526147
16900.5749965029
17044.7287711213
14655.5192192514
880.076737609362
19174.2917834527
19576.2262713884
-1856.3963864861
1727.96107949767
-2564.6091447511
8447.83320214622
666.978552099989
-6281.24355085506
5151.88398281925
6046.39351182841
7003.94607454471
-4778.90403315049
-512.608550335619
8962.55306790088
-11586.2183963317
6462.63867285245
15168.7207604304
15385.389840779
12520.3747076018
19658.1158778039
4214.53793394231
16183.2562080478
-2130.57040882308
19487.2351602843
5539.82183326923
-4831.22538269038
21893.5690685955
-153.806709478315
9342.02760883578
9913.06640252438
29248.3024635115
13030.4993990621
-1440.33912303145
15587.3595845551
-1882.89521413965
6725.10740071961
12743.8416373523
-2182.24798053172
17137.7859277994
-775.99553411588
7719.88495344024
9067.12585660752
12970.6357379368
8082.58937828491
12609.0549163154
17493.9943653947
21705.9644114808
-2677.71361924394
11335.9888474592
7756.72085113057
3231.88239257071
17166.2323391647
-4399.07607993825
8736.82788440079
-9287.81775940493
14748.3784499318
1840.07551379439
11993.5961382411
-6946.12950570018
460.987676390013
4691.67476575897
866.936899804909
10218.4137805188
8221.80843019446
3181.55170165932
27320.0451374423
23653.0653075784
-6356.83608706353
13738.1895200648
6287.48398672741
11512.2447197329
-1518.73060815968
102.153910312201
-1709.85999002713
4157.39057472112
24302.6083995844
29471.8470819194
501.862729193216
10280.5390478229
6826.6403796199
-546.492816560288
4198.28593342514
8436.60022403799
10348.3928232836
-7923.197886183
3001.47406391955
-2104.42526402882
4779.81974758628
12281.3888603294
5160.53007555912
-2939.74404052087
11439.0836048961
13945.8763363745
1055.94071094079
18728.8458932778
2015.9569112961
23522.2107878622
17648.8247431762
3522.72563183621
-14824.4545632002
-6265.36961994201
16766.6033250016
14664.3087572016
6679.29336711136
1782.94638643887
7352.08108244252
8504.42394545927
9935.35119231504
898.565979552998
1919.53255625154
-9915.47978525924
-1193.0225224606
-1687.34717335652
-1776.21712207502
4504.83977153033
-622.878876965766
19620.0288854994
5081.03997278249
8203.41978639108
-274.778899110009
19853.775499039
4166.0141253214
11230.4223100225
12490.7797365386
15998.2430733821
3319.66858893856
304.994039209903
13512.3863507364
19868.8370314121
9340.32319664084
8169.99943041183
13217.8130568303
-8745.96326203325
19505.0027570682
7304.15024792135
17826.0800636566
-7401.50111579278
14588.2588689902
3723.96583008979
7262.66360240464
10171.3020434298
22672.0493220952
1637.10116250079
5353.36870625395
22197.4174801197
-6029.43592174592
3138.69556365389
3039.37831278261
10937.4564449896
-9997.76265379468
21060.1097429812
14016.5515446985
27796.8713686047
-3362.11662742469
18055.0270573707
-14080.0906651322
1792.69710957441
8304.36197415146
12525.0832589193
14870.0496467819
6233.55347330274
18973.0278568451
5331.38228114416
21514.5290992226
151.694217938832
-2070.8526995089
1065.40405468078
17536.3458883791
-12345.3639364491
-2048.9058566475
4336.23014809243
-3812.33154047946
-6592.30256598519
7652.99695989427
9105.51314879364
-2913.87233633409
2164.75452136378
2644.31643303125
14949.6092478545
8006.60935055164
2000.09925743363
11794.2360806406
4410.62180909869
6328.0772578381
901.500337519643
13605.5220845548
11896.1885357126
5768.72921125917
3802.66192532201
16078.7247324587
8270.20997806781
14137.9924898032
278.935641384762
11910.8618817189
18471.5693484915
290.800881614539
9997.29133771482
6194.18851203161
13535.5318976816
20172.4545541709
23750.4228303276
12224.0625675486
23212.0626605064
22401.0444462538
15498.9239536943
-517.961553959167
2290.14896130463
11285.8268125812
-4028.16898353549
-1290.54566300712
12268.5045551533
4527.10830229407
-330.691363704493
4370.45904775779
4797.28154897384
5690.86362644564
6468.49836153366
13927.9530826255
12025.3655958597
29213.9677803936
17976.9489820233
4399.04518565589
5920.58541841852
1239.25715566965
731.246384847208
9899.01969572279
5553.07851460965
16112.8523107543
16705.5485917896
18066.0988105251
-1684.63769843701
-2297.07739036891
-4352.98766921322
12148.4810466072
18028.7311065166
23006.6903229767
12228.2926119505
17054.7241963751
15666.2429230498
-440.530528193006
-6801.25241060654
8514.95661259847
-4280.0592766691
59.4762752170781
18788.3145011367
6512.5144736953
-1.92190690397002
-1793.37989330121
2546.06967959907
5272.31904403232
19827.8684024804
4309.09327746471
-782.285997940208
6694.55344609178
11649.2185602198
29008.7859196176
7654.34248537211
15876.296456875
1524.12030806037
16205.6121226763
-13056.4405241206
30415.7398060357
9193.00042973164
9214.12624122054
20984.8162432097
-4749.09004519219
14021.2985480286
-1556.04421184495
15735.2029455137
22701.9347336616
9857.94539650255
3235.10154450186
5412.31538735971
8618.14643835762
25504.0860707639
19692.8455439576
25883.7773634978
-2707.40542088348
30741.3872843875
-4199.20874333145
513.634990545216
1425.57785136805
-4064.35550199585
19313.6029416394
4657.26763966669
1594.79658332132
16617.1505384463
2461.47674215758
3614.46080592461
17042.6472178116
3273.43763743933
23434.1973939881
-3646.01050521852
-9329.97407536495
-4743.03073912498
31104.8588462223
-37.8750132295232
4449.65787078998
12330.3933239053
24645.5398645501
-4023.57394571485
-3404.87591048283
6514.59471490006
12534.3415164308
6448.02447394954
8408.55466129528
6411.71424026152
13508.5253946598
4653.07286727001
-2047.25472317563
3663.55208488576
908.700200383773
9430.3190963101
-2289.21017695353
3738.44386826047
16217.1297614799
19847.6051637642
1887.34947483064
13832.2983785607
17801.5940208034
-10365.5665835864
5817.18049977224
27887.0437790328
19275.8613460267
1224.55621284551
19320.897229357
4165.37626990546
-2376.47117181348
-6467.18177290185
1209.52847401812
1236.57371229594
783.255296833023
4493.02252964021
10633.3406068605
23967.3474813213
17422.0118735991
-13853.8326550508
19382.3487961496
17867.168725228
-6131.82315650678
18689.7508476495
-788.65767988487
7611.91774729258
395.578232739332
15398.8055845655
-3954.91577365599
-1335.00697760648
2149.0957074562
-6671.14787231967
4795.15024093325
22362.1742972392
3914.27566524941
3927.34552862293
9428.48894930105
-1370.54574564349
6517.78068508116
20144.8629276934
11087.8613504835
-2086.16261511768
5598.36280717716
290.826967136771
2367.19505865327
-807.19895289291
6962.28720556099
9655.83588229374
8827.90884511484
15616.207881253
20629.6636771112
11140.3625396847
10395.4857753904
25152.301128601
18035.301423371
23085.873435375
2488.99386228007
17033.0090445754
14406.9575696105
4506.55246977433
4071.38844313357
2817.10703109751
4181.42161191335
-8011.79227091527
2144.64112050935
10064.1201724071
21422.3330713041
3809.28809119068
17981.0536248639
20930.4502256982
25395.3510538633
15085.5696716269
-1679.02717823107
18926.7695156219
13252.854796385
28378.6899976734
20856.1822532667
12315.1185560816
12908.0922247302
16968.7198114114
2371.83852165441
-2370.27362743155
15536.2554077593
10971.3416346501
11614.2077746336
-4964.64810736702
13806.4325443579
8629.79806594859
2431.51856277776
6655.96804347633
12125.1934347681
920.193441482571
3429.96017759209
18980.1760455862
25041.0867944713
13500.8708501824
-10463.1688433412
-3144.74615699344
1119.50978497442
16512.994927964
2058.91853874742
24607.9349688219
5963.05890090021
-4094.06038534003
5055.87498486901
-4535.43537062948
-1851.69456886971
5173.44967371205
-3218.10076938257
7435.08712663302
-2708.78025431591
1659.6614188951
17841.9061767373
-2718.370099214
24015.6493251644
-2478.75934986699
19475.87224379
30013.8243284872
3294.70992696254
-4975.00343740312
5439.544721252
4715.71962177473
2631.94589414881
20567.8264569938
24127.7439975766
-1172.54945923502
17514.8081751816
22535.5722861138
-1585.22850709873
12260.7140620569
-15163.7636094084
13099.3913960229
1379.78624360924
25835.8535199989
1087.84916306339
-11661.7370836072
18240.9039410196
13312.0298223695
-4688.66699276347
-3555.23487688538
-7798.24097564088
5961.85133717949
7364.84362958276
20425.6436074328
1432.65165472369
12668.6097453807
13925.9812079109
-2615.06809274477
12647.0313792752
21906.9839355545
-2256.13600313322
22541.8211610187
11085.2890265746
6859.9060864969
20802.5506502392
-389.706501691324
-2405.15908786444
6922.09749170726
17654.6724833706
4560.52666174877
29988.3861633602
20753.7193812262
7133.29117426533
2999.69149149107
14573.1393345397
11464.1790407611
-337.290846087483
-680.215408252279
16643.8019678133
16853.5465722868
9438.99068305242
18635.1637954993
6187.13709577366
6591.59840135305
7783.53399270025
6550.30312519138
2297.92959927637
-1109.5277536534
16059.9111876143
2499.32746067232
-3347.46629059782
18052.7925283235
2543.40103965205
9035.83443414041
6809.19645269161
-2807.87805209796
12784.2524649775
-6606.60524883296
-15400.8286879876
3818.95111127052
7304.90985851848
4393.75936914152
17241.1205656311
22044.579208352
7848.8096192552
17398.6955407731
8361.12251808057
19014.0928472469
