2.94529500883766
3.36004460903965
2.68116572679068
2.91442218668462
2.89297954717617
2.5593140308055
2.73383469404934
2.04743792610051
3.00325645989395
2.21803636057572
2.60966332800271
2.7905134247959
2.5987753556098
3.22220099318241
2.76739079202088
2.46674606514603
3.23749936874
2.80305108997561
2.69640350138877
2.55728053194176
2.76229694470163
2.38797491793622
2.73318155037455
2.58420082484639
2.52910445248716
3.41209746654323
2.52149903206802
2.21686810874508
2.40979463008165
2.3832884437337
2.7701885363185
2.6556998569144
2.77271020957832
2.62825772241393
2.06631849170947
2.71856661897147
2.52196027270432
2.5028507701372
3.08589596835284
2.30534550963725
2.50220435990238
2.44119266055046
2.68751872737985
2.4452630249979
2.46200909014394
2.17541368571671
2.87506186347952
3.22630502482957
2.8851384563589
2.33250820637994
2.53837976601298
2.39129113710968
2.50259153269928
2.40416884100665
2.5594251325646
2.34702550290379
2.48807086945544
2.66365878293072
2.02691776786466
3.04514855651883
2.3548396599613
2.65837303257302
2.30429845972563
2.60956569312347
2.36212187526303
2.63721993098224
2.24496675364028
2.25632606682939
2.74580675027354
2.72741772578067
2.77772325561821
2.45769632185844
2.64619223971047
2.90394158740847
2.26744297618046
2.53360912381115
3.22189798838482
2.42451729652387
2.83427741772579
3.02710630418315
2.61852116825185
2.06362511573101
2.06346687989227
2.89239373790085
2.38723760626212
1.95583620907331
2.59528406699772
2.73318155037455
2.1809889739921
2.56441124484471
2.33597592795221
2.10191145526471
2.20446174564432
2.45618466459052
2.11990657352075
2.74168925174649
2.58216732598268
2.67219341806245
2.51148640686813
2.75613921387088
2.49270010941839
2.06816345425469
2.0306514603148
1.93314451645486
2.12217910950258
2.91902112616785
2.44596330275229
2.39326403501389
2.09544398619644
1.91493056140055
2.48469404932246
2.17573689083412
2.31540863563674
2.68662317986701
2.08576466627389
2.60321942597426
1.76409813988721
2.65743371770054
2.18149734870804
2.13315124989481
2.29699941082401
2.20184917094522
2.06561821395505
2.37906657688748
1.74994108240048
2.10639929298881
2.20887888224897
2.66933170608536
2.19840164969278
2.67602811211179
2.50966837808267
2.34384731924922
2.30868192913056
2.26968857840251
1.90995118256041
2.23076256207392
2.21803636057572
2.06778301489774
2.05562242235501
2.11990657352075
2.36566703139468
2.0053135257975
1.93987795640098
2.19363100749095
2.54696153522431
2.48141823078865
2.06073646999411
2.28020284487837
2.14767864657858
2.51843195017256
2.05017506943861
2.20442807844458
2.31193081390455
2.21451813820386
1.91918609544652
1.95463765676291
2.18762477905901
2.06362511573101
2.05839659961285
2.61862216985102
2.03555677131556
2.26438936116489
1.69875683864996
1.83172207726622
1.67889992424881
2.14846982577225
1.89433296860534
1.67904805992762
1.86059170103528
2.17187526302502
1.87230451982157
1.70724770642204
2.41464607356284
2.51966753640266
1.71209914990322
2.44107819207139
2.04743792610051
2.02011699351908
1.96662317986701
2.04862974497098
2.08182223718543
2.14614678899082
2.49423533372612
2.04125999494994
1.73405689756754
1.91543556939652
2.18149734870804
2.06362511573101
2.27934096456528
1.75161770894707
2.25632606682939
2.04708778722332
2.22584715091324
1.89245770558034
2.34353084757177
1.7840526891676
2.06875263024997
1.66133237942935
1.97344752125244
2.11116656847068
1.80965659456277
1.59998737480012
2.06317060853465
1.65844036697249
2.1272123558623
1.8088149145695
1.79241562158069
2.13566618971467
1.88197373958423
1.8713988721488
1.6162115983503
1.88956905984347
1.959377998485
1.94910950256713
1.73405689756754
2.0306514603148
1.69207389950341
2.38641612658867
1.65579075835367
2.48120276071037
1.68467048228266
1.90127177846983
1.55342900429258
1.97207389950341
2.14464523188283
1.96083242151335
1.64672754818619
1.63584967595321
1.99354010605168
1.91679235754566
2.04750862721994
1.96662317986701
2.17075751199394
1.90116741015066
1.91344920461242
1.81517128187863
1.84802710209578
2.02341974581265
1.61120528575037
2.15073562831412
1.69194933086442
1.93314451645486
1.66133237942935
1.68415874084673
2.04617877283059
1.98725107314201
1.84801700193586
1.68209157478327
1.75212945038297
1.83648935274809
1.75856661897149
1.51494739500043
1.81951771736388
1.64592963555256
1.7840526891676
1.8121614342227
1.93610386331119
1.79102853295177
1.51404174732767
1.56038128103697
1.63596077771231
1.76313189125494
1.8604873327161
1.49470667452235
1.58436579412509
1.68443144516456
1.67686642538507
1.71629071626967
1.74276660213786
1.7137387425301
1.50663159666695
1.71313273293495
1.69880397272956
1.75535140139721
1.54816682097467
1.73438010268498
1.58602895379178
1.88682518306541
1.73407709788739
1.90435569396516
1.61883090648936
1.70196532278428
1.80044861543641
1.83172207726622
1.68816177089471
1.73674690682603
1.82110680919115
1.68982156384143
1.6987366383301
1.76742445922062
1.70501220435992
1.68119602727043
1.5238624694891
1.70724770642204
1.50181382038551
1.77770305529839
1.53976012120194
1.5474901102601
1.59086356367311
1.91422018348624
1.51598097803216
1.787624779059
1.42402238868783
1.62005639255955
1.64115562663076
1.51619644811043
1.54764497937884
1.76224644390203
1.80727295682183
1.45638666778891
1.58280026933761
1.64860954465112
1.5238624694891
1.59998737480012
1.56038128103697
1.51404174732767
1.55169177678647
1.94218415958252
1.24449877956403
1.6162115983503
1.50129197878968
2.00669724770643
1.68629660802964
1.54924080464608
1.60165390118678
1.47503829643969
1.61930224728559
1.53822489689421
2.20976432960188
1.44530679235754
1.71752966921977
1.66043346519655
1.43993014056056
1.49378419324972
1.62756754481947
1.61120528575037
1.77408046460735
1.38455433044356
1.46748337682013
1.46929803888563
1.80417894116658
1.89152849086778
1.36233061190137
1.56347866341218
1.63584967595321
1.49466627388267
1.79498442892015
1.90289453749685
1.48546839491627
1.41205706590355
1.58469236596247
1.42683023314535
1.53456527228349
1.47292399629663
1.53866593721068
1.81733271610133
1.30480683444156
1.61523188283815
1.25480767612154
1.55356030637154
1.38779984849762
1.65507701371939
1.59601801195186
1.22065903543472
1.29066997727466
1.67063799343489
1.66603232051176
1.29380102684959
1.24449877956403
1.5910520999916
1.68382543556942
1.57319501725445
1.43634458378926
1.38356114805151
1.7508265297534
1.38587408467302
1.58729147378168
1.40490615268075
1.59208568302333
1.77876693880987
1.29304688157563
1.3126512919788
1.48943439104454
1.65204023230368
1.30540611059675
1.20855567713156
1.84388940324888
1.58882333136941
1.298500967932
1.6939020284488
1.27217321774262
1.6966997727464
1.72541452739668
0.898460567292318
1.40147209830823
1.56285918693715
1.71391381196869
1.35126083662993
1.36149566534803
1.57902954296776
1.10768538001852
1.23310916589514
1.39036528911709
1.51787980809698
1.31091069775272
1.68241141318072
1.43531100075751
1.18708947058329
1.5238624694891
1.29380102684959
1.2864009763488
1.3743262351654
1.19971130376231
1.01351148893193
1.02317734197459
1.26467553236262
1.30776618129786
1.32574446595405
1.42153438262773
1.29318491709452
1.64937042336504
0.894683107482535
1.77433296860534
1.10703223634374
1.48187947142497
1.36149566534803
1.04058328423534
1.46979294672167
1.30480683444156
1.10702213618384
1.61565945627473
1.44370086693041
1.28954549280365
1.56412844036697
1.20920208736638
1.37234997054119
1.4524745391802
1.33526891675785
1.50746317650029
1.41205706590355
1.62835199057318
1.57192239710463
1.28846140897232
1.41328591869373
1.2389268580086
1.42660802962715
1.41818449625453
1.2628272030974
1.32735375810117
1.35295766349634
1.04368403333052
1.3756863900345
1.21780405689756
1.11020705327834
1.30007995959937
1.04251578149987
1.16993939904049
1.02766854641865
1.11066492719468
0.980965406952294
1.57212103358304
1.42417725780658
1.19512919787897
1.23856998569144
0.969767696321867
1.34744297618047
1.71639508458884
0.922758185337955
1.12463681508291
1.2966896725865
1.06108324215134
0.918186179614509
1.25307718205539
1.34992088208065
1.05511404763911
1.17178436158574
1.24853884353169
1.1348144095615
1.01351148893193
0.898460567292318
1.18335241141318
1.24428667620572
1.43364447437085
1.19961703560307
1.31801447689588
1.23090396431277
1.02943607440452
1.32112195943103
1.02478326740174
1.60189630502484
1.39648598602813
1.15226411918189
1.22447352916421
1.02511993939905
1.10456779732345
1.22338607861292
1.16960272704318
1.2253387761973
1.19013298543894
1.12860617793115
0.826853800185177
1.13742025082064
1.26641612658867
1.0046368150829
1.02432202676542
1.08258648261932
0.893922228768616
1.09776028953792
1.11308223213535
0.845155289958768
1.18335241141318
0.894683107482535
1.11570827371435
1.11548607019611
0.952408888140724
0.977177846982585
1.31931739752548
0.923209325814327
0.902440030300482
1.24561653059507
0.909991583200082
0.965636730914923
0.898460567292318
1.04661644642707
1.13874337177006
1.01672333978621
1.20686558370508
1.20309149061526
1.1084125915327
1.15091406447269
1.30461829812307
0.876448952108404
1.09844036697248
1.03605504587156
1.0441755744466
1.18214375894286
1.17551468731588
1.30604242067167
1.02797491793621
1.35203181550375
0.883461829812319
1.22429845972562
0.89601969531185
1.4622380271021
0.853757259489953
1.08241141318072
1.02530174227761
1.04509132227929
1.11115646831075
0.827368908341043
0.949496675364031
0.80427994276576
0.918236680414111
0.999226496086209
0.90826108913393
1.07741520074069
1.17350812221196
1.24145189798838
0.956863058665107
0.822174059422622
0.76129702886962
0.900116993519077
0.95395421260838
0.916499452907999
0.880876188873003
1.05275397693796
0.992240552142079
1.01430940156553
0.90366888309066
0.944382627724934
0.900850938473212
0.894157899166743
0.999455433044375
0.939271946805832
1.02617035603063
1.01081137951351
0.951405605588775
0.952883595656942
1.14383721908931
0.817201414022406
0.950449457116406
0.651124484471012
0.874563588923508
1.25976685464187
0.844131807086967
1.0703013214376
1.1165903543473
0.851373621749019
0.858150829054807
0.945786549953709
0.754189883006489
0.930393906236844
0.948493392812054
1.03919956232642
0.898460567292318
0.841074825351399
1.02909940240721
1.07259069101929
0.988695396010456
0.900372864237028
0.859046376567647
0.854019863647835
0.840691019274487
0.921916505344683
0.841074825351399
0.877765339617895
0.960367814157053
0.823200909014389
0.850306371517547
0.874452487164376
0.829015234407876
0.94129871222961
0.968707179530355
0.501881154784968
1.03362427405102
0.946853800185181
0.724653648682789
0.750479757596167
1.03034172207728
0.99324046797409
0.760108576719148
0.924556013803567
0.942810369497522
0.759654069522782
0.798694554330439
0.91549617035605
1.00650534466797
0.880876188873003
0.951671576466623
1.0045896810033
0.787597845299217
0.952058749263529
0.793078865415367
0.788628061610979
0.873142833094875
0.646754481945976
0.875492803636064
0.999893106640855
0.761303762309581
0.889417557444659
0.840287012877724
0.848013635215892
0.858999242488011
0.814427236764601
0.963751367729998
0.950607692955145
0.864655332042759
0.771804561905583
0.906961535224326
0.74663833010689
0.743052773335592
0.90567208147462
0.805801700193598
0.806232640350146
0.673802710209571
0.670005050079965
0.794917094520684
0.84026007911794
0.889781163201746
0.76129702886962
0.8020511741436
0.724653648682789
0.801734702466121
0.84405437252758
0.821396347108845
0.788628061610979
0.87964396936286
0.84430350980557
0.704911202760712
0.876661055466712
0.771040316471698
0.687451392980392
0.647114720983097
0.716405184748766
0.736709872906317
0.627644979378857
0.828833431529347
0.642960188536335
0.743500547091998
0.662604999579173
0.906968268664258
0.725300058917611
0.812730409898165
0.840691019274487
0.89519148219847
0.728367140813077
0.592190051342499
0.712567123979483
0.716489352748084
0.873142833094875
0.747126504503001
0.845680498274561
0.813302752293595
0.768976517128209
0.869409140644734
0.902618466459046
0.860305529837575
0.774706674522349
0.754432286844548
0.752617624779077
0.805791600033672
0.647114720983097
0.662604999579173
0.746059254271529
0.846670313946646
0.460797070953618
0.629533709283749
0.804202508206373
0.65678730746572
0.781389613668892
0.821221277670247
0.807821732177445
0.741948489184409
0.761303762309581
0.677071795303419
0.779248379766017
0.940584967595328
0.627503577139976
0.691383721908949
0.524478579244175
0.754536655163719
0.519862806161115
0.561808770305532
0.788974833768208
0.747005302583972
0.659598518643207
0.746113121791097
0.6199116236007
0.646754481945976
0.848185337934524
0.702682434138552
0.67908172712734
0.565606430435167
0.758280447773757
0.615908593552746
0.695959094352332
0.59672165642624
0.825342142917265
0.670109418399136
0.716405184748766
0.703776618129808
0.749109502567137
0.718330948573367
0.820450298796402
0.726902617624773
0.626372359229038
0.694040063967691
0.764912886120698
0.623887719888899
0.875267233397864
0.487357124821159
0.669604410403167
0.651114384311086
0.578379766012972
0.502238027102095
0.691289453749704
0.657679488258566
0.639761804561914
0.532498106220032
0.639920040400654
0.492397104620835
0.712614258059091
0.643024156215802
0.4909258479926
0.54936537328507
0.783328844373386
0.658002693375977
0.580268495917863
0.530663243834709
0.62951014224393
0.687347024661221
0.678785455769713
0.735706590354368
0.594920461240633
0.544763067081902
0.562950088376397
0.780137193838897
0.593580506691353
0.718169346014662
0.64853547681173
0.643121791095041
0.66363184917094
0.645768032993857
0.664830401481368
0.599829138961383
0.580494066156064
0.666695564346441
0.67207221614342
0.551075667031398
0.663446679572445
0.663716017170287
0.638354515613173
0.646808349465545
0.536386667788918
0.791398872148818
0.575494486996064
0.738578402491385
0.645963302752307
0.579214712566284
0.592190051342499
0.669129702886977
0.500591701035262
0.513395337092845
0.613935695648536
0.614679740762568
0.578497601212035
0.572976180456209
0.583507280531961
0.530144768958849
0.504722666442234
0.51370844205033
0.611181718710554
0.768559043851525
0.43698089386416
0.638091911455263
0.460797070953618
0.566424543388621
0.698086861375316
0.590281121117755
0.631826445585403
0.591674943186604
0.447983334736136
0.488367140813068
0.571084083831323
0.544917936200676
0.528074236175399
0.622106725023144
0.589476475044194
0.563064556855494
0.638819122969466
0.620292062957674
0.526323541789424
0.669665011362696
0.572147967342829
0.579500883764013
0.629533709283749
0.493208484134328
0.524448278764424
0.803636899250904
0.523168925174645
0.593580506691353
0.62561821395505
0.484589681003285
0.501881154784968
0.588160087534732
0.434348118845236
0.458763572089907
0.468937799848504
0.681781836545753
0.60306119013552
0.507826782257382
0.441536065987719
0.5099511825604
0.485606430435155
0.429099402407218
0.501766686305871
0.565111522599125
0.487387425300909
0.592243918862067
0.460281962797751
0.564532446763735
0.459938557360488
0.586729231546173
0.447562494739515
0.485613163875115
0.622369329181055
0.467200572342392
0.457878124736993
0.485239457958102
0.513125999495003
0.506900934264792
0.394401986364784
0.493208484134328
0.580184327918545
0.552735459978123
0.449811463681527
0.577692955138474
0.606831916505342
0.520138877198889
0.409111185927117
0.466166989310665
0.476344583789256
0.486781415705764
0.487690430098496
0.456009595151926
0.505399377156806
0.585577813315382
0.445754566113976
0.503241309654072
0.602663917178688
0.380733103274139
0.498773672249825
0.509880481440973
0.499494150324068
0.473937379008504
0.543901186768807
0.559004292567977
0.4909258479926
0.572976180456209
0.459800521841601
0.457332716101348
0.383056140055572
0.47260079117919
0.483017422775873
0.485374126757023
0.411666526386682
0.428052352495598
0.530202003198383
0.484185674606522
0.429803046881574
0.525680498274568
0.431496507028044
0.377763656257912
0.485879134752963
0.44157309990743
0.453016581095881
0.389574109923416
0.402778385657768
0.498921807928639
0.405249558118015
0.501389613668891
0.52378166820975
0.520115310159099
0.479909940240731
0.438334315293332
0.449454591364372
0.444549280363617
0.441475465028191
0.490205369918357
0.452578907499372
0.377898325056833
0.448097803215234
0.492764077097888
0.544709199562334
0.475331201077353
0.467146704822824
0.501749852706013
0.48771063041832
0.493649524450802
0.498713071290297
0.436425385068617
0.56240467974078
0.474176416126596
0.410939314872479
0.41187862974499
0.417790590017688
0.426271357629844
0.542850770137193
0.442721151418226
0.42732850770139
0.38038633111691
0.379938557360504
0.375464186516297
0.499372948405011
0.425281541957759
0.469904048480771
0.385500378756007
0.442966921976279
0.385093005639277
0.373787559969713
0.541305445669565
0.383056140055572
0.46043346519653
0.455992761552068
0.429749179362005
0.465773083073827
0.41251157309992
0.376932076424538
0.490397272956841
0.432987963976103
0.341541116067674
0.372679909098565
0.371919030384646
0.428163454254701
0.455878293072971
0.383089807255288
0.362448447100434
0.438273714333803
0.412040232303696
0.42888729904891
0.517347866341225
0.388540526891688
0.398415116572693
0.499359481525119
0.408333473613339
0.377127346182988
0.41381449372949
0.483855736049151
0.401542799427659
0.443896136688835
0.427910950256717
0.35468142412256
0.401990573184094
0.4003375136773
0.414003030047979
0.448754313609982
0.487262856661914
0.421298712229628
0.376635805066911
0.474674690682605
0.312509889739914
0.369740762562088
0.505598013635222
0.359559801363531
0.397354599781181
0.396435485228523
0.431368571669054
0.339110344247132
0.397179530342584
0.442815419577471
0.361690935106481
0.38567881491457
0.44443481188452
0.387958084336333
0.29145442302837
0.398862890329099
0.3710268495918
0.36535729315716
0.383574614931405
0.26224139382208
0.346937968184506
0.397512835619892
0.461164043430699
0.340278596077781
0.410969615352258
0.328649945290806
0.429968016160274
0.364929719720578
0.408326740173379
0.38714670482284
0.377763656257912
0.409013551047906
0.436661055466715
0.338416799932673
0.498009426815941
0.303678983250563
0.320889655752893
0.448660045450737
0.416649271946824
0.480330780237352
0.4271399713829
0.246209073310325
0.440980557192177
0.376676205706588
0.38899166736806
0.380312263277517
0.440913222792688
0.390547091995643
0.440051342479592
0.381096709031226
0.336561737227527
0.345049238279614
0.272799427657617
0.372834778217339
0.301281878629766
0.373939062368493
0.290619476475058
0.327909266896739
0.24818533793453
0.303069606935452
0.420770137193841
0.330865247033074
0.359913306960692
0.309486575204119
0.432240552142076
0.385419577476654
0.325202424038395
0.453767359649873
0.33714754650282
0.309634710882932
0.373790926689679
0.373986196448129
0.414912044440712
0.324209241646344
0.368872148809032
0.461083242151346
0.407774598097802
0.316846225065234
0.44612827203099
0.363478663412167
0.396149314030822
0.376393401228853
0.362475380860218
0.371131217910971
0.319886373200916
0.325229357798179
0.370885447352919
0.409535392643733
0.327936200656524
0.35773167241814
0.388032152175754
0.311341637909266
0.315263866677896
0.417002777543985
0.354048480767631
0.366185506270512
0.323263193333901
0.290909014392724
0.425433044356538
0.246986785624102
0.276664422186684
0.431513340627902
0.355913643632704
0.271058833431539
0.375750357713997
0.332622674859039
0.199590101843285
0.37885784024914
0.246222540190217
0.349264371685905
0.323263193333901
0.216915242824683
0.283478663412183
0.283246359734022
0.325330359397356
0.321758269505949
0.321950172544405
0.343140308054899
0.318219846814259
0.312536823499727
0.29320848413434
0.344012288527921
0.340295429677639
0.303678983250563
0.291036949751714
0.325973402912211
0.36143506438853
0.345049238279614
0.26224139382208
0.273189967174488
0.368949583368419
0.260413264876689
0.447336924501315
0.340278596077781
0.246198973150427
0.261460314788337
0.292952613416389
0.33884100664929
0.296211598350311
0.311136267990918
0.326114805151093
0.388399124652807
0.29869623769045
0.285387593636898
0.272479589260172
0.309146536486821
0.324801784361597
0.327909266896739
0.325202424038395
0.324670482282642
0.275671239794633
0.222238027102094
0.320179277838577
0.232523356619822
0.227402575540793
0.297164380102686
0.347786381617709
0.318499284571999
0.320004208399979
0.261537749347696
0.296548270347614
0.332696742698431
0.27071879471427
0.184096456527243
0.232577224139391
0.247939567376477
0.329427657604583
0.273307802373552
0.233035098055723
0.268200488174415
0.296400134668801
0.304322026765419
0.259908256880749
0.257080212103375
0.301790253345672
0.311984681424121
0.198283814493749
0.248111270095109
0.276664422186684
0.259473950004207
0.24843447521252
0.34917010352666
0.250531941755753
0.295494486996063
0.283855736049162
0.234297618045616
0.287922733776639
0.343416379092673
0.295228516118186
0.276085346351323
0.224790000841693
0.287387425300921
0.263561148051508
0.259662486322696
0.30570574867437
0.292649608618802
0.274550122043593
0.286145105630851
0.29145442302837
0.26224139382208
0.302096624863225
0.238172712734638
0.283572931571427
0.285788233313696
0.225665348034681
0.246003703391978
0.245811800353522
0.233041831495683
0.263561148051508
0.259032909687733
0.233567039811476
0.213625957411011
0.243280026933775
0.227543977779646
0.265197373958415
0.314489521084084
0.2183629324131
0.215171281878639
0.2152386162781
0.192021715343827
0.272018348623874
0.23049995791601
0.289367056645062
0.196304183149579
0.256884942344925
0.306156889150742
0.208686979210512
0.27335493645316
0.2687391633701
0.281724602306213
0.231880313104966
0.243845635889244
0.176400134668796
0.267298207221614
0.30554077939567
0.325495328676055
0.219383048564936
0.240542883595651
0.23027438767781
0.252319670061439
0.226362259069106
0.23729063210169
0.222238027102094
0.234297618045616
0.267264540021898
0.196782257385763
0.184702466122388
0.255575288275395
0.31529080043768
0.26424459220604
0.190001683359981
0.226325225149395
0.232392054540867
0.230469657436259
0.205572763235438
0.256898409224817
0.290047134079629
0.213498022052022
0.213841427489285
0.211602558707199
0.188146620654834
0.224274892685798
0.223399545492811
0.226860533625114
0.216295766349646
0.255087113879313
0.165481861796138
0.247791431697664
0.272402154700785
0.254235333726115
0.211690093426483
0.277125662823011
0.196644221866848
0.248888982408886
0.172777543977787
0.215491120276084
0.265988553152113
0.200815587913496
0.223416379092669
0.17745055130041
0.238906657688744
0.259837555761294
0.213188283814503
0.22202929046378
0.193866677889076
0.242047807423631
0.260157394158739
0.277862974497111
0.216891675784865
0.18796818449627
0.202886120696917
0.217315882501481
0.160775187273799
0.255245349718052
0.20975759616195
0.204653648682779
0.23311253261511
0.221712818786301
0.197415200740693
0.172232135342142
0.214952445080399
0.208761047049933
0.198728221530189
0.22705917010353
0.174497937884013
0.203724433970223
0.19379597676965
0.20386246948911
0.172232135342142
0.171979631344158
0.227395842100833
0.179544651123649
0.254851443481186
0.238940324888489
0.181278511909767
0.166333641949336
0.196196448110442
0.216635805066915
0.237472434980219
0.271738910866105
0.129161686726718
0.163670566450634
0.176006228431959
0.175514687315882
0.215612322195113
0.179803888561565
0.178433633532535
0.199613668883103
0.248532110091759
0.204697416042421
0.199798838481627
0.164875852200993
0.165491961956064
0.214800942681592
0.214393569564862
0.208286339533714
0.186507028027961
0.189887214880912
0.222483797660146
0.260002525039994
0.204451645484397
0.13853463513172
0.198071711135441
0.15335830317315
0.217167746822668
0.172777543977787
0.193866677889076
0.222743035098063
0.177538086019695
0.188523693291813
0.154401986364803
0.19841848329267
0.193742109250081
0.142780069017761
0.143355778133156
0.168060769295522
0.20953875936371
0.177272115141818
0.172232135342142
0.164677215722577
0.176228431950193
0.164646915242827
0.143052773335597
0.22422102516623
0.183173975254618
0.172228768622176
0.161209494150341
0.227069270263456
0.170454507196382
0.219329181045367
0.167922733776635
0.187163538422709
0.202835619897314
0.17158572510732
0.197172796902635
0.188244255534045
0.14309654069524
0.158920124568652
0.179329181045375
0.129161686726718
0.127852032657188
0.139251746485996
0.160327413517393
0.21912381112702
0.160788654153691
0.226224223550219
0.157038128103693
0.178029627135771
0.151149734870813
0.196428751788574
0.186574362427422
0.193866677889076
0.160775187273799
0.161084925511318
0.193092332295265
0.148574194091424
0.183992088208072
0.195654406194762
0.168646578570844
0.169696995202429
0.170400639676814
0.174107398367141
0.13768285497855
0.163414695732683
0.137521252419845
0.184066156047464
0.151961114384306
0.117846140897228
0.152307886541536
0.154418819964661
0.129693628482471
0.196129113710981
0.118135678814923
0.176235165390125
0.168087703055306
0.169488258564115
0.171087450551312
0.163670566450634
0.158920124568652
0.176851275145197
0.142096624863228
0.155896810032829
0.165158656678727
0.164859018601135
0.166838649945305
0.190025250399799
0.0958277922733828
0.129181887046542
0.161209494150341
0.13853463513172
0.139012709367904
0.143372611733014
0.199048059927634
0.185608113795155
0.151924080464624
0.172400471340808
0.142736301658118
0.159694470162464
0.170484807676132
0.134864910361074
0.151974581264199
0.169060685127533
0.159643969362861
0.158913391128692
0.145005470919955
0.172110933423113
0.170346772157245
0.149173470246609
0.142227926942184
0.136736806666107
0.138642370170857
0.148399124652826
0.156156047470745
0.113516539011869
0.131572258227436
0.146076087871393
0.125162023398701
0.158926858008584
0.168282972813756
0.150873663833011
0.145927952192579
0.138746738490028
0.137490951940066
0.129121286087042
0.17139045534887
0.117795640097654
0.117118929383054
0.142817102937471
0.129713828802295
0.129181887046542
0.159354431445166
0.113445837892442
0.155189798838478
0.148331790253366
0.108971467048235
0.150462923996315
0.131249053110025
0.167101254103187
0.138500967932004
0.156523019947826
0.129124652807008
0.145490278596071
0.153516539011889
0.0852630249979143
0.154933928120528
0.145247874758013
0.175804225233577
0.109920882080644
0.156869792105056
0.119068260247474
0.135969194512256
0.192799427657604
0.138029627135779
0.144874168841028
0.136332800269344
0.147910950256716
0.110951098392405
0.150728894874163
0.138787139129704
0.152893695816857
0.147998484976029
0.128771147209847
0.129781163201756
0.127219089302258
0.128017001935859
0.119216395926287
0.112469489100249
0.139901523440784
0.138043094015671
0.123764834609887
0.14070953623434
0.106358892349135
0.116004545071974
0.147345341301246
0.0882728726538176
0.114789159161688
0.129767696321863
0.129047218247621
0.145672081474629
0.107809948657518
0.117297365541617
0.0987568386499618
0.110627893274994
0.133972729568228
0.1405513003956
0.0949154111606845
0.138773672249812
0.108729063210177
0.144897735880818
0.135225149398195
0.125754566113983
0.110429256796579
0.184136857166919
0.149112869287109
0.114122548607014
0.1374269842606
0.121791936705677
0.151782678225743
0.142426563420599
0.119273630165821
0.130966248632291
0.127959767696325
0.123283393653736
0.143567881491464
0.108722329770217
0.147759447857936
0.129993266560064
0.14179362006567
0.159980641360164
0.0973495497012209
0.0852630249979143
0.115802541873592
0.152220351822251
0.120502482955999
0.099689420082484
0.112082316303344
0.125828633953375
0.0882728726538176
0.115954044272371
0.0961307970709697
0.110281121117765
0.10909603568723
0.144944869960455
0.11381617708949
0.0881752377746068
0.100187694638493
0.134003030047978
0.109415874084675
0.0989521084083833
0.105897651712837
0.110843363353268
0.128188704654491
0.110264287517879
0.101581516707341
0.107857082737155
0.0973495497012209
0.12286592037708
0.108729063210177
0.0959321605925538
0.13050837471593
0.122438346940498
0.159364531605092
0.108372190893022
0.0924947395000402
0.114789159161688
0.113920545408632
0.0855458294756488
0.131585725107328
0.124549280363624
0.120000841679996
0.107809948657518
0.108722329770217
0.129181887046542
0.104204191566367
0.125562663075499
0.118088544735286
0.0935081222119436
0.107570911539426
0.122680750778557
0.13615436411078
0.0894949920040347
0.099689420082484
0.113344836293237
0.128144937294849
0.0973495497012209
0.109122969447014
0.102561232219529
0.0860811379513677
0.0976761215385977
0.0901986364784193
0.0916665263866889
0.0857208989142464
0.0853572931571591
0.0802735459978123
0.112220351822231
0.107998484976008
0.132174901102616
0.127360491541111
0.0987568386499618
0.0827817523777412
0.0957907583536723
0.097931992256548
0.107560811379528
0.0969522767443891
0.120707852874347
0.113082232135355
0.11161770894708
0.100635468394927
0.107708947058342
0.111119434391043
0.104901102600792
0.105204107398379
0.0837042336503657
0.11129450382964
0.0859161686726679
0.107520410739852
0.11100833263194
0.0892795219257607
0.09157562494741
0.0960971298712252
0.104426395084602
0.115108997559133
0.103540947731688
0.0935754566114042
0.108042252335679
0.107857082737155
0.110446090396437
0.0863067081895394
0.0979993266560086
0.114375052604998
0.0821387088628853
0.087528827539785
0.0737454759700427
0.0980733944954295
0.0918483292652184
0.0776306708189622
0.0919829980641396
0.0898215638414399
0.0978377240973032
0.137979126336177
0.0729610302163053
0.104621664843023
0.0924173049406818
0.0875894284992853
0.114630923322949
0.0934003871728066
0.0980464607356453
0.0967738405858256
0.0849566534803614
0.0857208989142464
0.0903366719973064
0.0837042336503657
0.0828322531773438
0.0820848413433168
0.098463934012301
0.0976256207389952
0.0874850601801143
0.0860407373116914
0.0948447100412579
0.100012625199895
0.108355357293163
0.0937707263698542
0.0883570406531646
0.0977838565777347
0.0862764077097893
0.0852596582779199
0.0850004208400037
0.0841015066071975
0.0898013635215875
0.0980632943355033
0.0824619139803247
0.090366972477085
0.09004713407964
0.0853572931571591
0.0949086777207242
0.0837177005302578
0.104520663243846
0.094736975002121
0.0888889824088892
0.0788830906489295
0.0702474539180287
0.125380860196969
0.102295261341652
0.0660861880313064
0.0820040400639641
0.0988847740089227
0.0678133153774922
0.100719636394246
0.0850374547597141
0.0953126841175163
0.0815798333473765
0.0672106725023127
0.0852125241983117
0.0929761804561906
0.0994941503240625
0.0924173049406818
0.088949583368418
0.0952251493982033
0.0845964144432401
0.0802701792778464
0.11254355693967
0.0672477064220232
0.0979993266560086
0.118384816092941
0.0916698931066549
0.0814855651881317
0.0704427236764786
0.0723853211009384
0.0832530931739939
0.0706379934349002
0.0823238784614091
0.0819569059843559
0.075954044272379
0.0842227085262266
0.0867006144264053
0.0868554835451505
0.0808357882333155
0.0730754986954025
0.0902121033583114
0.0953093173975219
0.0674968437000416
0.078899924248816
0.0889630502483101
0.0747083578823435
0.0646586987627416
0.0857579328339568
0.0859599360323386
0.085273125157812
0.103460146452335
0.0847815840417638
0.0816909351064794
0.0684092248127399
0.0747251914822016
0.0670322363437492
0.0768529585051851
0.0728600286171286
0.0899461324804349
0.0740047134079589
0.0771323962629538
0.078936958168498
0.084350643885216
0.0951544482787767
0.0820612743035269
0.0682644558538925
0.060009258479937
0.0699646494402941
0.0704157899166944
0.0841015066071975
0.0730990657352208
0.066473360828212
0.0707457284740372
0.0752402996380965
0.0911345846309359
0.0689916673680671
0.0673621749011204
0.0819165053446795
0.0793847319249323
0.0694495412843992
0.0841419072468739
0.0702979547176312
0.0620764245433918
0.0821151418230954
0.0749911623600781
0.073449204612416
0.0721227169430279
0.0737454759700427
0.0724492887804047
0.0707288948741791
0.0654296776365584
0.0990834104873386
0.0729509300564075
0.0685203265718428
0.0857242656342123
0.0854347277165175
0.0800378755997144
0.077496002020041
0.0798628061611169
0.0888485817692128
0.0664430603484618
0.0801153101590728
0.0896397609628821
0.0650256712397947
0.0634264792525983
0.0748059927615543
0.0607566703139639
0.0740552142075614
0.0694495412843992
0.0781491456948231
0.0646586987627416
0.067022136183823
0.0613256459893989
0.0631504082147956
0.0618070869455494
0.0729509300564075
0.0775465028196436
0.0715941419072408
0.0661198552310509
0.0732943354936424
0.0758799764329581
0.0657293157141794
0.0639213870886408
0.0659077518727429
0.0821454423028456
0.0612650450298986
0.0639786213281752
0.061002440871988
0.0912793535897833
0.0667561653059465
0.0655710798754399
0.0699410824004758
0.0815899335072743
0.0652041073983867
0.0670995707432098
0.0668504334651914
0.0745871559633144
0.0667561653059465
0.0666282299469856
0.0768529585051851
0.0722977863816254
0.0562721993098307
0.0673352411413362
0.0814518979883871
0.0972182476222656
0.0674968437000416
0.069062368487522
0.0847411834020875
0.0675406110596839
0.0618878882249021
0.0643792610049729
0.0660424206716641
0.0691970372864432
0.0809906573520891
0.0635577813315535
0.0633221109334272
0.0659346856325271
0.0646485986028154
0.0671265045029941
0.063827118929396
0.065816850433464
0.074018180287851
0.0548043094015611
0.0614704149482463
0.0616993519064124
0.0684630923323084
0.059585051763321
0.0603694975170583
0.0614535813483883
0.0830241562158278
0.0624400303004791
0.0658033835535718
0.0768327581853328
0.0599722245602266
0.0619956232640391
0.0680186852958684
0.0639213870886408
0.0560398956316988
0.0672443397020572
0.0664464270684277
0.0678806497769529
0.0684462587324504
0.0742807844457616
0.0715099739079221
0.0564270684286043
0.0752672333978808
0.0486566787307652
0.0941780994865837
0.0635779816513775
0.0657394158741056
0.0561476306708357
0.0735165390118766
0.087565861459467
0.0712810369497561
0.0737488426900086
0.0802668125578805
0.0612583115899383
0.066453160508388
0.0631504082147956
0.0768428583452589
0.0711295345509768
0.0628810706169531
0.0621875263024947
0.0642142917263016
0.0686179614510536
0.0673756417810125
0.0596591196027418
0.0520166652638636
0.0714089723087454
0.0665440619476669
0.0705740257554055
0.0597466543220264
0.0684496254524163
0.0610192744718461
0.0754153690766941
0.0574303509805532
0.0620225570238233
0.0577266223382082
0.0553598181971324
0.0682610891339266
0.0542757343658025
0.0531781836545804
0.0537673596498678
0.0689276996885724
0.0679176836966633
0.0623592290211263
0.0610260079118063
0.0449566534803409
0.0693620065651146
0.0580969615352274
0.0689546334483566
0.0886095446511206
0.0562519989899783
0.0536394242908784
0.0653084757175293
0.0557638245938961
0.0679042168167712
0.0589588418483231
0.0679345172965213
0.0539424290884654
0.0709948657520556
0.0520402323036819
0.0687122296102984
0.0565987711472076
0.068405858092774
0.0599284572005843
0.0563900345088939
0.0650795387593632
0.0774623348202965
0.0468824173049427
0.0616757848665941
0.0580935948152614
0.0495286592037871
0.0591002440872046
0.0547302415621687
0.0482863395337176
0.0508686137530674
0.0569623769042948
0.0602045282383585
0.0563429004292573
0.0614232808686097
0.0565482703476334
0.0650256712397947
0.0666181297870594
0.0554709199562353
0.055518054035872
0.0566425385068783
0.0534273209325988
0.0573529164211948
0.0558951266728513
0.0676180456190707
0.05311758269508
0.0598442892012656
0.0545955727632474
0.06732514098141
0.0539424290884654
0.0614603147883201
0.0635948152512356
0.0656586145947244
0.0576424543388612
0.0722237185422046
0.0546595404427421
0.0588814072889647
0.0549423449204767
0.0632817102937508
0.0537673596498678
0.0536932918104469
0.0576794882585716
0.060773503913822
0.0743716858850405
0.0565449036276391
0.0620528575035735
0.0535687231714519
0.0646115646831049
0.0554439861964511
0.0532219510142227
0.0637496843700092
0.0560466290716306
0.0551477148388244
0.0526529753387877
0.0622649608618815
0.0601203602390399
0.0535518895715938
0.055518054035872
0.0602651291978873
0.0474547597003721
0.0572047807423814
0.0416067671071403
0.060914906152675
0.0466029795471741
0.0483705075330363
0.0505891759952988
0.0598005218415949
0.0486937126504472
0.0539760962882099
0.0548043094015611
0.0525418735796848
0.0614199141486438
0.0545484386836108
0.0673520747411942
0.0645139298038941
0.0495926268832534
0.0497609628819191
0.0637732514098275
0.0521277670229949
0.0573192492214503
0.0512524198299786
0.0545282383637868
0.0560567292315568
0.0437513677300103
0.0609216395926353
0.0655811800353661
0.0475793283393671
0.0520233987038239
0.0566560053867704
0.0526327750189353
0.0640930898072725
0.0530435148556592
0.0524173049406613
0.048858681929147
0.0560903964312729
0.0580969615352274
0.0550366130797215
0.0590362764077099
0.0525014729400084
0.0494411244844741
0.0754254692365919
0.0447849507617377
0.0507204780742541
0.0655778133153717
0.054454170524366
0.0544070364447578
0.0461282720309839
0.0515116572679233
0.0464009763487923
0.047474960020196
0.0454077939567412
0.0499629660803009
0.0478318323373514
0.049764329601885
0.0698804814409755
0.0537033919703731
0.0513365878293257
0.041542799427674
0.0560600959515227
0.0457276323541862
0.0430780237353758
0.0608644053531009
0.0464279101085765
0.0411758269505924
0.0538144937295044
0.0537606262099359
0.0567772073057995
0.0555618213955142
0.0535855567713099
0.0523600707011269
0.0460676710714552
0.0439904048480741
0.0469564851443636
0.047687063378504
0.0593123474455126
0.0546258732429976
0.0407516202340048
0.0610159077518802
0.0556291557949748
0.0502558707179617
0.0552251493982112
0.0496296608029638
0.046677047386595
0.0561947647504439
0.0583965996128484
0.0454347277165255
0.0509090143927438
0.0504107398367353
0.0466063462671684
0.0582551973739669
0.0675406110596839
0.0614098139887176
0.0423036781415647
0.0711834020705453
0.0539727295682155
0.048983250568142
0.0461148051510918
0.043657099570737
0.0450441881996539
0.0496902617624926
0.0469968857840399
0.0520940998232504
0.047777964817783
0.044508879723935
0.0497575961619532
0.0504949078360539
0.0476601296187198
0.071621075667025
0.0527539769379644
0.0494175574446558
0.0420444407036484
0.0511514182308019
0.0521648009426769
0.0447479168420273
0.0468150829054821
0.0458858681929257
0.0530098476559147
0.0519863647841134
0.0495320259237531
0.0436436326908449
0.0451586566787512
0.0511648851106941
0.0653051089975634
0.0509292147125677
0.0493906236848716
0.0461686726706603
0.0580161602558746
0.0434315293325653
0.051380355188968
0.0432362595741154
0.0470372864237163
0.0488889824088972
0.0540299638077784
0.0543767359649792
0.0480742361754096
0.0455357293157306
0.0461080717111315
0.0430409898156654
0.0496936284824585
0.0387147546503002
0.0402028448783938
0.0423036781415647
0.0520334988637501
0.0481853379345125
0.0478318323373514
0.0446435485228562
0.0400277754397962
0.0457579328339364
0.0483166400134678
0.045697331874436
0.042643716858862
0.0485792441713784
0.0411960272704448
0.0432867603737179
0.0463336419493317
0.0406506186347997
0.0420343405437222
0.0563563673091494
0.0518819964649424
0.0501380355188985
0.0461282720309839
0.0524408719804796
0.0411286928709842
0.0432968605336441
0.0428894874168861
0.0409771904721765
0.0364826193081456
0.0464481104284289
0.0452259910782118
0.0448219846814197
0.0427480851780331
0.0394992004040091
0.0421185085430693
0.0482089049743308
0.041243161350053
0.0445560138035717
0.0445257133237931
0.0435392643717023
0.0362368487501215
0.0452327245181436
0.0411791936705868
0.0505891759952988
0.0469026176247951
0.0545652722834973
0.0479968016160228
0.0455357293157306
0.0389672586482561
0.0419468058244377
0.054898577560806
0.0400547091995804
0.055767191313862
0.04875094689001
0.0566560053867704
0.0547639087618848
0.0485657772914863
0.0506531436747935
0.0416606346267088
0.0412566282299451
0.0392298628061667
0.0359574109923528
0.047774598097817
0.0473099907415246
0.0425157814998727
0.0485321100917417
0.0428894874168861
0.0471652217826772
0.0313988721488272
0.039381365204946
0.0437951350896526
0.0357789748337893
0.0407516202340048
0.0387820890497608
0.0383174816934684
0.0423844794209174
0.0454919619560599
0.0452226243582174
0.0393577981651561
0.0450138877199038
0.0383511488931845
0.0448758522009882
0.0464952445080371
0.0370212945038304
0.0436065987711629
0.0434247958926051
0.0375397693796913
0.0429568218163467
0.0467174480262713
0.0456602979547256
0.0355904385152712
0.0350349297197283
0.0478486659372095
0.0424114131807301
0.0450643885195063
0.0493468563252293
0.0445829475633559
0.0382097466543314
0.0425225149398329
0.0382838144937239
0.0430342563757335
0.0390379597677111
0.0399267738405911
0.0410175911118529
0.0393510647251958
0.0377788064977835
0.0448085178015276
0.0480978032152279
0.0419973066240402
0.0390783604073874
0.0317793115057725
0.0366812557865615
0.0377619728979255
0.0486533120107708
0.0364994529080036
0.0410074909519551
0.0331798670145815
0.0440510058076029
0.047030552983756
0.0442563757259506
0.0345164548438675
0.0399436074404491
0.0482425721740753
0.0426571837387542
0.0360584125915295
0.0345130881239015
0.0365937210672485
0.041330696069366
0.0374421345004805
0.0389773588081823
0.0369337597845458
0.0313988721488272
0.0412330611901552
0.0381626125746948
0.0470541200235743
0.0364455853884351
0.0469531184243692
0.0381996464944052
0.0398325056813462
0.0409906573520686
0.0451418230788647
0.0411791936705868
0.0381289453749787
0.0419468058244377
0.041438431108503
0.0465154448278895
0.0411286928709842
0.0444314451645482
0.0443506438851955
0.0352908004376786
0.0312271694301955
0.0435392643717023
0.0371997306624223
0.0382333136941497
0.0355332042757368
0.0340888814072855
0.0386979210504137
0.0394722666442249
0.0377990068176075
0.0430207894958414
0.0290219678478252
0.0367654237858801
0.0378259405773917
0.0338666778890797
0.0351594983587233
0.0322742193418151
0.0324863227001231
0.0388494234492214
0.0355567713155551
0.042556182139549
0.029631344162965
0.0416370675869189
0.0357082737143344
0.0369977274640121
0.0397348708021354
0.0435931318912708
0.0341393822068881
0.0401287770389729
0.0405933843952653
0.0332202676542579
0.0350147293998759
0.0394318660045485
0.0365970877872428
0.0303114215975029
0.0332303678141557
0.0406337850349416
0.0356106388351236
0.0405731840754129
0.0342370170860988
0.0332303678141557
0.0366745223466012
0.0380784445753761
0.0332303678141557
0.0381424122548708
0.0370919956232854
0.0425225149398329
0.0307760289537953
0.0391423280868821
0.0402398787980758
0.0309948657520351
0.0355668714754813
0.0473032573015928
0.0345400218836858
0.0344928878040776
0.0364994529080036
0.0369741604242222
0.0441587408467399
0.0386575204107373
0.0307760289537953
0.0369135594646934
0.0302339870381445
0.029631344162965
0.0418188704654483
0.0309847655921374
0.0338128103695112
0.039697836882425
0.0325166231798733
0.0366947226664536
0.0330754986954105
0.0298131470414944
0.0349574951603415
0.038401649692787
0.0379707095362392
0.0411118592711262
0.0329408298964893
0.0276382459389026
0.0373579665011334
0.0326815924585446
0.0347925258816701
0.0317355441461302
0.0345265550037936
0.0442900429256952
0.0342706842858433
0.0315739415874248
0.0505016412759858
0.0280321521757401
0.0313988721488272
0.0339407457284722
0.0293653732850885
0.0375397693796913
0.0462090733103366
0.0402062115983597
0.0384353168925315
0.0283418904132589
0.0406438851948678
0.0322910529416731
0.0320183486238648
0.0307389950340848
0.0383747159330028
0.033041831495666
0.0449869539601195
0.0342437505260591
0.0301700193586498
0.0387484218500163
0.0343514855651961
0.0377821732177495
0.0439567376483581
0.0313551047891565
0.0388662570490794
0.0275439777796578
0.0318702129450514
0.0338195438094431
0.0312036023903772
0.0325435569396575
0.0343885194849065
0.0324391886204864
0.0298737480010232
0.0349642286003018
0.0315571079875383
0.0360213786718475
0.0294933086440494
0.0362099149903372
0.0277527144179714
0.0307894958336874
0.0469968857840399
0.0311497348708087
0.0327152596582891
0.0271938389024626
0.0282004881744058
0.0310083326319273
0.0319846814241203
0.0282543556939743
0.0324863227001231
0.0285708273714533
0.0334054372527532
0.0394486996044066
0.0342168167662749
0.0322035182223885
0.0328869623769208
0.0326580254187547
0.0292744718458096
0.0312372695901217
0.0377249389782151
0.0335670398114587
0.0364927194680718
0.0338565777291535
0.0310992340712062
0.0285775608113852
0.0296784782425732
0.0349473950004153
0.0307962292736477
0.0304393569564922
0.0334290042925716
0.0310015991919954
0.0263218584294407
0.0358362090733237
0.0273116741015258
0.0286314283309537
0.0356207389950498
0.0251031057991895
0.0279883848160978
0.0301902196784738
0.0288973992088302
0.0279210504166372
0.0310790337513822
0.0312372695901217
0.0343649524450882
0.0388056560895507
0.039165895126672
0.0288266980894036
0.0327926942176759
0.0241738910866047
0.0299006817608074
0.0299377156805178
0.0286448952108458
0.0306918609544766
0.0327758606177895
0.0278772830569949
0.0291364363269224
0.0330182644558477
0.0308231630334319
0.028247622254014
0.0277493476980055
0.0436133322110948
0.0290657352074675
0.0304292567965661
0.0283452571332532
0.0276348792189367
0.0320957831832516
0.0329239962966028
0.0279176836966712
0.034142748926854
0.0273554414611681
0.0277796481777841
0.0331158993350869
0.0297054120023574
0.0330148977358817
0.0320217153438307
0.0287896641696932
0.0303450887972474
0.0290287012877855
0.0368125578655167
0.0274732766602312
0.0310790337513822
0.0315907751872828
0.0325502903796178
0.0307187947142609
0.0265810958673569
0.0307255281541927
0.0248977358808133
0.0322035182223885
0.0317624779059145
0.0285876609713114
0.0251132059591157
0.0299579160003418
0.02778301489775
0.0295101422439359
0.0301632859186896
0.0316311758269592
0.0328128945374999
0.0342403838060932
0.0339878798081088
0.0256889150744826
0.0360415789916715
0.0253791768369638
0.0328061610975681
0.0277897483376819
0.03501136267991
0.0282206884942298
0.0250795387593712
0.0309308980725689
0.0298771147209891
0.0313618382291168
0.0325435569396575
0.0258841848329325
0.0284799259321744
0.0309477316724269
0.0334795050921741
0.0276012120191922
0.0276618129787209
0.0278267822573923
0.0313517380691906
0.0282341553741219
0.0297222456022155
0.0273285077013838
0.0277022136183973
0.0356106388351236
0.0238708862890462
0.0316547428667775
0.0275877451393001
0.0274126757007025
0.0282442555340481
0.032809527817534
0.0307356283141189
0.0251199393990476
0.0276584462587266
0.0285001262519984
0.0319005134248016
0.0277459809780396
0.0266921976264598
0.0265373285077146
0.0270187694638651
0.0323954212608442
0.0277392475380793
0.0304561905563503
0.0318466459052331
0.0261770894705933
0.0270692702634392
0.0290724686474277
0.0232547765339746
0.0266652638666756
0.0261467889908431
0.0290691019274618
0.0242075582863492
0.0214872485481123
0.0248001010016026
0.0246081979631469
0.0268639003450915
0.0254498779564187
0.0278941166568529
0.0289108660887223
0.026062620991496
0.0241166568470703
0.0252849086777189
0.028247622254014
0.0274968437000211
0.0286011278512035
0.0266383301068913
0.0294327076845491
0.0268571669051596
0.0300084167999444
0.0250761720394053
0.0290657352074675
0.0312002356704113
0.0266921976264598
0.0319981483040124
0.0288973992088302
0.0260390539517061
0.0266248632269992
0.028335156973327
0.0282610891339061
0.0226016328591925
0.0274699099402369
0.0251132059591157
0.0308332631933297
0.0292879387257017
0.0274126757007025
0.0302912212776789
0.0266383301068913
0.0258841848329325
0.0257562494739432
0.02886709872908
0.0214367477485098
0.0225612322195161
0.0270086693039389
0.0355500378755949
0.021695985186426
0.0261164885110645
0.0239819880481491
0.0297458126420338
0.026719131386244
0.0232547765339746
0.0270692702634392
0.0250324046797346
0.0251031057991895
0.0270928373032575
0.0254667115562768
0.0269076677047337
0.0282206884942298
0.0259784529921774
0.0256350475549141
0.0289950340880409
0.0304662907162765
0.0252310411581504
0.024625031563005
0.0217195522262443
0.0393274976853775
0.0229517717363876
0.0282913896136847
0.0340282804477852
0.0252243077182186
0.023968521168257
0.0230864405353088
0.0281836545745477
0.0256148472350901
0.0261131217910986
0.0348699604410569
0.0316143422271011
0.0305807591953737
0.0262915579496621
0.0254566113963506
0.0223289285413841
0.0266248632269992
0.026597929467215
0.0270356030637231
0.0287021294503802
0.0263218584294407
0.0248304014813527
0.0215613163875048
0.0243186600454521
0.0290691019274618
0.0215074488679363
0.0242513256459915
0.0202348287181167
0.0232312094941562
0.0266383301068913
0.026810032825523
0.0242445922060597
0.0375498695396175
0.0238473192492279
0.0251031057991895
0.0247832674017445
0.0250795387593712
0.0240190219678595
0.0242681592458496
0.0278469825772447
0.0223423954212763
0.0247024661223918
0.0236352158909199
0.0305134247959131
0.0225511320595899
0.024284992845736
0.027695480178437
0.0239887214881094
0.0214805151081521
0.0343582190051279
0.0203762309569981
0.0218474875852337
0.0246149314030788
0.0283890244928955
0.0240897230872861
0.0269245013046202
0.0259111185927168
0.02538927699689
0.0258639845131086
0.0251872737985082
0.0245240299638283
0.0311598350307349
0.0239819880481491
0.0270928373032575
0.0223693291810605
0.0219215554246261
0.0238708862890462
0.0248943691608474
0.0335131722918902
0.028547260331635
0.0229517717363876
0.0328734954970287
0.0224097298207369
0.0251401397188999
0.02146704822826
0.0235577813315331
0.0239651544482911
0.023736217490125
0.0243792610049809
0.0224770642201975
0.0235779816513855
0.0271500715428203
0.0271029374631837
0.0310116993519216
0.0286213281710275
0.0243994613248049
0.0239718878882229
0.0204738658362089
0.0220865247033259
0.0244398619644812
0.0223895295008845
0.0246923659624656
0.0238742530090121
0.0203593973571401
0.0220259237437972
0.0222952613416396
0.0231605083747297
0.0217229189462103
0.0237968184496253
0.0267359649861305
0.024520663243834
0.0245879976432946
0.0223289285413841
0.0224467637404473
0.0240897230872861
0.0214805151081521
0.0236049154111697
0.0231638750946956
0.0286213281710275
0.0230022725359902
0.0222851611817134
0.0230864405353088
0.0225140981399079
0.0217767864658072
0.0240223886878255
0.0208745055130066
0.022780069017756
0.0222043599023607
0.0239415874084727
0.021571416547431
0.0265406952276805
0.0211135426310989
0.0230898072552748
0.0209721403922174
0.0261164885110645
0.0283587240131453
0.0196254524030053
0.0223659624610661
0.0189319080885468
0.0243321269253443
0.0189319080885468
0.0204839659961351
0.0256586145947324
0.0240594226075359
0.0249819038801604
0.0234029122127879
0.0236049154111697
0.0255744465954137
0.0247091995623236
0.0260323205117459
0.0197702213618527
0.0192955138456341
0.0205883343153062
0.0206792357545851
0.0199789580001664
0.0213660466290833
0.0227531352579717
0.0224198299806346
0.01993855736049
0.0282038548943717
0.0240796229273599
0.0265743624274251
0.0212785119097703
0.0246452318828574
0.023648682770812
0.019618718963045
0.0218138203854892
0.028351990573185
0.0210630418314963
0.0206590354347327
0.0228507701372109
0.0222178267822528
0.0298905816008812
0.0296751115226073
0.0228777038969952
0.0209957074320357
0.0280994865752007
0.0245374968437204
0.0246755323626076
0.0214064472687596
0.0259279521925748
0.0235813483713514
0.0227767022977901
0.019918357040666
0.0182484639340146
0.0220090901439391
0.0212919787896624
0.0210832421513487
0.0234029122127879
0.0218441208652678
0.020150660718798
0.022123558623008
0.0206725023146248
0.0248539685211711
0.018393232892862
0.0186659372106703
0.0237833515697332
0.0212886120696965
0.0206590354347327
0.0233860786129299
0.0207836040737277
0.0232648766939008
0.0224063631007425
0.0209990741520016
0.0212179109502699
0.0217262856662046
0.0198038885615688
0.0218003535055971
0.0188746738490124
0.0198409224812792
0.0225612322195161
0.0210495749516042
0.0191978789664233
0.018413433212686
0.0233860786129299
0.0190093426479336
0.0236621496507041
0.0194705832842317
0.0206186347950563
0.0219013551048022
0.0204199983166404
0.0195884184832948
0.0218340207053416
0.02366551637067
0.0207735039138299
0.0194402828044815
0.0214603147883281
0.0212852453497305
0.0202146283982927
0.0201439272788662
0.0221370255029001
0.0224837976601293
0.0207937042336539
0.0213121791095148
0.0196557528827555
0.0208846056729328
0.0213290127093728
0.0232480430940143
0.019901523440808
0.0186457368908464
0.0172485481020317
0.0248943691608474
0.0220494907836155
0.0186457368908464
0.022440030300487
0.0232817102937588
0.0251940072384684
0.0193224476054183
0.0190396431276838
0.0205681339954538
0.0207230031142274
0.018413433212686
0.0208644053530804
0.0209384731925013
0.0209856072721095
0.0202247285582189
0.0204738658362089
0.0213155458294807
0.0223423954212763
0.0210428415116724
0.0230258395758085
0.0210529416715701
0.0197971551216369
0.0204368319164985
0.0207802373537618
0.0193561148051629
0.0188645736890862
0.0231066408551612
0.0192854136857363
0.0187804056897676
0.0190396431276838
0.025618213955056
0.0219013551048022
0.0222413938220711
0.0188241730494099
0.0189117077687229
0.0205513003955957
0.0208745055130066
0.0250425048396608
0.0217532194259888
0.0196389192828974
0.0193628482450947
0.0183797660129699
0.0199284572005922
0.0183258984934014
0.0257192155542612
0.0174808517801637
0.0222851611817134
0.0209452066324332
0.0211068091911386
0.0174101506607371
0.0175178856998741
0.0166661055466761
0.0226218331790449
0.0238170187694777
0.018413433212686
0.0189117077687229
0.0215007154280045
0.0187568386499493
0.0201068933591557
0.0199621244003083
0.0205277333557774
0.0215579496675389
0.0175683864994483
0.0225174648598738
0.0231100075751272
0.019581685043363
0.0201439272788662
0.0162991330696229
0.0179824930561381
0.0205479336756298
0.0203055298375716
0.0185716690514255
0.0210058075919619
0.0230224728558142
0.0178882248968932
0.0198745896810237
0.0202684959178612
0.0195480178436185
0.021322279269441
0.0223053615015658
0.0197096204023239
0.0187736722498073
0.0193291810453786
0.0195513845635844
0.0204132648767086
0.0193763151249868
0.0183831327329358
0.0217633195858866
0.0181104284151274
0.0227161013382897
0.0213290127093728
0.0186625704907044
0.0203795976769641
0.0181137951350934
0.0196254524030053
0.0202314619981507
0.0160735628314228
0.0213727800690151
0.0179824930561381
0.017312515781498
0.0184201666526462
0.0188241730494099
0.020130460398974
0.0203661307970719
0.0186659372106703
0.0206590354347327
0.0191810453665653
0.0186120696911019
0.0172653817018897
0.0165381701877152
0.0182484639340146
0.0187736722498073
0.0167637404258869
0.0217330191061365
0.0195581180035447
0.0175650197794823
0.0177266223381878
0.0187198047302388
0.0197870549617107
0.0189285413685809
0.0201169935190819
0.0185952360912438
0.0198981567208136
0.0185346351317435
0.0213626799091173
0.0183258984934014
0.0176390876189032
0.0178478242572169
0.0185784024913858
0.0183696658530437
0.0191103442471103
0.0195076172039421
0.0193965154448392
0.0196725864826135
0.0219148219846943
0.018497601212033
0.0176761215385852
0.0225006312600158
0.0194402828044815
0.0161745644305995
0.0180666610554852
0.0182080632943382
0.0201371938389059
0.0201607608787242
0.0172485481020317
0.0162654658698784
0.0181104284151274
0.017097045703224
0.0209687736722515
0.0174067839407428
0.0162789327497705
0.0183460988132254
0.0207499368740116
0.0185582021715334
0.0182248968941963
0.0180666610554852
0.0165617372275051
0.0174572847403454
0.0169118761047002
0.0201371938389059
0.0169522767443766
0.0175953202592325
0.0198846898409215
0.0194402828044815
0.0197331874421423
0.0190531100075759
0.0194402828044815
0.016777207305779
0.0189891423280812
0.0167132396263128
0.0178478242572169
0.0156830233145513
0.0167166063462787
0.0216656847066758
0.019601885363187
0.0162587324299466
0.0210664085514622
0.0168176079454554
0.0213761467890095
0.0205816008753459
0.0167199730662446
0.0215646831074992
0.0199217237606319
0.0197230872822161
0.0182417304940827
0.0163429004292652
0.0189689420082573
0.0187063378503467
0.0176054204191587
0.022655500378761
0.0205243666358115
0.0191877788064971
0.0144339702045215
0.0179892264960984
0.0167199730662446
0.0165920377072837
0.0189891423280812
0.0193089807255262
0.0160365289117124
0.0193157141654865
0.0166593721067443
0.0185144348118911
0.0151443481188664
0.0192517464859918
0.0213727800690151
0.0172418146620714
0.0160802962713547
0.017753556097972
0.017753556097972
0.0174539180203794
0.0187164380102729
0.0169152428246946
0.0165213365878287
0.0151342479589403
0.0147672754818586
0.0159321605925413
0.0164001346687996
0.0160870297113149
0.0198543893611713
0.0186760373705965
0.0159725612322177
0.0165752041073972
0.016511236427931
0.0178545576971771
0.0193056140055603
0.0176727548186193
0.0170196111438372
0.0177939567376484
0.017504418819982
0.0173057823415661
0.0168108745055235
0.0176761215385852
0.0209923407120698
0.0190531100075759
0.0253421429172818
0.0160870297113149
0.0175616530595164
0.0186457368908464
0.0157806581937621
0.0191339112869287
0.0231133742950931
0.0173057823415661
0.01557192155542
0.0171172460230764
0.0163429004292652
0.0171037791431843
0.0164001346687996
0.0189891423280812
0.0171509132227925
0.0171946805824632
0.0178444575372509
0.0152655500378955
0.0193931487248733
0.0162789327497705
0.0170903122632922
0.0200058917599506
0.0144339702045215
0.0144339702045215
0.0151241477990141
0.0172552815419635
0.0173933170608507
0.0153800185169644
0.0143599023651291
0.0172653817018897
0.016191398030486
0.016777207305779
0.0173024156216002
0.0162014981903837
0.0167637404258869
0.0186289032909883
0.0163024997895889
0.0183763992930039
0.0164910361080786
0.0180195269758485
0.0163967679488337
0.0185380018517094
0.0199116236007058
0.0191036108071785
0.0174236175406293
0.016652638666784
0.0187669388098755
0.0160163285918884
0.0167940409056655
0.0160432623516726
0.0159523609123937
0.0152823836377536
0.0154002188368167
0.0174236175406293
0.0163631007490892
0.0157705580338359
0.0169051426647684
0.0160903964312809
0.016423701708618
0.0143834694049474
0.0164270684285839
0.0176626546586931
0.0151005807591957
0.0156123221950963
0.0170734786634057
0.0154776533961751
0.0139727295682235
0.0173360828213163
0.0176996885784035
0.0155685548354541
0.0164338018685442
0.0143868361249133
0.0161274303509913
0.0145248716438005
0.015002945879985
0.0151780153185825
0.0170903122632922
0.0158782930729728
0.0169623769043028
0.0144609039643342
0.0162149650702759
0.0162519989899863
0.0170903122632922
0.0170095109839394
0.0151679151586563
0.0174707516202375
0.017204780742361
0.0144339702045215
0.0163024997895889
0.0147336082821425
0.014380102684953
0.0186794040905625
0.0164506354684022
0.0166189714670679
0.0167334399461367
0.0143127682854924
0.017292315461674
0.0129526134163882
0.0154170524366748
0.0181743960946221
0.0141982998064236
0.0152823836377536
0.0166896725864945
0.0160802962713547
0.0152554498779693
0.0171542799427868
0.0200159919198768
0.0151376146789062
0.0163260668294072
0.0139727295682235
0.0141982998064236
0.0136326908509545
0.0134172207726806
0.0163631007490892
0.0155180540358515
0.0156089554751304
0.0127842774177225
0.0169017759448025
0.0146292399629715
0.0144878377241184
0.0156796565945569
0.014346435485237
0.0146124063631135
0.014380102684953
0.0164068681087599
0.0149558118003483
0.0159186937126492
0.0157166905142674
0.0184774008921806
0.0155012204359934
0.0147773756417848
0.0140097634879339
0.0179420924164617
0.0146056729231532
0.015996128272036
0.0163395337092993
0.0144339702045215
0.0151039474791617
0.0147605420419268
0.0182652975338726
0.0159590943523256
0.0151813820385485
0.0160769295513887
0.0157133237943015
0.0146730073226138
0.0147268748421823
0.0143666358050609
0.0166795724265683
0.0169354431445186
0.0175111522599138
0.0165954044272496
0.017292315461674
0.0172990489016058
0.0133835535729361
0.0150063125999509
0.0154742866762092
0.0156964901944434
0.0144440703644477
0.0152015823584009
0.0166055045871758
0.0178646578571033
0.0137033919703811
0.0128448783772512
0.0178444575372509
0.0162688325898444
0.0149962124400247
0.0151342479589403
0.0148985775608139
0.0160735628314228
0.0162317986701623
0.0150467132396273
0.0149457116404506
0.0151813820385485
0.01468310748254
0.0148211430014271
0.0145349718037266
0.0124408719804876
0.0147605420419268
0.0158378924332965
0.0172687484218557
0.0155315209157436
0.0157469909940176
0.0143195017254527
0.0135081222119311
0.0167940409056655
0.0148514434812057
0.0158648261930807
0.0136326908509545
0.0141982998064236
0.0150803804393718
0.0139390623685074
0.0141713660466394
0.0142858345257082
0.0152823836377536
0.0158681929130751
0.0146225065230396
0.0143363353253108
0.0138077602895521
0.0131445164548438
0.0155921218752724
0.0142656342058842
0.0132825519737594
0.0143531689251688
0.0154136857167089
0.0145215049238345
0.0155247874758118
0.0146393401228977
0.0146225065230396
0.0151712818786507
0.0153867519569246
0.0152285161181851
0.0151140476390879
0.0148009426816031
0.0142723676458161
0.0148110428415293
0.0149255113205982
0.011733860786137
0.0143363353253108
0.0144979378840162
0.0133566198131518
0.0134475212524308
0.0149221446006322
0.0141477990068211
0.014555172123579
0.0132488847740149
0.0143902028448792
0.0128819122969617
0.014006396767968
0.0146258732430056
0.0164843026681467
0.0138380607693023
0.0145821058833633
0.0149389782004903
0.0132185842942647
0.0143094015655265
0.0129526134163882
0.0170465449036215
0.0139727295682235
0.0148581769211376
0.0136528911707785
0.0137471593300234
0.014807676121535
0.0142622674859183
0.0128448783772512
0.0152419829980772
0.01404343068765
0.0127236764582221
0.0144339702045215
0.012390371180885
0.015996128272036
0.01468310748254
0.0125654406194826
0.0141646326066791
0.0134205874926465
0.0159725612322177
0.0136057570911703
0.0149827455601326
0.0137336924501312
0.0136932918104549
0.0145787391633689
0.0131007490952015
0.0143329686053448
0.0131680834946621
0.0122186684622534
0.0138515276491944
0.013242151334083
0.0127876441377168
0.0132859186937253
0.0128246780573988
0.0139861964481156
0.0135889234912838
0.0152857503577195
0.0124678057402718
0.0150871138793036
0.0130569817355592
0.0134609881323229
0.0147437084420687
0.0138245938894102
0.0129896473360986
0.0121984681424294
0.0123264035013904
0.0133566198131518
0.0132253177341966
0.0129963807760305
0.0140198636478601
0.0149187778806663
0.0141477990068211
0.0124173049406693
0.0142959346856344
0.0132993855736174
0.0143733692450212
0.0146595404427217
0.0137774598097735
0.0156325225149487
0.0155315209157436
0.0153598181971404
0.0124038380607772
0.0143767359649871
0.013262351653907
0.013935695648513
0.0127876441377168
0.0136057570911703
0.0117944617456374
0.0124038380607772
0.0164035013887656
0.0145417052436869
0.0140636310075024
0.0127405100580802
0.0125654406194826
0.0133633532531121
0.0128549785371774
0.0127876441377168
0.0139289622085812
0.0126630754986934
0.0155483545156301
0.0133229526134357
0.0119156636646949
0.0121513340627928
0.0137673596498757
0.0120705327834401
0.0120099318239397
0.0138616278091206
0.0118449625452399
0.014363269085095
0.012477905900198
0.0141444322868551
0.012286002861714
0.013242151334083
0.0143329686053448
0.0127842774177225
0.0117944617456374
0.0129088460567459
0.0139525292483995
0.0131849170945202
0.0124274051005955
0.012073899503406
0.0134475212524308
0.013242151334083
0.013723592290205
0.013494655332039
0.0119695311842634
0.0134003871727941
0.0140467974076444
0.0127506102180064
0.0153059506775719
0.0141814662065656
0.0129559801363541
0.0120301321437637
0.0134980220520333
0.0147134079622901
0.0123668041410667
0.0128516118171831
0.0135720898914258
0.0186188031310621
0.0129122127767118
0.0118079286255579
0.0129021126167856
0.0133397862132938
0.0124678057402718
0.0131243161350199
0.0123701708610326
0.0123769043009929
0.0111716185506339
0.0117035603063869
0.0139895631680815
0.0128819122969617
0.0161442639508493
0.0152621833179012
0.0134845551721412
0.0116395926268922
0.0126630754986934
0.0126563420587615
0.0144272367645897
0.011060516791531
0.0144743708442263
0.0137505260499893
0.0148615436411035
0.0112389529500945
0.0115453244676473
0.0120705327834401
0.0105790758353805
0.0125082063799482
0.0133734534130099
0.012302836461572
0.0132455180540489
0.0136899250904889
0.0134677215722547
0.0127708105378304
0.0118887299049106
0.0134003871727941
0.0133094857335436
0.0130906489352753
0.0124846393401299
0.0127842774177225
0.013279185253765
0.0118651628650923
0.0119055635047687
0.0135956569312441
0.012605841259159
0.0128852790169276
0.0131478831748382
0.0127169430182619
0.0124408719804876
0.0126832758185458
0.0124173049406693
0.0136528911707785
0.0123163033414642
0.0116429593468581
0.011629492466966
0.0130704486154514
0.0133936537328623
0.0117304940661711
0.0122489689420036
0.0115284908677893
0.0126832758185458
0.0121850012625373
0.0119392307044848
0.0116362259069263
0.012834778217325
0.012073899503406
0.012393737900851
0.0121715343826452
0.0116160255870739
0.0120099318239397
0.0129627135763144
0.0113870886289078
0.012286002861714
0.0115722582274316
0.0118112953455238
0.0116934601464607
0.0112490531100207
0.0121277670229745
0.0120705327834401
0.0128044777375749
0.0132960188536515
0.0135754566113917
0.0132051174143726
0.0128987458968197
0.0111783519905941
0.0133364194933279
0.0125553404595564
0.0110571500715366
0.0124274051005955
0.0133094857335436
0.0117843615857396
0.0118045619055636
0.0121715343826452
0.0120301321437637
0.0118617961451264
0.0123466038212428
0.0129829138961384
0.0115823583873578
0.0152520831580034
0.0122018348623953
0.0119190303846608
0.0135653564514939
0.012073899503406
0.0117675279858531
0.0118382291053081
0.0117944617456374
0.0141006649272128
0.0120267654237978
0.0122489689420036
0.0113534214291917
0.0129324130965358
0.0115385910276871
0.0131108492551277
0.0128280447773932
0.0123129366214982
0.0120132985439056
0.0143161350054868
0.0113870886289078
0.0147066745223583
0.011380355188976
0.0114510563084025
0.0115318575877552
0.0107204780742336
0.0128852790169276
0.0110706169514287
0.0119122969447005
0.0115924585472555
0.0110470499116389
0.0122759027017878
0.0114443228684422
0.0117944617456374
0.012073899503406
0.0103804393569646
0.012477905900198
0.0127539769379723
0.0108080127935466
0.0154507196363909
0.0148043094015691
0.0123365036613166
0.011060516791531
0.014895210840848
0.0106868108745175
0.0113062873495551
0.0118617961451264
0.0126361417389091
0.0112759868698049
0.0111278511909916
0.011646326066824
0.0129593468563201
0.0127169430182619
0.0121883679825032
0.0115150239878972
0.011397188788834
0.0116059254271477
0.0107238447942279
0.0105790758353805
0.0127438767780461
0.0110436831916445
0.0113399545492996
0.0114106556687261
0.0117809948657452
0.0121446006228609
0.0104612406363174
0.0103299385573621
0.0135316892517494
0.0112995539096232
0.011164885110702
0.0112086524703443
0.0124341385405273
0.0111379513509178
0.011397188788834
0.0103804393569646
0.0131647167746962
0.0122153017422875
0.0108551468731548
0.012036865583724
0.0138414274892682
0.0128448783772512
0.0109157478326836
0.0111783519905941
0.0101077350391563
0.0125755407794088
0.0113163875094813
0.0112187526302705
0.0118045619055636
0.0116328591869319
0.0123499705412087
0.0108618803131151
0.0128213113374329
0.0109325814325416
0.0122624358218957
0.0119021967848028
0.0114409561484763
0.0115318575877552
0.0129963807760305
0.0114712566282265
0.0114375894285104
0.0121715343826452
0.0113298543893734
0.0110369497517127
0.0106868108745175
0.0110571500715366
0.0111951855904522
0.0104174732766751
0.0111211177510313
0.0128280447773932
0.0119897315040873
0.0123365036613166
0.0104814409561698
0.0103972729568227
0.0108787139129731
0.0117877283057055
0.010545408635636
0.0118112953455238
0.0116395926268922
0.0106733439946254
0.0111547849507758
0.013050248295599
0.0122085683023272
0.0106666105546651
0.0121075667031505
0.0114712566282265
0.0107204780742336
0.0115419577476814
0.0105050079959597
0.0115722582274316
0.0124004713408112
0.0132387846140887
0.0113870886289078
0.0103299385573621
0.0134071206127544
0.0119055635047687
0.0114308559885501
0.0115150239878972
0.0112793535897708
0.0108888140728993
0.0111312179109575
0.0104107398367148
0.0122321353421455
0.0113668883090838
0.0119627977443031
0.0120469657436217
0.0127910108576828
0.0116867267065004
0.0113567881491576
0.011417389108658
0.0119156636646949
0.0110066492719625
0.00996296608030889
0.0104713407962436
0.0107204780742336
0.0111918188704863
0.0100639676794856
0.0118146620654898
0.0119425974244791
0.0113668883090838
0.0108282131133706
0.0107137446343017
0.0116429593468581
0.0112961871896289
0.011397188788834
0.0111042841511733
0.0113702550290498
0.0120233987038318
0.0102760710377936
0.0103669724770725
0.0106565103947673
0.0111110175911051
0.0107204780742336
0.0101784361585828
0.0106093763151307
0.0108315798333649
0.0108854473529334
0.0108080127935466
0.0108181129534728
0.0109999158320022
0.0107305782341598
0.012838144937291
0.0101750694386169
0.0142083999663498
0.0110436831916445
0.011966164464269
0.00959262688326135
0.0107204780742336
0.0100673343994799
0.0110874505513152
0.0110268495917865
0.0099090985607404
0.0113769884689816
0.0130132143758885
0.0131243161350199
0.0107339449541257
0.0111581516707417
0.0106295766349831
0.0110032825519681
0.0125385068596984
0.012161434222719
0.0104848076761357
0.0109662486322861
0.0112423196700604
0.0117271273461768
0.0109864489521101
0.0119863647841214
0.0115621580675054
0.0108113795135125
0.0103198383974359
0.0106935443144494
0.0114544230283684
0.0106969110344437
0.0106093763151307
0.0105588755155281
0.0105824425553465
0.0105992761552045
0.0108012793535863
0.0113264876694075
0.0114880902281129
0.00996296608030889
0.012922312936638
0.0112153859102762
0.0106868108745175
0.0103972729568227
0.0108315798333649
0.0106396767948809
0.011201919030384
0.0097542294419668
0.00995623264034862
0.011754061105961
0.0110908172712811
0.0104174732766751
0.00968016160257434
0.0112254860702024
0.0119392307044848
0.011185085430526
0.0107979126336204
0.0107238447942279
0.0106969110344437
0.0119122969447005
0.0111985523104181
0.00973402912214283
0.010845046713257
0.010989815672076
0.0119796313441611
0.0103265718373962
0.0106666105546651
0.0108181129534728
0.0109460483124337
0.00972729568218256
0.0100808012793721
0.0115352243077211
0.0106026428751989
0.0116665263866764
0.00997306624023508
0.0117237606262108
0.010653143674773
0.0103871727968965
0.0103669724770725
0.0097542294419668
0.0107339449541257
0.00997306624023508
0.010632943354949
0.0102457705580434
0.0106699772746595
0.0101447689588383
0.011201919030384
0.0113062873495551
0.00938389024494768
0.00962966080297178
0.00953875936369286
0.0107743455938021
0.0106598771147333
0.0110537833515707
0.0105689756754543
0.0104107398367148
0.0103467721572201
0.0112961871896289
0.0100336671997354
0.00993266560055872
0.0109157478326836
0.0111749852705998
0.0112961871896289
0.0105925427152727
0.010296271357646
0.0114476895884366
0.0103804393569646
0.0106093763151307
0.0099427657604565
0.0106262099149887
0.00965996128272195
0.00998316640013286
0.0117001935863925
0.0108383132732968
0.00995286592038269
0.0104780742361754
0.0108282131133706
0.0106295766349831
0.0102323036781513
0.0108820806329391
0.0101616025587248
0.00989226496088236
0.0103939062368568
0.0106093763151307
0.0101548691187645
0.0117776281457793
0.0100505007995935
0.0103669724770725
0.00990573184077448
0.00925932160592424
0.0098316640013536
0.00936368992509529
0.0103939062368568
0.0103299385573621
0.0101178351990541
0.0100168335998774
0.011292820469663
0.0116867267065004
0.00971382880229044
0.00985186432120599
0.0101986364784068
0.0111918188704863
0.00982156384142741
0.0112086524703443
0.0100134668799114
0.00996633280027481
0.0101077350391563
0.0117237606262108
0.00954212608365879
0.00976096288192707
0.00993266560055872
0.0097542294419668
0.0109494150323997
0.0106127430350966
0.00943102432455589
0.010296271357646
0.0108214796734387
0.00982156384142741
0.0111042841511733
0.009764329601893
0.0103501388772145
0.0101414022388724
0.0104646073562833
0.0105353084757382
0.00998316640013286
0.00962966080297178
0.0109931823920704
0.0105656089554884
0.0097441292820406
0.00997979968016693
0.0105117414359199
0.0108046460735807
0.0104848076761357
0.0115756249473975
0.0117506943859951
0.00993603232052465
0.00929635552563468
0.00955895968354525
0.0106026428751989
0.00962966080297178
0.00961956064304559
0.00943102432455589
0.00965996128272195
0.00995959936034296
0.00995286592038269
0.0101447689588383
0.00974749600203495
0.00962966080297178
0.00924922144602647
0.00983503072131953
0.0107171113542677
0.00993603232052465
0.0104848076761357
0.0101077350391563
0.0123095699015323
0.00949499200405057
0.0104982745560278
0.010740678394086
0.012178267822577
0.0108888140728993
0.0102222035182251
0.0105790758353805
0.00951855904386889
0.009764329601893
0.00985186432120599
0.00963976096289798
0.0103871727968965
0.012073899503406
0.00993266560055872
0.00962629408300586
0.0101952697584409
0.00928288864574256
0.0097542294419668
0.00925932160592424
0.00938052352495333
0.00970372864236424
0.00986196448110377
0.0113163875094813
0.00969699520243239
0.0113264876694075
0.0102626041579015
0.00978452992171697
0.0105757091154146
0.00937715680498741
0.00901691776786606
0.0111177510310654
0.00944449120444801
0.0100673343994799
0.0111076508711392
0.00917178688663967
0.00939399040484545
0.00986869792106404
0.0101986364784068
0.0106060095951648
0.00967679488258
0.0107272115141939
0.0105353084757382
0.00911455264707683
0.0110739836714231
0.0100673343994799
0.00994613248045084
0.00997979968016693
0.0098316640013536
0.00956232640351118
0.00962966080297178
0.0090539516875765
0.00955559296355091
0.00985859776113784
0.00978116320175104
0.00985859776113784
0.00996633280027481
0.00985859776113784
0.00932665600538485
0.0110066492719625
0.0094983587240165
0.00959262688326135
0.00925932160592424
0.0113837219089419
0.0106430435148752
0.00946805824426633
0.00996969952024074
0.00982829728138768
0.00951182560390862
0.0101043683191619
0.00953875936369286
0.0110941839912471
0.0094983587240165
0.00965996128272195
0.00946469152430041
0.00960272704318754
0.00963302752293771
0.010848413433223
0.00932328928541892
0.00954212608365879
0.00943102432455589
0.00929298880566876
0.0105420419156701
0.010333305277328
0.00943102432455589
0.00925258816599239
0.0105319417557439
0.00946805824426633
0.00928288864574256
0.00932328928541892
0.0106834441545516
0.00923238784614
0.0104376735964991
0.00986533120109812
0.0103838060769306
0.0105050079959597
0.00932665600538485
0.0100370339197013
0.00901018432793421
0.0097542294419668
0.0101111017591222
0.0103602390371123
0.0097542294419668
0.00962629408300586
0.00917178688663967
0.0100538675195878
0.0102121033582989
0.00914485312685542
0.00942429088462404
0.0112625199899128
0.0112086524703443
0.00911118592711091
0.00943775776451616
0.00976096288192707
0.00927278848581636
0.00944449120444801
0.0100067334399512
0.00969026176247212
0.00957916000336922
0.0116564262267502
0.00994613248045084
0.00927278848581636
0.00930645568556088
0.0094983587240165
0.0102356703981172
0.00891254944869502
0.00929298880566876
0.0101649692786907
0.00986533120109812
0.00856577729149421
0.00949162528408465
0.00997306624023508
0.0112827203097368
0.00980473024156936
0.00878461408973408
0.00898661728811589
0.00885868192912653
0.00929298880566876
0.00923238784614
0.0107743455938021
0.00928962208570283
0.00933002272537919
0.0105487753556304
0.00925258816599239
0.00928962208570283
0.0100067334399512
0.00897315040822377
0.00888561568891078
0.00923238784614
0.00933002272537919
0.0094882585640903
0.00968689504250619
0.0100942681592642
0.00952529248380074
0.0100134668799114
0.010208736638333
0.0101380355189065
0.00911118592711091
0.00873411329013152
0.00993266560055872
0.00877114720984196
0.00955895968354525
0.0101784361585828
0.00943102432455589
0.00949162528408465
0.00929635552563468
0.00922902112617408
0.0108248463934046
0.00891928288865529
0.00943439104452182
0.00914821984682135
0.00856577729149421
0.00938389024494768
0.0095858934433295
0.00935022304520317
0.00968016160257434
0.00923238784614
0.00923912128610027
0.00920208736638983
0.0086869792105233
0.00963976096289798
0.00902701792779226
0.0100471340796275
0.00963302752293771
0.00856577729149421
0.00896978368825785
0.00933002272537919
0.0091313862469633
0.00861627809106835
0.00959936032322162
0.00911791936707118
0.00915832000674754
0.00912128608703711
0.00911118592711091
0.0106464102348411
0.00869707937042108
0.00854894369160775
0.00914485312685542
0.00959262688326135
0.0100639676794856
0.00929298880566876
0.00980136352160343
0.00994613248045084
0.00924585472603212
0.00927952192577663
0.00928288864574256
0.00900008416800802
0.00937715680498741
0.010632943354949
0.0086869792105233
0.00882501472941044
0.00997643296020101
0.00854557697164182
0.00930645568556088
0.00901691776786606
0.00960272704318754
0.00899671744804209
0.00881491456948424
0.00909098560728694
0.0090539516875765
0.00861627809106835
0.00890581600876317
0.0092088208063501
0.0108551468731548
0.0106060095951648
0.0104780742361754
0.0112524198299866
0.0087980809696262
0.00966669472268222
0.00876778048987603
0.00950845888394269
0.00936368992509529
0.00984513088124572
0.00879471424966027
0.00922228768624223
0.00922902112617408
0.00864657857084694
0.00917178688663967
0.00873411329013152
0.00944112448448209
0.00921218752631603
0.00879471424966027
0.00861291137110243
0.00841090817272061
0.00919872064642391
0.00869034593048923
0.00900008416800802
0.00881828128945017
0.00855904385153394
0.00918188704656586
0.00862637825099455
0.00900008416800802
0.00858261089135226
0.00866341217070499
0.00891928288865529
0.00948152512415845
0.00971046208232451
0.0091414864068895
0.00859607777124438
0.00882501472941044
0.00910781920714498
0.00903375136772411
0.00891928288865529
0.00938052352495333
0.00974076256207468
0.00861627809106835
0.00907415200740047
0.00878124736976815
0.00893948320847926
0.00875431360998391
0.00917178688663967
0.00924585472603212
0.00890581600876317
0.00888561568891078
0.00856577729149421
0.00919535392645798
0.00855904385153394
0.00881491456948424
0.00899335072804774
0.00922228768624223
0.00901691776786606
0.00948152512415845
0.00820217153437852
0.0086869792105233
0.00899335072804774
0.00917178688663967
0.00898661728811589
0.0087879808097
0.00838397441293637
0.00968016160257434
0.0090640518475027
0.00884184832926849
0.00828297281373125
0.0086095446511365
0.00860281121117623
0.00911455264707683
0.00870044609041543
0.00866341217070499
0.00986196448110377
0.00881154784951832
0.00859607777124438
0.00948489184412438
0.00872737985019967
0.00911791936707118
0.00909098560728694
0.00850180961199953
0.010208736638333
0.0101447689588383
0.00851864321185758
0.00859271105127846
0.00868361249052896
0.00857587745139199
0.00884521504923441
0.00852537665181785
0.00902701792779226
0.00893274976854741
0.00962629408300586
0.00890918272872909
0.00939062368487953
0.00982829728138768
0.00833347361333381
0.008875515529013
0.0094209241646297
0.00891254944869502
0.0086869792105233
0.00958926016329542
0.00882164800944452
0.00875094688998956
0.00883174816934229
0.0102188367982592
0.00891928288865529
0.00866004545073906
0.00871727969027347
0.00826950593383913
0.00846140897232317
0.00919872064642391
0.00935695648516344
0.00798670145610458
0.00941755744466377
0.00979799680160909
0.00841427489268654
0.00861627809106835
0.00869371265045515
0.00873074657016559
0.00873748001009744
0.00881154784951832
0.0084546755323629
0.00890581600876317
0.00955895968354525
0.00842774177257866
0.00849507617203926
0.00880818112955239
0.00894621664843953
0.0094882585640903
0.00882838144937637
0.00880481440955805
0.00843447521253893
0.00878461408973408
0.00869034593048923
0.00904048480768438
0.00882164800944452
0.00862637825099455
0.00838060769297044
0.0092088208063501
0.0101212019190484
0.00843110849254458
0.00824257217405489
0.00833010689336788
0.0087980809696262
0.00873411329013152
0.00857251073142606
0.00894621664843953
0.00849507617203926
0.00861291137110243
0.00854894369160775
0.00840417473276034
0.00858934433128411
0.00823920545408896
0.00903711808771845
0.00910445248717906
0.00877114720984196
0.00835030721319185
0.00904721824761623
0.00840417473276034
0.0085220099318235
0.00836377409308398
0.00870381281038135
0.00823247201415711
0.00851190977192573
0.00834357377326
0.00779479841764896
0.00915495328678162
0.00902028448783199
0.00818197121455455
0.00896305024829758
0.00901355104790014
0.00862301153102862
0.00791600033667805
0.008875515529013
0.00881491456948424
0.00860281121117623
0.00840417473276034
0.00918862048649771
0.00871391297030755
0.00801700193588317
0.00842437505261273
0.00946132480430606
0.00902365120782633
0.00868361249052896
0.00826950593383913
0.00856914401146014
0.00862637825099455
0.00883848160930256
0.00876778048987603
0.00825267233398108
0.00883848160930256
0.00847824257218122
0.00820890497433879
0.00853884353170997
0.00874084673009179
0.00869034593048923
0.00843447521253893
0.00867687905059711
0.00874421345005771
0.00859271105127846
0.00833347361333381
0.00868024577056303
0.00807086945545166
0.00894284992847361
0.00893611648851333
0.00859607777124438
0.00842437505261273
0.00895968352833165
0.00813483713491792
0.00873748001009744
0.00832337345340761
0.00807086945545166
0.00852537665181785
0.00829643969362337
0.00785876609714364
0.00819207137448075
0.00845130881239697
0.00835030721319185
0.00829307297365744
0.00831327329350984
0.00838060769297044
0.00828970625369152
0.00840754145275469
0.0090438515276503
0.00800690177595698
0.00823920545408896
0.00864994529081287
0.0084546755323629
0.00837387425301017
0.00846477569228909
0.00804730241563334
0.00849507617203926
0.00842774177257866
0.00799680161603078
0.00909435232725286
0.00800353505599105
0.00840417473276034
0.00952865920376667
0.0090438515276503
0.00836714081307832
0.0085321100917497
0.00895968352833165
0.00889234912887105
0.00848160929214714
0.00831664001347576
0.0088990825688029
0.00798333473613866
0.00829980641361772
0.00872737985019967
0.00892264960862121
0.00810116993520182
0.00777123137783065
0.00786886625706984
0.00802710209578095
0.00870381281038135
0.00844794209243105
0.00805066913559926
0.00823920545408896
0.00851527649189165
0.00798333473613866
0.00778469825772277
0.00811800353505987
0.00874421345005771
0.00802710209578095
0.00791936705664398
0.00828970625369152
0.00899335072804774
0.00788569985692789
0.00858261089135226
0.00771399713829624
0.00823247201415711
0.00796650113628061
0.00820217153437852
0.00863311169095482
0.00814157057487819
0.00821900513426499
0.00833684033329973
0.00828970625369152
0.00818533793452048
0.00785203265718337
0.00796650113628061
0.0080978032152359
0.00810116993520182
0.00838060769297044
0.00886878208905273
0.00813820385491226
0.00823920545408896
0.0080001683359967
0.00857251073142606
0.00894958336840546
0.00797660129620681
0.00850180961199953
0.00819207137448075
0.008875515529013
0.0086196448110627
0.00880144768959212
0.00843110849254458
0.00834357377326
0.00881491456948424
0.00807086945545166
0.00795303425638849
0.00791936705664398
0.00807086945545166
0.00823583873412304
0.00880818112955239
0.00811463681509395
0.00778133153775684
0.00910445248717906
0.00762646241898324
0.00819543809444667
0.00839407457286256
0.00773083073815428
0.00916168672671347
0.00786886625706984
0.0080203686558491
0.00815840417473623
0.00796650113628061
0.00825603905394701
0.00839744129282849
0.00817187105462835
0.00808096961534943
0.00787223297703576
0.00864321185085259
0.00779816513761489
0.00871391297030755
0.00807086945545166
0.00835704065315213
0.00802710209578095
0.0083772409729761
0.00832674017340196
0.00864657857084694
0.00769043009847792
0.00825267233398108
0.0081887046544864
0.00773756417811455
0.00810790337513367
0.00864994529081287
0.00823583873412304
0.00749516034005637
0.0077644979378988
0.00842774177257866
0.0080978032152359
0.00788569985692789
0.00785876609714364
0.00747832674016991
0.00878124736976815
0.00881828128945017
0.00823247201415711
0.00783856577729125
0.00765676289876183
0.00781163201750701
0.00798670145610458
0.00823920545408896
0.0079328339365361
0.00828297281373125
0.00794630081642822
0.00812137025502579
0.00742445922060142
0.00849844289203361
0.00740425890077745
0.00783856577729125
0.00787559969700169
0.00800353505599105
0.00761636225908546
0.00833010689336788
0.00752209409984061
0.00919872064642391
0.00778469825772277
0.00807423617541758
0.00799680161603078
0.00845130881239697
0.00745475970038001
0.00773756417811455
0.00880481440955805
0.00772746401818836
0.00787896641696761
0.00789916673682001
0.00786549953707549
0.0083536739331862
0.00856241057149987
0.00811463681509395
0.00792273377663832
0.0078419324972856
0.00802710209578095
0.00771736385826216
0.00836377409308398
0.00815840417473623
0.00780153185758081
0.00762309569901731
0.00786886625706984
0.00795640097635442
0.00779479841764896
0.00827960609376532
0.00760962881912519
0.00799343489606485
0.00781836545746728
0.00864994529081287
0.00794966753642257
0.00773083073815428
0.0077543977779726
0.0081988048144126
0.00770726369833596
0.00789580001685408
0.00864994529081287
0.00811463681509395
0.00781499873750136
0.00809443649524155
0.00771736385826216
0.00797660129620681
0.00755239457959078
0.00765339617876748
0.00810790337513367
0.00814493729484411
0.00793956737649637
0.00824593889404923
0.00818533793452048
0.00759279521926715
0.00801363521588883
0.00786886625706984
0.00770389697837004
0.00760289537919334
0.00770389697837004
0.00807423617541758
0.00786549953707549
0.00739415874085125
0.00823920545408896
0.00751536065988034
0.0082863395337256
0.00810453665516775
0.00768032993855172
0.00768032993855172
0.00837050753304425
0.00821900513426499
0.00807086945545166
0.00742782594059577
0.00787559969700169
0.00755239457959078
0.00765002945880155
0.00739079202088533
0.0080978032152359
0.00776113121790445
0.00753556097973274
0.00754566113963051
0.00843784193250485
0.00836040737311805
0.00789580001685408
0.00772409729822243
0.00855231041160209
0.00774093089808048
0.00806413601549139
0.0080001683359967
0.00729652386164048
0.00786886625706984
0.00771736385826216
0.00811127009512802
0.00863984513088667
0.00757932833937502
0.00739752546081718
0.00826950593383913
0.00760962881912519
0.00761636225908546
0.00821563841427064
0.00796650113628061
0.00783519905732533
0.00786213281710957
0.00841764161265246
0.00681171618552412
0.00743119266056169
0.00784866593721745
0.00782846561739348
0.00747159330023806
0.00835030721319185
0.00799343489606485
0.00771063041833031
0.00779479841764896
0.00734365794124869
0.00779816513761489
0.00793956737649637
0.00745139298038566
0.00764666273883563
0.00790590017675186
0.00734029122128277
0.00752546081980654
0.00754902785962486
0.00730325730157233
0.00770053025840411
0.00762309569901731
0.00765002945880155
0.00750526049995415
0.0074985270600223
0.00754902785962486
0.00758606177930687
0.00754566113963051
0.00767359649861987
0.00870381281038135
0.00785203265718337
0.00763992929887536
0.0079092668967462
0.00771736385826216
0.00799680161603078
0.00751536065988034
0.00753556097973274
0.0076668630586596
0.00734029122128277
0.00790253345678593
0.00796986785624654
0.00734702466124304
0.00744129282048789
0.00758269505934095
0.00783519905732533
0.00769379681844384
0.00758606177930687
0.00744129282048789
0.00694975170441126
0.00768369665854607
0.00750189377998822
0.0077644979378988
0.00763992929887536
0.00800353505599105
0.0074109923407093
0.00740425890077745
0.00744465954045381
0.00785539937717772
0.00761299553909112
0.00756249473951698
0.00766012961872775
0.00786886625706984
0.00771063041833031
0.00778806497768869
0.00793620065653045
0.00736385826110109
0.00760626209915927
0.00730662402156668
0.00752209409984061
0.0076668630586596
0.00815167073480438
0.00759616193923307
0.00778133153775684
0.00750526049995415
0.00732682434139065
0.00710798754315078
0.00718878882250351
0.00700361922397974
0.00737059170103294
0.007599528659199
0.00796986785624654
0.0079092668967462
0.00732682434139065
0.00775103105800667
0.00713155458294068
0.00735375810117489
0.00792946721657017
0.00776113121790445
0.00726285666189597
0.00780153185758081
0.00716858850265112
0.0077543977779726
0.00753219425973839
0.00774093089808048
0.00720562242236156
0.00763992929887536
0.00779816513761489
0.00709788738322459
0.00681171618552412
0.007599528659199
0.00772073057822809
0.0073099907415326
0.00745812642034593
0.00746485986027778
0.00730662402156668
0.00740762562074337
0.00769379681844384
0.00773083073815428
0.007242656342072
0.00719888898242971
0.00641444322869233
0.00815503745477031
0.00725948994193004
0.00739079202088533
0.00755576129955671
0.00734029122128277
0.00665011362681867
0.00833010689336788
0.00747832674016991
0.007155121622759
0.00703728642369583
0.00803383553574122
0.00740089218081152
0.00768369665854607
0.00733355778135092
0.00687231714502445
0.00811463681509395
0.00712145442304291
0.00798670145610458
0.00758942849930122
0.00720225570239563
0.00661644642707415
0.00677804898577961
0.00804393569566741
0.00794630081642822
0.00756922817944883
0.00789580001685408
0.00761636225908546
0.00685211682520048
0.00795976769632034
0.00780153185758081
0.00780489857757516
0.00628314114973705
0.00800690177595698
0.00706085346351415
0.00719215554246944
0.00687568386499038
0.00744465954045381
0.00848497601214149
0.00685548354516641
0.00717868866257732
0.0070541200235823
0.00838397441293637
0.00682518306541624
0.00817860449458863
0.00745475970038001
0.00685548354516641
0.0076769632185858
0.00745812642034593
0.007599528659199
0.00696321858430338
0.00656594562747159
0.00769379681844384
0.00762982913897758
0.00748169346016425
0.00682518306541624
0.00767022977865395
0.00732682434139065
0.00687231714502445
0.00719888898242971
0.00675784866595563
0.00656594562747159
0.00761636225908546
0.00704065314369018
0.00736385826110109
0.00684875010520614
0.00764666273883563
0.00725275650199819
0.00720225570239563
0.00737395842102728
0.00742445922060142
0.00746149314031186
0.00707432034340627
0.00665684706675052
0.00720562242236156
0.00718878882250351
0.00740762562074337
0.00815840417473623
0.00673091490617139
0.00698341890412735
0.00718878882250351
0.0064447437084425
0.00685885026513233
0.00669051426649503
0.00703055298376398
0.00746149314031186
0.00758942849930122
0.00685885026513233
0.00710798754315078
0.00667368066660856
0.00665684706675052
0.00668041410656883
0.00721235586232183
0.00668041410656883
0.00697331874422957
0.0067881491457058
0.00792273377663832
0.0064447437084425
0.00710125410319051
0.00666358050671079
0.00751536065988034
0.00642117666862418
0.00712818786297476
0.00698678562412169
0.00701708610387186
0.00633027522937368
0.00710462082315644
0.00690598434476897
0.00668714754650068
0.00708778722329839
0.00690261762477462
0.00641444322869233
0.00781836545746728
0.00667368066660856
0.00739752546081718
0.00690261762477462
0.0070440198636561
0.00612827203099187
0.00725275650199819
0.00751199393991442
0.00676458210588748
0.00650534466797126
0.00685885026513233
0.00711135426311671
0.00633027522937368
0.00722582274221395
0.00680161602559792
0.00671408130628492
0.00699015234408762
0.00679151586567173
0.00658951266728991
0.00703391970372991
0.00674774850602944
0.00705075330358795
0.00613837219088964
0.00667368066660856
0.00703391970372991
0.00664001346689247
0.00707095362344035
0.00734029122128277
0.00761972897905139
0.00658951266728991
0.00687905058498473
0.00680161602559792
0.00625284066998688
0.00643127682855038
0.006710714586319
0.00663664674692654
0.00664338018685839
0.00654574530764762
0.00693291810455321
0.00615857251074203
0.00745475970038001
0.00657941250736371
0.00714838818282715
0.00675111522599536
0.006710714586319
0.00691271778470082
0.00640097634880021
0.00599023651207631
0.00667031394664264
0.00678141570574553
0.00613837219088964
0.0065221782678293
0.0067881491457058
0.00669388098646095
0.00650534466797126
0.00659961282721611
0.00695311842437718
0.00680498274556385
0.00669388098646095
0.00665011362681867
0.00680161602559792
0.00669724770642688
0.00710798754315078
0.00670734786635308
0.0068891507448825
0.0070776870633722
0.00631680834948156
0.00666358050671079
0.00679151586567173
0.00695648514434311
0.00674101506606917
0.00616530595067388
0.00613837219088964
0.00666694722667671
0.00653901186768735
0.00650871138793718
0.00691945122466109
0.0069766854641955
0.00645147714840277
0.0063774093089819
0.00664338018685839
0.00629324130966324
0.00651207810790311
0.00594310243246809
0.00727295682182216
0.00612827203099187
0.00650534466797126
0.00666694722667671
0.00668041410656883
0.00655921218753974
0.00637067586905005
0.00662317986703442
0.00653564514772143
0.00661307970710823
0.00676458210588748
0.00586903459304722
0.00642117666862418
0.00658951266728991
0.0067881491457058
0.00659624610725018
0.00611480515109974
0.00640097634880021
0.00638414274894217
0.00699688578401947
0.00665011362681867
0.00671408130628492
0.00694975170441126
0.00650197794800533
0.00651881154786338
0.00665011362681867
0.00659624610725018
0.00676458210588748
0.00682854978538217
0.0065221782678293
0.00602727043178675
0.00606093763153126
0.00666358050671079
0.00675448194596129
0.00656257890750567
0.00636057570912385
0.00721235586232183
0.00565019779480735
0.00687568386499038
0.00691608450466674
0.00638750946890809
0.0061989731504184
0.00603063715175267
0.00662654658700035
0.00627977442977112
0.00612490531099752
0.0067208147462452
0.00625620738995281
0.00655921218753974
0.00639760962883429
0.00613837219088964
0.00604073731167887
0.00579160003366042
0.00648177762815294
0.00644811042840843
0.00641444322869233
0.00678141570574553
0.00617540611060008
0.00620907331034459
0.00671744802627927
0.00618550627052628
0.00614510563084991
0.00609460483124735
0.00648514434811887
0.00589260163286554
0.00666021378671644
0.006178772830566
0.0061989731504184
0.0059330022725419
0.00614173891088399
0.00622927363016856
0.00633700866930553
0.00685885026513233
0.00599023651207631
0.00698678562412169
0.00606767107146311
0.00683864994530836
0.00625957410991873
0.00623264035013449
0.00649861122801099
0.00685885026513233
0.00630670818955537
0.00602390371182082
0.0063673091490557
0.00624610723002661
0.00643127682855038
