17708.3390839938
-2076.69124822584
17292.8345973656
11772.689114921
-1639.4517540373
2938.12247879721
-3921.5102039534
1208.60145010109
16377.6538547347
12894.9761264543
15334.744638401
20524.9284328812
18928.1979419943
25994.521231684
-2970.0282699577
15824.5664067728
-2722.01341057871
6668.43908053315
1856.64948299247
16893.8985539127
-1224.95732774831
2340.77129255435
-5488.02570692772
9295.82397010204
1286.2918417639
12542.641532827
-2181.48739281525
3334.36887218021
2260.70450332733
11074.1233249469
343.94866391622
25321.7212498776
-239.339406576644
-843.339266316017
16364.7423208377
7019.45637583611
12579.385732413
-260.375119622672
28523.4758996773
12676.8886830308
4565.00119412558
7921.65337326569
10090.5401932663
6476.62602896982
24298.0766866244
-10023.4190979336
-6392.07414142659
-2477.0489231476
-3259.51883189453
1727.15699200152
9675.30950727324
8678.60550257445
17756.8090663108
-2586.96051844168
2773.32912634554
-9724.28639500857
952.788559798107
-1545.43032440235
10461.9931969432
-6934.10110053
369.025733689952
6377.96265707926
4679.9959418846
19919.1404335154
4378.00856038122
2737.23375134562
-6486.56680342329
3892.1653858213
6764.72379268617
11504.3833050679
-1877.98783474911
-4198.75065775219
6772.28835948756
8426.22442136191
3885.27057077736
2390.99865204438
12621.2041876844
18970.2043555275
-2293.90869002052
20801.6023191144
-3446.49775113361
13521.6700875677
1863.47535931542
17385.9311680951
-6923.67337477069
11524.0172446487
2300.26546993579
23166.3279364574
6761.59567568807
9110.38252443242
12098.6462688562
24063.5969373354
2710.43803665529
1804.67730388763
26898.9798830421
4587.39450542063
19760.6922319926
6001.47859738714
19989.5902591115
170.56105822449
25904.7534994919
17010.3670782387
1114.9206753721
-5235.84041632001
16740.6011919764
17721.4263770946
12019.9363226791
7845.1285422243
21478.1034255304
-3599.67466838753
4938.63945440521
-5237.66593362606
6784.184492365
3119.79199823715
-3159.4405660183
6108.33282758371
19549.2848546855
16394.1624957467
7609.15841654588
570.27016847095
129.453508137894
-1314.27535451081
17051.8348147475
14169.8625382422
18651.4642770308
13897.3894659059
6235.85165675982
-8717.99325337022
22032.6838061266
4113.42692594787
-1217.7252203536
4476.95843109376
2527.49282010819
8330.42459896756
4433.27865558425
18524.171341023
12508.4274998591
-3211.72582051539
1373.6409190206
-3540.59394730354
931.385399979851
5619.8783613547
6598.75250577294
17205.4632450913
1295.91719604616
5321.03087714416
16592.822245464
1878.79351154105
-81.5156533645027
8472.54283232223
551.22658752643
31154.9447844005
1594.58183763362
5770.5165901353
8628.78850538964
4116.92063355013
15403.8498922933
19022.8564417756
6351.06660289422
15109.8507352657
4550.95945273612
115.444164161766
8032.94143278131
6360.90768286842
-499.661845219709
21131.1581738076
19820.0703903874
5499.03013625957
4581.3887481108
-6334.79168419775
4467.1743772417
25055.2032129763
6468.44974023781
23342.0507412338
8163.41375950654
8127.0960577896
199.691196485765
-2189.20729593803
1830.04976233163
2046.14693021358
25656.924522128
9220.71889696406
17595.4294620145
14670.6450786647
8341.4676989353
12394.8620631141
4004.41661358857
2363.50450559098
14629.6300170922
21161.8235855857
-2068.6725428778
15209.300938434
14188.2664840491
-2323.51671480713
13810.42432766
-3431.3611091753
13552.0655998377
21829.3946401516
23488.9541504651
13695.5611047317
16710.0147744248
6449.9456095562
-4735.49720050103
2677.69862971303
-7083.04916037193
23881.7316468223
8177.6579516759
4941.53201358205
7570.56251873051
30434.9675338778
2567.60583698812
-3608.1442941704
-4375.30070558979
-3656.77775648032
5288.68455102017
11999.2650859518
-5350.95555747023
-6602.7577957273
22557.6022704848
-318.5425218988
6799.33537435415
-5393.22021500322
14331.4662604131
-96.7471065620918
-14317.7763347578
17213.3449292629
17355.7781226645
6041.58578545189
-2180.19632202505
8536.19021321707
21216.8116172105
19500.7619753764
14928.1508444828
-8623.1722044497
-5229.65202732128
12658.263214403
21036.2564038237
24195.4226162072
13680.9671646372
21234.4196583875
5848.69608588333
4134.65168937185
9072.35231233568
-2214.21575639013
17744.4054728191
19188.2230728087
3816.73457723161
12699.7303066057
18371.1886371522
17652.039034181
9692.92807722092
4891.5962102307
-225.285910080545
5236.92675558147
-11541.4814084532
7076.63155921884
17846.1623339674
16266.4095517052
11815.5445312015
10975.3709673649
-1683.75780886645
12600.3271197934
911.886112433506
17471.6419677132
1329.15963996148
18446.4048146627
6547.420346398
-4628.89001474617
22226.2024240458
8352.96223707461
-1832.50640530983
706.739027340894
11421.7405836208
-1217.2365346228
5214.83232453879
18453.4930040912
528.930825247382
13580.5846917337
25049.1603489862
2602.27715263818
8754.53632927719
9672.69863635518
14053.8489737944
16094.7778111587
-5361.49525375287
12536.3566482828
10168.3008166935
13200.1182742809
8868.74959782351
8768.11878306155
24833.7298036246
-5029.03050301977
7307.31418066364
-2167.24336983409
-5497.74455797485
8495.78592188733
15994.2045155087
17954.5284017109
16084.8490412617
17994.9169490961
13504.3654486936
347.673133521964
-3327.26855232124
4334.39796000961
-4381.75949155568
9879.39250707594
-2158.81309424877
3425.6058497239
6432.80281864804
8741.08024010683
16547.1924427102
4443.39610811784
17910.6417698708
10137.5464414355
1020.43203868354
10790.3861854697
7114.51909141469
23396.3834771857
4098.7082200342
19669.0467880051
7666.79268373781
8534.64928519045
4381.33593615797
4701.46133779104
19364.8525427356
16888.6973999113
-7955.87058489565
19089.3155027276
19634.3973812918
-3498.93647963552
22304.7103157003
17060.2710965473
14933.5743066322
13443.0049258402
7599.50414289598
22309.5085998871
16867.5702780101
7747.96661625577
19981.3814021486
21431.0392695578
15130.6661604589
-4400.15633837536
22329.4093536433
-269.260041594878
4624.84570701769
-1040.40235561104
2358.2366598494
-4026.03165187424
18936.5514778288
4725.58708483894
-1551.7752238722
10861.1113892952
3584.67152380917
3631.47467094396
17036.6069011169
-5917.35395307661
6432.77546723433
-2220.45042264782
14017.4843464989
3068.64680539154
23948.7173817894
-15431.7749875527
11905.1109830688
3801.22335375471
5534.26753699619
4524.44187608946
26475.3973261608
9519.04342014212
999.456778204503
3809.89709278191
6470.70305761351
10220.2126353881
2427.1993136685
-2765.38502166479
8326.43018918782
4480.10796068073
39.2964115396803
7128.85105677391
11544.0602444873
10006.5934437734
-1917.03586529272
-1302.80940339702
5889.3533383746
-1721.69547057315
11913.2144421059
-3629.12602048661
-4050.22775362369
19617.4090830869
-9208.94877801288
-4921.11173815747
9696.74996985728
12325.6257027752
-9821.87502050938
1495.23569680503
8477.42524674274
4191.66691439104
-5420.59274472578
1329.33685282662
18838.7261246248
1235.84977677992
11481.6806786045
4771.42864477133
12089.333670368
6990.99608717321
-8639.0079960067
4662.88283890622
16243.6122774323
2288.05942675339
18803.5133117243
-6735.4632704046
14617.6632123734
-4789.50283900553
-2794.75091174731
20260.7922401859
-1225.71565223647
20740.3391139871
12364.0228545888
13858.4832964019
18906.870550772
938.012034087542
10920.3418078543
3689.61293217523
23618.9523354936
11740.5696448163
7648.56710065658
24240.9731093444
26343.071112295
4750.61705492472
-2320.31847532638
6479.98419985257
18984.7260247607
15826.3100197553
13114.9461624567
4457.65965540405
-601.194955727431
23054.8238568779
6517.45402506873
965.260627588102
13082.3441569247
4706.33562600567
-908.525012612219
-1504.12466505084
13569.1514675284
-2266.82149435216
13537.6462414416
1745.66295872658
2430.05275189305
10269.2145978089
23010.8265678023
4525.0109179741
12340.3406696383
24110.3957461138
6869.73150286639
12489.0726816514
19039.7002956117
-8141.84324986706
2439.80585142324
24749.1505293977
19280.7124665694
2071.24907252922
-8278.08372292972
20034.0305762984
19201.2324798444
-1285.62186500171
17212.8663585805
14215.0967930857
1888.69161471376
16865.7807372624
-4122.77775564779
-4765.07686921433
6183.29965685809
-4124.41666605014
25611.0556104201
17126.3471262413
-288.048342039281
2708.6367524611
9106.54733143232
13328.3257226394
15145.2271105192
-2056.27114888566
6317.68731319545
27991.3484267365
13497.5324370136
20100.8079152689
333.764443772965
28034.2382115978
4303.6535261869
8278.43415635549
-4285.21839939017
1467.6454968072
-663.84585198654
14525.4563224122
21234.4001167989
19857.6738751577
2756.39436570424
-7197.09607233675
2377.00690055503
-7803.63781353135
11146.438346103
23786.856088633
8491.96726028279
7796.29325127018
22132.512287734
15986.8091102602
-1607.53661818439
-3297.12335609441
25099.5387699316
1430.25912513037
12561.2579507094
26007.0653943279
3837.19192042236
2853.41938692288
11033.9016629023
10137.0685959493
11443.34288917
-607.882709619027
403.815666768907
10184.8100676292
23310.738863745
6013.67851742668
10639.4594415875
-2213.24980602868
2270.79576609854
15807.2303211282
8762.06703984903
16937.8253285664
19571.0283416524
6008.73311490282
5576.53067307919
-2819.65697466171
15549.0845034552
12062.2734305879
3539.33360736125
-9053.46349024053
9194.34899976487
13747.7887144396
11887.3953878943
17750.5627484071
206.453845967166
6799.28453897597
-510.206119861727
-1127.03509918616
4527.36693321962
1500.54548606552
4448.83959244081
