2.44082220023365
182.790272558898
-89.0534322954539
100.616104473592
-0.529846960165006
-78.3643154539462
-145.669282161527
101.916714476213
0.193463163187958
4.71258903723032
1.6974097725335
82.0382407687063
-176.503317100281
-36.0642657364134
3.2192510751085
173.410045060622
100.611267967353
5.24840038330786
114.68972282442
0.56553594079653
175.629975997219
2.5098992156571
-96.3048626868956
3.86733958548729
177.562977886861
-0.563356443979734
-54.5705405546558
-178.476443427869
-105.767234069349
171.931682686071
141.865517608666
0.395501845624693
178.606662345804
174.881168663174
-99.4710211360869
82.7599335669191
5.17538210079847
7.54688290543177
-184.013352390347
0.12362009265212
-84.0390699365842
-1.20763651577085
0.280957312821627
-89.2607096978286
176.368022468395
-185.041065197587
0.960076093259128
174.579909345046
6.83578660760671
-75.517011944876
6.40396238689207
2.94440001413701
-0.0912541404660451
-137.455483008425
-1.51616485614872
0.585187512197442
-0.593511935996778
-81.5614702170592
179.704889251966
183.750123330032
-0.222738682071432
3.76616934951323
-120.274065821058
-0.156340832402429
112.902918964946
1.50010310076083
3.08784275844268
-178.83176959283
54.7248102910524
-0.388636805346574
1.5915809093065
79.1128702278314
-0.362870201183197
0.0392672639539373
4.97998497914313
172.057431386597
-109.780645147872
-185.288905557681
116.577255920742
-112.235170588261
-140.881978966986
0.169214102859804
-182.457334332093
181.234715558179
183.558987864724
4.7503053479684
-1.12327849245572
180.313164181632
2.3761320858062
-93.8711259297234
178.034727196981
0.395422894104073
-0.479545040130028
-178.895043661428
-0.656735764763625
1.33052702586242
179.88674547515
-0.775664663292794
4.1085980605971
4.93549988044185
0.455413710722995
116.489746074527
-180.461604569823
1.40104148651955
-123.272676552191
122.273212096442
4.44448471527667
-91.5487387103719
178.310121283865
-0.350640817558514
-67.8814287283645
106.573096527993
0.0448085978969916
176.795602263097
8.09370945314948
2.00018567073734
170.526264794783
-154.305578668889
185.353506272051
-116.519142656068
185.43783627633
132.203465508369
-80.0673524770926
7.18804521754482
-177.782898986176
0.252015990058875
180.76855307457
0.495360482431791
-110.960501891552
-0.680061288433608
-179.06740996562
171.041647706574
-180.847722883596
0.0472575140064662
3.12459471966718
3.4932706318019
177.166301125207
2.50036973056816
81.9385717383931
-67.7252850167966
127.602132669683
-0.276630023372887
175.108414862419
44.7572525245498
101.932670611297
5.38180233873292
177.246814545825
-185.291857739727
-99.0169724114177
0.80917730088037
0.730822101628923
-0.529051618252657
-180.313682365102
-182.720208172293
-173.245684608522
-129.928615074447
2.56199567809718
-0.870063960051974
5.12367494677573
12.1373091393942
-185.152240060927
128.951084840149
3.94826001547874
-79.0957213302629
-116.576172204241
51.1667958796262
-0.0023657090462622
-92.9740843874782
-0.15412404091514
-124.835055437322
178.546555993883
3.65382612142017
-120.817706970592
-0.902014088474822
177.273941654309
-0.405570212372327
-94.9211647379117
84.1358339585781
74.3733804754518
0.080962330065527
-0.404501656456718
182.143497286978
175.313776634551
-0.210067715874844
-181.752236045017
79.15022673723
176.567959118863
182.879784016856
4.02954341417361
-110.175931564404
74.5928226900223
1.7836594128417
0.945613287559966
2.76504470397275
-98.3457755976268
-177.593889933989
174.431896180939
-184.4488599931
54.4088935038661
-178.752766933437
-88.4704653695536
-141.867410260776
-89.1555774071335
-112.39105125731
3.02958032193479
2.59565975504602
-142.844586518922
114.948771068958
146.21677115982
1.37337790061872
-138.497590345849
-112.371084827842
3.47289238143699
172.481173012308
3.74148213677524
179.23882721038
175.067242682407
-125.455684011133
-74.1488011503128
2.33581850044646
4.61894921631051
148.782316594349
-153.771576160664
-1.08236847985929
1.6326831136081
3.75328008915221
-0.722397327914773
8.89806050045226
178.809572710402
1.38854227947956
1.40788285069463
1.58235448564454
89.6177769630763
1.74187401871169
-141.614049991586
96.3854201392846
0.415766772301469
2.83916612251787
99.7081484295882
0.231185502996048
-110.242743223819
-176.299619019223
179.432618575917
-105.530766544532
9.6218288768211
6.03940734047021
181.25362941019
128.540884108921
184.422826298919
-56.0862980563481
-0.645916029949195
-0.834642385942272
101.057930303927
0.116122230631856
-180.549284142934
-92.7412842998091
-0.107081759145259
-184.288612102167
0.515910167417336
180.987863654597
-0.457026898785002
1.06530943355015
80.0756403750799
-0.411371439857548
-176.493787141533
-154.548425826359
0.848888698554195
115.071992167034
14.9558900045462
4.07465419759435
-70.8882851832293
179.517169973305
-101.984900169862
-178.196094175891
1.17168298475271
-145.119855178396
-0.0618100323082106
0.649469508575175
-0.554982201254248
-1.05493887674642
71.9476942405134
-0.207741960881164
2.8108425394915
0.843963350441371
6.22584853473047
172.922556928269
111.228845274539
37.75095632572
2.76421339389884
-179.860531920764
3.40555573736609
3.03197449201456
-140.092535587778
-177.957228771667
2.90016805211139
5.3199051172643
-0.239917973481782
106.805604292084
2.07041962098428
84.2890693059305
2.42854580331427
91.4857266063204
-179.438837088469
176.14416432149
173.453153054886
-0.741428596969263
-0.395479048173734
4.60198145005567
178.283067119837
173.900350071548
0.902043395858073
105.37259661832
182.339358122361
182.199483611245
175.06364394233
-184.763332536578
-1.12778665977656
124.595751481292
-144.122287480787
4.45027262273646
65.1555117105705
63.5116497042186
-0.626260035294023
-115.126929178382
5.10583686620999
107.05291106213
3.52931758444969
-1.06041739418613
-0.890355067422366
1.22327058067967
-110.40332432707
103.413444570579
-81.1085397984225
-159.470459740336
-156.953870874261
-0.140946442097733
2.86412535972628
-0.178535605622307
-82.7469784481482
-0.20835299678895
6.17971780305964
1.25156320715386
-180.346699673505
-181.715129448886
4.76962881855711
2.88460905902451
-66.2471692327479
-120.468047731758
179.115831697404
9.08881125679378
0.596528678227449
3.82552938638001
3.38888737725127
0.942834141251317
1.76959005114521
-92.9408977762591
-184.426112159948
3.94592896064008
2.29465242602044
1.09632106863205
-133.242728512762
0.331685717266827
-153.403691136315
7.13362980639868
145.961721794417
183.422059497886
3.87274099030041
-0.594892468737185
137.598238151435
-0.475953388567571
177.571598357857
-173.881238102536
176.840490607103
171.539350637266
-73.8152482896734
-116.550851121521
1.85196713050785
-0.770645433414794
171.936819962644
174.27977670417
4.88671105561273
178.091919664889
1.56229080251098
-81.4607267289648
0.531553610860151
69.499436560633
-0.627077157404117
4.84121388275043
175.574548668297
-109.518338463792
174.864201317928
94.0743283639945
136.121392018006
3.93336328766361
82.5587095906991
-0.805294791689151
0.307220831921065
3.07485359377335
141.644258235562
119.559921296036
126.912949423659
-0.288621773871544
173.050540967244
-54.1149420276881
110.322637883634
0.113482442224915
3.41625367430988
0.560356333987123
5.43003029154522
0.737015758449527
80.8948463268509
87.8622328046746
8.86851471210498
1.98964877028812
-60.4092366595546
104.432324146635
176.544574550966
-140.040626405191
-125.279334139629
1.64811739624109
3.15256435444124
174.146568918711
0.264782036698733
7.95300577978888
8.09553596201905
107.988263178457
6.19082460642045
175.530055546698
6.91169659590306
64.7228849939044
1.28908636651515
173.052297508605
100.143375302678
-99.6945163449413
2.16170258778107
3.10445495194303
86.0998072058363
0.526069972223875
-178.198881482863
2.60828962613716
-181.506932666839
143.775458111798
102.455288658664
3.53166830580444
0.247792073790455
-179.920313579606
-118.600531272443
82.6710324926743
177.033049274637
-0.910429381343122
4.58094730367469
3.28198727864688
1.85634798512944
2.27343167587423
0.610367726026829
-125.975411410222
2.1625163035233
-83.3664187881326
1.83656414686627
180.729192001736
1.90815046020496
-126.637037722528
-130.067662862863
0.961161921751904
2.28478715683364
0.779641094976086
0.736297809260086
6.66228217663628
-98.9674064690992
5.47766634945911
2.39494426904554
1.55167690075037
126.441421453616
1.40890463542685
-0.924703020290181
-92.2474968452188
118.092969870177
-0.476844423988052
-176.538624278176
-55.9934649102873
-0.288118917670476
1.11322780769981
174.920293972029
-0.986178080516339
-179.286722125654
-76.8653651234444
-106.798495829993
-52.2532772220578
170.906316576416
-180.697835652881
-0.132759736860338
117.33864928627
105.334519752291
2.23711993774898
-183.200621181609
103.053530410046
121.183179032077
-0.403331344715566
181.39572687821
3.12239327323293
-131.604144898242
1.04315264172716
180.909445430225
-0.983992751304692
3.08028804824203
-108.958119917059
-184.48053329085
-126.977802936165
68.2474377441553
1.5944130682449
0.761954124866252
-0.490569756743238
3.5921993752425
180.732800236387
179.839244547176
173.486295680318
-179.548693666436
6.18426949096383
6.36221713425182
-86.7503887859592
183.593064086347
-183.672748032729
-73.6488747925244
181.171717286812
-0.111966951045459
111.692959703396
-91.478775821492
-0.905650849523895
74.5403356674603
-176.502596362164
104.367526245389
-0.797379257829143
2.12748943472396
53.3941260728301
-0.12752160341393
-163.008995756842
6.55054029945453
-0.915187621549104
-56.9399258196424
-79.1406202488867
0.999087256663147
179.145880759164
175.081929501432
-159.118708673256
1.39236846460817
