1.49804314810982
3.34345613586086
-179.402624924011
3.27274224940065
-181.455831084074
10.3139349627701
176.823457755323
-181.749653775096
1.17914018341326
-1.79076930271971
10.1718660343218
4.16792492647317
181.714268613108
-176.609666056462
172.963218688412
-0.630066679709601
-0.934025915551553
-4.71681272211763
-0.706437433548563
-0.78498283110683
6.7730556686363
-1.81539451901329
0.622233659148145
-1.25010941064971
-7.78667523293583
179.515612305027
174.594501089313
0.085445649159573
13.0692749313157
-0.895819420718711
3.38529004449977
-0.097879379896291
0.695469770912157
1.53701023375158
3.94692239166325
0.591264190214253
8.99339899020957
173.589630882582
169.151260981652
2.6806993197253
-2.22352368548638
0.887538713982278
5.14481773363264
14.086042771782
3.84562802606999
12.1678027539309
20.6150781838432
-0.903490112160601
173.782405763179
176.158236821006
12.5307348175999
-185.009337298216
17.3450879651166
1.03420265063509
9.62864280088708
-4.43822375833206
-1.18192151665547
7.39387357163962
2.97560795488681
0.276753380782736
3.859575035358
-180.534557777143
0.848466212541028
0.541596652462655
14.234901978016
-7.26146909435736
2.91175888292361
6.66834566812757
7.16204388596237
-176.507499012748
-0.32157567332419
7.86647143734802
0.447004108462913
170.997951946888
0.967022088304302
-3.97000276185535
-1.06740023992543
2.42824023992336
12.397961275769
6.60196463355977
1.4639275146134
4.69439302875019
-175.119671471806
1.0135545379922
-6.060419506712
179.377932126981
175.03852104005
-178.823805490291
3.79647339403064
4.38623942060579
174.927797020323
-0.236923698620588
-3.79736218701218
9.84763691180486
-178.092928649303
14.0210711344788
1.39118641857089
179.345049787922
-1.75467328242069
16.8983957330928
-0.187666460049567
11.0189484624219
-4.6673771246349
-1.19588096145164
-0.130102470761811
-1.63225319226877
1.45322353243234
-5.47931667392027
169.302420712228
0.0129404413704869
15.2435096758057
0.030971057339007
-0.866966364660143
-174.669913624623
15.3018014710128
-0.235086435673929
180.908209098334
3.50053065055935
179.72019043244
185.731071779454
18.3053342448738
5.2126554815472
2.88469419191537
-0.904237432714644
180.185197134853
-0.516926156440145
168.509041102139
-177.86554427209
-180.266606737354
1.46545693065606
0.448339280558811
2.69397387985305
20.3082718846138
17.0946733652743
4.32453290368754
17.7071305755365
-0.260617472434352
0.415915484503991
175.678003282173
4.11007337652225
11.357264414998
5.04058829752993
180.907359929648
4.73156669296679
7.77264639740986
3.98482652929533
-178.540428048165
-2.38433386769377
173.567296897162
-0.582675690514039
-2.70558811497717
-3.94403893748005
180.214150426175
-1.38134506523286
8.38106006755158
177.073992745916
179.983245845691
170.16420921237
4.92759059905333
0.611106439936925
-176.75070655309
-3.55474533518972
-180.288711758918
12.7321949991041
0.500586470785311
-1.85906997384135
180.887646407598
1.2228918299167
3.61142903739734
-1.52943919559139
170.468155988582
173.347020693015
172.823609963488
183.092632457667
180.826692235876
-1.23981092298149
3.93677053412362
0.100885336458102
15.3340974303971
8.21297284431254
-0.125345943425084
-4.61725760024352
-2.76567927855165
-174.790024610743
-172.364538160446
169.952470120595
-0.819006498528168
3.09977065124012
-3.95900521713754
176.968331975628
5.60699968677728
-0.402174140422645
182.834240935626
175.03041259956
-4.62330687374652
1.20336412682703
-0.562248097631324
1.58496538565127
184.624935932706
175.112921242405
-3.48746011604344
2.05489910703797
-2.5954681363224
7.18672038623195
-2.40484597284517
-178.739366900924
0.711261297766941
3.23061584089348
3.25755106056949
168.037511732674
11.775059149147
3.57481345116816
-2.83684005104985
-1.78702321855677
1.23517659852019
5.68193829820764
1.65423600273135
-2.66221272127868
-0.59023781727081
1.61021409377145
2.31982978020987
-0.619040246640071
174.64901933429
1.68517238399734
-0.895988356214688
178.367027583513
-3.4756422677584
4.54798881359775
-0.511564759053256
9.93764470355005
-1.14389266430534
179.84297864242
181.173943693525
-2.39101767868412
-171.018378508776
173.201774255889
0.842105234490076
-0.797737710319904
-184.332809577072
6.49496016811723
3.55448312927058
13.3703742425628
3.21094458901612
170.697701953936
-3.70087204811984
-0.497747598028849
4.30008534298528
170.721154232279
181.1105413996
-3.41479916915923
12.630859179163
171.225059343969
-1.44786643287345
1.68565128290374
1.15711359279951
-2.31116305459114
-0.812047882811869
-8.32173209445212
182.422345141015
-0.711795228088144
-176.462709427654
-172.275067220177
6.41691972521644
3.54813343457384
12.0027302327018
-177.443503263777
183.250339027537
8.18233072547209
-3.9441211425981
178.41197935469
16.2748270798761
10.2599324185507
0.333212629258831
-3.15618222534665
3.36824303413389
0.191131117482508
-0.900212911108069
-2.03832468597377
-0.150866094094887
-4.79622946306693
9.59426995903725
-0.878521926151722
-1.04196228896547
1.62380064373373
-178.812505614875
169.126822350486
1.86063005346255
0.276922601127455
15.966231017434
13.7103950329031
-0.435074440536016
-2.19833239896175
1.0676960744532
-1.21042019780467
-5.12143604690391
1.09060336320251
16.1011188160301
-180.870111347506
-0.160777192351021
177.807444721166
-9.72231047003681
0.375818136453458
-0.0508658364266655
0.885022155357193
-0.148677331161993
-0.75487639437522
14.2142330831926
-178.055384297911
13.5983372256375
2.23755533457849
-0.196992493615105
-174.839421708119
175.543200996215
2.38283134245406
0.5720421990632
5.1432932929874
2.53038809663224
178.406152420159
3.69025100454754
1.47226354540774
-0.655968681431446
-4.55450116930342
0.544217424352412
-178.153797904183
-0.192635509142867
-1.6834732900629
2.32262892910342
0.388120366816545
14.390437370754
178.348335180417
0.651296632985814
-178.468618186067
5.6311839808268
1.49449494975995
9.64283575574732
-2.0865767483261
-3.79653791436744
3.64461651552655
-4.03572267651505
178.106351076801
4.86829576897319
175.795720797895
0.490016490712746
-1.95081631120132
-176.957307690707
0.0629215724147113
0.0941411158749962
1.66309830735021
12.7759650169296
6.16421212336183
12.8245992510036
0.441378366882471
-2.95499424131526
0.437880740896509
-1.99066611566577
5.56503999812271
-0.0631342304119595
3.51116983400576
-3.19154865443485
-181.9010537299
11.7918430870219
3.34881792771817
-176.207997873745
-0.742846756471094
179.526101081343
-1.93291506097815
-0.42026963636138
171.731919389767
12.4643231734792
10.2443872710309
3.4624293518983
181.516702731259
170.753437321898
4.03087497845108
3.11333587713872
-179.802674304502
-169.354866895657
2.51840654366053
-182.541092340922
2.06084237021084
-1.61458922041573
-4.34612481068843
173.296355698515
-2.9797883349343
-0.0151756266847804
-5.42791738079866
1.53200649304657
-173.326911542779
-4.58802265916957
-4.37524955681692
16.4848295815988
1.55170507348539
170.030794233008
171.526953323112
177.921943294497
-180.73501408975
173.279992190117
12.902389614856
16.9433090797486
2.13524478384596
2.60948564069301
3.04015316052844
174.443154199381
-182.827640804645
-0.940516259229681
-0.427405841290752
172.1345947089
6.27285239322678
-178.797904911291
-181.019788580115
-2.99786906737914
0.92079171753686
-3.00408210854497
0.732232549149533
4.37337805443978
-0.741336771762642
2.91641360934422
11.0359098089478
1.18868734899203
-1.24028423929366
2.49060653534664
179.689703024754
-2.74327541752354
1.84063062067119
-1.30232434667839
0.125642597693781
11.2189543355615
168.074349883231
5.11005270570837
173.304366208793
175.973138843581
-1.82673177501882
12.1831023451703
3.13647113182466
-1.00192844452461
14.9465714623916
167.832266385254
7.70263344144112
180.610944258894
177.772134698356
-184.993622099207
0.0369660918849122
12.54812428166
-0.129222083374712
-0.33467222995823
-179.487763571839
-1.25311989524602
12.9335298004908
172.297237988221
3.31930821441859
-182.992381531689
-0.950319382222187
176.902186426701
-5.02481307623484
4.01699682530033
-178.253962404673
2.13008944653753
14.8258587211328
1.23421052795769
178.950279998625
-1.2203147894493
7.04490667497841
7.99427716607358
5.74506392123055
-2.31914187676436
-2.44258122737004
7.27587245211047
1.53810916942581
1.84099647663987
-0.987631709610166
-176.187098850199
-6.36385354691341
-2.94981184013193
176.059891448634
11.1623677593573
3.59027234528362
-4.76364474749915
-179.095450995044
-176.53441792598
-176.950560042128
2.63836316555484
2.01208635564888
-3.54015220891584
-180.998230053379
-1.90992463701296
-1.41449057950838
177.528010145098
15.1628329523861
-180.573402936348
0.386020372017709
0.0228934861279574
2.22911160955574
10.3222435776653
-0.0149261985151265
181.687304721723
5.73329029037895
11.073557582305
-2.34672510061162
3.5291953835018
1.01817679210055
171.632289948325
3.02947921517301
21.10066315483
171.579265112448
167.588907724844
2.04615799715163
15.6908693685045
171.72326008943
-185.354863055966
4.51455924455988
-0.767357325645504
-2.8058680664237
-176.624758944943
-0.957033426160002
-179.456639409456
180.95486604059
-178.478221283291
-2.92827668709095
-0.173838093666496
174.437434772886
1.98603700351082
-0.019966172552888
9.99056362708457
182.152804337168
-179.918176603854
2.59105786566831
175.589688871182
174.277262474819
6.72086996832394
-0.836653075259683
-5.35032798706967
174.914412867118
183.420701211732
1.05466414232609
-0.159938215191445
-176.528498952127
-1.57598049962261
-0.216709878305085
176.166682501732
14.8421493730088
181.42077682684
-0.349628386817615
2.34265578382289
1.82701871612737
-2.67506869841477
