9.00957456168509
5.83555404081559
7.20335720438001
9.60383243701697
8.77826841648044
10.3104238733006
8.59053062512694
8.78231834365061
7.16555674503975
11.8982917181196
8.96064730567999
8.49793270367877
7.65512140898734
9.45247871522084
10.5260317731452
8.99972604679751
11.6394291177038
7.59424162442466
7.72383803160656
14.7369983043517
9.34392395528984
13.5881560268189
14.5754433612191
7.99003259260735
13.2113821582151
13.5671871300108
11.9176956511689
9.34890915520023
8.54740075188573
8.29249269238067
12.2092164798363
7.55440623824938
11.4109442589773
7.19041429066954
9.41656742665461
7.27983109017826
8.48444012993799
7.1946318099969
8.90430375695077
10.4579154585958
10.5771414418842
8.20122120785736
7.88119541364898
12.7672569481928
8.62431130485928
9.74719942975305
11.7084278297896
12.270030650942
10.4046038815812
7.43149034774322
10.350977073749
10.9778380559351
12.0319011915504
8.27375480212957
10.2467609247366
6.06659059212907
9.89780884069719
13.7512344599234
12.0935051876677
9.19251167685836
6.98013034049862
12.7991360659679
6.02027718084912
8.62241500323232
9.2808555688142
8.63500516741678
13.4064700107425
10.5659243879027
11.2138863793756
10.1640356995209
10.5818386931825
12.1352979388682
10.8132231284001
10.6687869039735
7.18715804354649
9.65601062081997
9.48663394369815
12.4610644650692
11.7507428263192
8.0424449692019
13.3342438100766
13.4824860268315
12.5686014655016
7.78408667470238
9.49527959388857
10.3264924878401
7.84114128574009
7.54856486577721
10.0543247946769
9.93281039307317
7.88940564020567
12.0883552154504
9.71182497194292
6.06998341700739
11.2859740558612
10.3256547058162
11.3458171833253
8.20047998946639
8.60042707551554
7.83585862730954
10.3786469140729
7.50603507669311
7.806455948417
8.54593486860338
9.13183671188546
6.70840843297741
13.5447356008959
9.42172888178683
9.25607941274795
5.48908533754432
9.07052314573589
9.43156823631624
12.7547786314285
9.56693224580569
14.2604935683782
7.42590935725848
7.60911248791564
9.48134204077515
8.2170792670706
7.87679869843933
9.23898835020008
8.23253996081075
10.8212939752389
9.51991116442752
11.7666144618428
11.3482612212047
7.9033849086452
7.70104774072493
10.0723922709855
10.3725360513216
9.72307326318301
13.0474500691139
8.6216806711601
6.94941786112522
11.1288901084554
12.1577725621579
9.31469078668813
9.65585159709489
9.07662105943266
7.94351013552572
8.09378036869596
7.91821541424273
11.383556674731
13.9511197978398
9.11692205445879
8.7977407340738
13.4864799514222
11.8926634274096
7.35544849347211
8.13036499171664
9.42568673707666
7.06592099074668
8.79904482484867
9.68431647809331
9.44419489426659
8.14619738442245
8.17822530123251
9.58207892699795
8.07834714962882
8.65414413956855
9.50991628602335
8.43415893105734
9.85450748604808
9.19850084678302
11.3874183118624
12.8556157227119
11.4066477153336
7.87425542781928
12.3384656321271
7.79265343473842
7.34549808894121
9.37052689851071
12.5423537531574
14.5814477746691
9.18407478958823
8.26341987242241
7.6267287185191
9.87592471328557
8.56112733392362
8.20994602086071
10.607255656836
10.1096482806214
7.60306613519406
9.1257676651678
9.05237030049432
9.36370733816886
6.01413746334897
8.24372188106081
7.64454048189076
7.65375007248618
8.54313988540374
13.1280987535298
8.47423118751987
11.7460532269906
10.7140625769283
9.5741761798106
8.12953630186023
8.38891252746016
7.94125638254672
8.4366167477897
8.55927976107042
9.05977088327947
8.84383522352344
9.18227301394344
8.39833471404283
7.08156745024476
8.83032513360163
9.80078996685868
7.89718243356674
9.92573577831061
10.4497589200997
9.20706514343718
13.5270859482494
14.3495333395101
8.32236088554081
9.19145621428486
8.98770939460196
7.51523881811727
14.9922955798216
8.27080989746522
7.83022324121731
7.89037815563564
7.99815477813068
9.60310058478889
8.08716046316551
7.37742677754863
5.79875703944108
9.80449504549622
7.55109523646374
6.91888590318519
10.0342080515556
14.4577678740551
10.3937238237785
11.910367051842
13.9320258186143
9.66320409655195
10.122831845215
9.40019153869218
8.68008832590168
8.71423095058577
7.42005443184864
8.45594455389406
10.1521012655172
9.26902982095213
10.8890626227049
7.15769867360809
13.2668065608203
7.26769363422223
12.4432980775946
12.0771527170504
7.06674566546594
5.95996946164726
10.0262514701163
5.03654828770892
8.02843880142881
9.89536534726436
7.83058545091037
8.01096380782194
8.16179157329683
9.03170772815598
9.40195025995959
6.63153303062887
7.92461335235034
8.46670715414774
12.4888671483497
8.66768720782874
12.8669655303584
8.9302715206563
8.9387395043381
9.39344230240565
8.96083696956276
13.928724969401
9.18769592317485
9.70559626795042
7.42970882765072
8.75848702364919
11.9707254808936
8.25874673705665
5.35872090687633
8.78029928210118
7.84120172111634
10.7257696254712
9.7180942296456
8.86926452921382
9.08824778695311
8.81029524089013
8.72915812862512
9.33439289136788
11.6378394439479
9.95033392244773
6.34657994798825
10.0924742149502
7.92353770827317
7.9847775301553
8.12011033407751
8.27704444722675
8.923856374074
9.35980938780549
9.05370272447717
11.0601804914859
10.5861317599412
5.29229924491872
10.853332411536
10.5235262703432
8.04826854333203
9.83809411826192
10.7937626068972
11.6255323129162
8.84208186057015
12.6779838307555
9.47803984511203
11.8350566277246
7.88761638841922
11.4594093736257
14.5183717166291
11.79358957601
7.75211563611876
13.577945577865
9.26187556198943
7.93105808049188
11.0425092935264
8.16409440601679
11.0753541137737
9.37865149616469
9.98045859618226
9.42947157252886
8.38860845532523
13.315147076513
8.19159191916372
8.27898037147776
14.6618924296396
7.78558668067485
9.29982031049708
10.5729925810418
7.35024800154348
8.58641908574035
6.95956293066078
8.43409244620993
14.3321298275551
10.4123546050014
8.96897595482765
12.6559661646778
7.52523293615299
7.44620895946262
9.91471408371096
8.13457927256406
11.0847523006318
12.4611777265099
9.42168953941455
10.0698248147037
12.2207270234476
8.40828143278646
12.7832328227814
7.4593536269889
11.9551924880022
8.63565976790694
13.3867704015816
9.02795263502344
9.34015389602663
9.68415033417299
10.2267159304392
8.21114630557474
12.5251751807736
7.21830964724354
9.12221485630449
8.92230585002655
7.42226684465863
9.67049973036507
10.3222539750943
11.559982757205
8.31158207786336
13.9050499465379
7.63680797431029
8.84820905550329
13.1979761722187
9.58568122745737
8.33737080158467
8.53484437239725
13.1785969896633
10.8526940976823
8.17399779277106
8.36120255997412
14.0254423646477
8.49115809810545
7.54386463542891
9.22837295589483
14.8352703884931
7.28702191308048
9.27216505019854
8.40142736952662
8.90276297311898
10.6581287787126
10.0329010685452
5.25204161419586
7.25665326953766
8.18281081753018
5.57556162206929
7.35870750355856
9.74728534362689
12.0028785405359
6.08433048060382
11.5147491363119
9.09401672844499
9.47135945952208
6.54269151137086
8.9723476544287
9.56406342479515
12.5835350924971
9.93207470663672
8.40522434148518
7.80668756658032
13.6070788535031
6.06522483652962
14.4092627302955
10.0419375194457
12.6687726510773
6.93488511731357
8.00257054121141
7.64574760395567
8.81337555069478
13.3667720522574
9.16185582860038
9.09313156070723
10.3784891601863
9.84154026613867
12.4811614854105
9.60833712383254
8.31277720478961
9.00157779167923
8.78826909589966
10.2160305322286
9.33116991363637
14.7165112414454
7.59756129168153
9.28814834969841
12.1937919061236
11.8867359940943
7.63764549960587
8.4380991321816
8.66193544010646
10.0050404171362
11.7748708468621
11.8208131580882
13.1320060458763
12.0466748262208
9.49958932771786
9.0615393443793
11.9063435250677
9.55635026665777
7.64124955485519
10.839519106422
8.98257580368724
8.0003146006954
13.0557924534219
10.105545136911
14.9373062126608
8.72485929258588
7.83843725094336
8.18018916185346
12.4121575450328
7.74501095503195
8.28413032334007
9.55343617527945
9.83106541966943
8.04531829541481
7.54260463798753
7.61013887182286
9.58603574787474
9.3535932677412
6.82594713067547
8.57618583066132
6.75903713899521
8.26514927465
10.4953479050657
7.96211843176639
8.11558769497743
12.6777410455742
6.4097677057352
6.96024262455068
8.97725504266032
12.1870780016765
7.70791925695123
8.84273130406057
7.45301124435011
10.3087798678783
5.43365397461606
9.2768655790358
9.31135828326454
12.7789182828998
7.97356900828416
7.77238502661319
9.45546970502428
14.9731812070163
10.2602482954577
12.979637583438
9.0798495974893
7.36048540905798
7.08804676440098
10.6423060203714
11.6695193568426
9.8612636226594
12.5202099380614
6.3595506623377
11.3363250875538
9.18943075644081
8.66398115733749
10.4900500438684
7.35869552003733
7.07170917707353
7.31492144502325
6.38620424519192
7.56140271342094
8.53345986669417
8.75670201677354
8.8485110856397
8.29784696648637
8.43837564844404
10.3779455606047
12.2447166880274
10.0414000946919
8.66128664764565
10.9742283059948
7.27182478218194
10.2331704461587
14.7768636354248
8.53490118977498
7.44182822827696
8.76013457925954
8.45032832513377
9.37037910452404
7.02398972873315
8.10869282757012
7.50217126014663
8.8783658856062
8.94801991464037
10.1816703236333
8.89138095210144
10.0742354517214
14.1803997620652
11.5985507466976
9.30114248469943
9.03948409048958
7.75060545811046
11.3277709473714
12.4020655989736
