3.23087029711306
3.73731588250149
4.16626294082991
3.96574783267403
3.47898409224814
2.75978200488174
4.0914880902281
3.57779059001768
4.49852453497181
5.00477821732179
4.1860996549112
4.00582863395337
2.89125241982998
3.30846982577225
3.90503577139972
3.56678814914571
3.34747664338019
4.66836882417306
3.35031478831749
3.74754061105969
3.04389613668883
4.08089975591281
3.60756249473951
3.83872822153018
4.68040821479673
3.51357040653144
3.34664169682688
3.5582265802542
4.8394251325646
3.28886204864912
5.60417894116657
3.60710125410318
3.92203434054375
3.65115478495076
4.04256291557951
5.08794966753641
3.91728053194177
4.3339895631681
3.59791347529671
4.07281962797745
3.46460146452318
3.70461156468312
3.6642142917263
4.51934433128525
4.57135678814916
3.44240804646074
3.1014771483882
3.1624147799007
5.0592753135258
3.05390539516875
3.10030552983756
3.70680666610556
3.98957410992341
3.6608509384732
3.34662486322702
3.58171955222625
3.14406278932751
3.34238279606095
3.50912970288698
4.0708130628735
3.08588250147295
4.87633448362934
3.61119855231041
3.54380355188957
3.86921387088628
3.38564851443482
3.47664085514688
3.30939904048481
2.98030552983755
3.24540442723676
3.10658446258734
3.9720402323037
3.49287181213703
2.96638414274892
3.88984513088124
3.67156384142748
3.1554894369161
2.74124821143002
3.76487248548102
3.97670650618636
3.18896473360829
3.82422439188622
3.59614931403081
3.19592037707264
3.47898409224814
3.6611505765508
3.2786137530511
3.25051510815589
3.69117498527061
3.87686979210505
4.4923499705412
3.38559128019529
3.9211522599108
3.63102853295177
3.35429425132565
3.97510731419914
3.02445669556437
3.31292062957664
2.87986953960106
3.46565524787476
3.68424290884607
3.14193838902449
2.48457621412339
3.22492130292065
3.62872569649019
3.14221782678226
3.28183570406532
3.238250147294
3.42599191987208
3.0164506354684
3.46534887635721
3.18870212945038
3.05328591869372
2.55592037707265
3.29107061695143
2.69035350559719
3.09796565945629
3.9105268916758
3.29221866846225
3.39968773672251
3.09619476475044
3.17005050079959
3.26865162865079
2.88955895968354
3.11330780237356
3.06444322868447
3.10273630165813
3.48652891170778
2.46771231377832
2.87266812557866
3.40629660802963
3.42950677552395
3.26693123474456
3.01189209662488
3.3178124736975
3.06224812726202
2.89178436158574
3.99167157646664
2.87625368234998
3.30914653648682
2.98906573520748
3.05919451224645
3.37940661560475
2.94823415537414
2.76572426563422
2.8160870297113
3.63588670987292
3.55638835114891
2.97191903038467
3.4320250820638
2.08566029795472
2.70537917683697
2.96976769632187
3.37207389950342
3.34425132564598
2.40129702886964
2.94913306960694
2.55678899082571
3.0208240047134
2.79385321100918
3.43823668041412
3.10712987122298
2.7256131638751
3.11563083915496
2.71983587240132
2.36722918946217
3.60665684706674
2.7950753303594
3.515627472435
2.44828297281376
2.85224223550208
2.80422607524619
2.94326487669389
3.2283014897736
2.63435485228516
2.95081642959349
3.34645989394832
2.90029879639761
2.99110596751115
2.81561232219511
3.25588839323291
2.77538001851696
3.05740678394076
3.22657099570745
2.74083073815336
3.09895210840838
2.58382038548945
2.80113542631094
2.48457621412339
3.20289622085684
3.40589260163287
2.70360828213114
3.04779479841764
2.94899503408806
2.7426891675785
2.9719897315041
3.29010773503916
2.64558623011533
2.8599755912802
2.38545997811633
2.92622927363018
2.76600707011195
2.63169514350645
3.10995791600035
2.65435316892518
2.74083073815336
2.38387761972899
2.41018853631849
3.02477316724182
2.66854052689169
2.62513003955897
2.89119181887048
2.71611564683107
2.68850854305194
2.76572426563422
3.0062999747496
2.85905984344754
2.73898577560811
2.4579252588166
2.600876188873
2.61300311421599
2.31632775018937
2.68192997222457
2.63406194764752
3.04066071879473
2.61907331032742
2.70537917683697
2.48457621412339
2.50962797744299
2.71040232303679
2.59733776618131
2.57931234744549
2.24486575204108
2.69355525629157
3.01621159835031
2.53798249305615
2.72284572005725
2.40129702886964
2.08234744550123
2.29434306876527
2.58120107735039
2.82015739415874
2.77646073562832
2.68379176836967
2.4674631765003
2.54115394327079
2.47797070953624
2.62676626546588
2.75691692618466
2.80420924164633
2.64558623011533
2.41479757596161
2.38570238195439
2.27615268075078
2.67591701035266
2.39967763656259
2.51878208904975
2.1027767022978
2.51293746317651
2.48341806245267
2.45179446174566
2.63013298543893
2.61907331032742
2.41061947647506
2.7132270010942
2.79090396431278
2.39714922986281
2.15766770473866
2.45574025755408
2.24081895463345
2.58024829559801
2.41028280447773
2.38080717111356
2.63305866509555
2.07855315209159
2.08234744550123
2.55592037707265
2.65435316892518
2.36827960609378
2.63435485228516
2.60051258311591
2.55148977358809
2.34361501557109
2.58973571248211
2.36614173891087
2.49900597592796
2.51152007406785
2.58446006228434
2.79554667115562
2.18081053783354
2.71624358219006
2.55592037707265
2.40515528995877
2.24486575204108
2.45799932665602
2.44828297281376
2.47097466543221
2.54115394327079
2.23435148556518
2.80959262688327
2.28764666273884
2.09569312347446
2.44686895042506
2.69710714586316
2.12972056224226
2.15818954633448
2.13127598686981
2.53169009342648
2.39500462923996
2.17671323962631
1.9772620149819
2.56173470246614
2.37657183738744
2.73606682939146
2.0450239878798
1.9853892769969
2.88592626883261
2.028500126252
2.10898156720816
2.47903122632775
2.22978284656173
2.56492298628064
2.20461998148303
2.25281121117752
2.30941587408469
2.24488258564094
2.2361392138709
2.26951350896391
2.21821816345425
2.56068428583453
2.20614847235083
2.59909182728728
2.40698005218417
2.66096204023231
1.95778217321774
2.34367898325058
2.40227674438179
2.10747664338018
2.14538927699689
2.23234492046126
2.42002609207981
2.70049743287603
1.93380776028954
2.40653901186769
2.24486575204108
2.36722918946217
2.4716143422271
2.31837134921304
2.22870886289033
1.91408214796735
1.95778217321774
2.04855904385153
2.08726622338187
1.95950256712399
2.16201077350391
1.9772620149819
2.07911876104706
1.93705664506356
2.36093342311253
2.08654574530763
2.03320343405437
2.00829980641362
2.23202171534382
2.33676037370591
2.05861880313105
2.37627893274978
2.4548615436411
1.82794461745644
2.19789664169684
1.86864826193082
2.35683949162529
1.82937210672503
2.08130039558961
1.98921387088629
1.98180708694554
2.04379513508965
2.02721067250232
2.14151754902787
2.33312094941505
2.03971467048228
2.12873074657017
1.95906826024745
2.12624610723003
1.88908425216732
1.97273377661813
2.16133406278934
2.08797323457623
2.25461240636309
2.36473781668209
1.96389613668885
2.3799385573605
2.09597929467216
2.19847235081224
2.09418819964651
2.36885531520917
2.22166905142666
2.15974497096204
2.30941587408469
2.10898156720816
2.13419493308643
2.00058328423535
1.9469884689841
1.91925006312601
1.8865120781079
1.97757511993942
2.07324720141403
2.32193333894455
1.72624947395002
2.03291052941671
1.76444491204444
2.23192744718457
1.86873242993013
1.70327497685381
2.13149145694808
2.0165752041074
1.86671576466628
1.9032009090144
2.1581020116152
2.03971467048228
2.07640181802878
2.07831748169346
1.89746065146034
2.26197878966417
1.97406363100751
2.39599781163201
1.73247117246024
1.9272258227422
1.87759363689926
2.09569312347446
1.95778217321774
2.05211093342311
1.88908425216732
2.08726622338187
1.96387593636899
1.82937210672503
2.09497601212021
1.88598013635217
1.99122043599024
2.22939230704486
1.89946048312433
1.95380607692957
1.84504418819967
2.00692955138456
2.12265045029881
2.00187610470499
1.9853892769969
2.35038212271695
1.80338776197291
2.06650366130799
2.0455862301153
1.83834778217323
1.99031478831748
1.85254860701963
1.67470835788234
1.84672081474625
2.17063631007491
1.83999074152007
1.97768622169852
1.95948573352413
1.73247117246024
1.7305521420756
1.96185253766518
1.87660382122718
1.88374463429005
1.97056897567546
2.11331790253345
1.68412507364701
1.75630754986955
1.88603063715175
1.82937210672503
1.96779479841766
1.94889066576889
1.80744802626043
2.27341890413265
2.11263445837892
1.54659119602726
1.99262099149905
1.7731377830149
1.73051510815588
2.05712397946303
1.77466627388267
1.85080801279355
1.79419661644644
1.76030721319756
1.890252503998
1.8788999242488
1.6790379597677
1.97088208063295
1.76010857671915
1.63096456527228
2.0131007490952
1.84157309990744
1.98267233397863
1.70453413012373
1.86671576466628
2.00692955138456
2.09286507869709
1.97523188283816
1.72887551552901
1.94907920208738
2.02811295345509
1.94189798838482
1.6994739500042
1.55508879723931
1.98358471509133
1.76623600707012
1.68359649861122
1.58328171029376
1.90347024661224
1.84018937799848
1.64662654658699
1.97135005470921
1.84802036865585
1.68489941924082
1.75774177257807
1.86596498611229
1.56274135173808
1.676125746991
1.84453244676374
1.77086861375307
1.66054456695565
1.67479925932162
2.10675279858597
1.65523188283817
1.75828718121372
1.61424543388605
1.61202003198386
2.04854221025167
1.85773335577815
1.70132901270938
1.92309822405522
1.58940914064473
2.01311084925513
1.93751788569986
1.62408635636731
1.82363521589093
1.76825267233397
1.94056140055551
1.6084378419325
1.8216993519064
1.56139803046884
1.63703139466375
1.91555003787562
2.15685632522516
1.87804814409563
1.56710462082316
1.64507112195943
1.97253514013971
1.8556123221951
1.77416799932666
1.99334146957327
1.26778638161773
1.54318070869456
1.81096961535226
1.61544398619645
1.29283814493729
1.78229189462166
1.95303846477569
1.70267233397863
1.69336671997308
1.63648598602811
1.7305521420756
1.73783772409732
1.79236175406112
1.55879892264963
1.5572131975423
1.73855820217153
1.70500210419999
1.61200319838397
1.53454170524367
1.58252419829981
1.46407625620739
1.92330359397357
1.75979210504167
1.86245013046042
1.5465373285077
1.33998569144012
1.75035182223721
1.61438346940494
1.48305782341555
1.81299301405608
1.83210588334316
1.58346687989228
1.55827034761384
1.69895547512837
1.68558286339535
1.51075919535393
1.52722245602223
1.78035603063717
1.97505344667957
1.42827118929384
1.66637235922903
1.48624610723004
1.54659119602726
1.55508879723931
1.6247866341217
1.5761139634711
1.58697163538423
1.81940324888478
1.73910024408721
1.34141318070871
1.53237017086104
1.60436747748506
1.69224896894201
1.9144491204444
1.59596077771232
1.07462755660299
1.45912044440703
1.38088797239291
1.31970120360239
1.47992004040066
1.61370002525041
1.75693712650451
1.61106051679153
1.56252251493981
1.55412928204697
1.49389192828886
1.72420924164632
1.55889655752884
1.22711640434306
1.71295766349635
1.53203686558371
1.76632017506944
1.60065398535477
1.42125157814999
1.82713323794295
1.57775355609797
1.61541705243667
1.54396178772831
1.54812978705496
1.4835392643717
1.55449625452403
1.58926437168589
1.6645509637236
1.46897483376821
1.28444491204445
1.68739752546082
1.63744886794041
1.56235081222121
1.64423617540612
1.91268495917853
1.36354263109166
1.41718121370255
1.47100496591196
1.41881070616952
1.70091490615269
1.36074488679404
1.50531857587745
1.36813147041497
1.61940324888479
1.33684454170526
1.29491541116067
1.37699267738407
1.6706750273546
1.18363184917095
1.30733524114132
1.49594226075246
1.23134163790928
1.29805656089556
1.45204359902365
1.61777038969785
1.23642875178857
1.22726117330191
1.35959683528324
1.49636310074911
1.30335577813315
1.51686642538508
1.43025082063801
1.50092163959263
1.55110596751115
1.58193165558455
1.52446847908425
1.57818112953456
1.46249726454002
1.55158067502737
1.47282972813736
1.56882501472941
1.58884353168926
1.34887383216901
1.18500883763994
1.71308559885532
1.04539096035688
1.36354263109166
1.54396178772831
1.57296271357632
1.31345257133239
1.39378250988975
1.36074488679404
1.41276744381787
1.46361838229106
1.43439861964481
1.07462755660299
1.2786777207306
1.37652807002777
1.28968689504251
1.46606262099149
1.54661139634712
1.55687315882503
1.10671576466629
1.55500462923996
1.47924669640602
1.45203013214376
1.2444886794041
1.15377240972984
1.410501641276
1.23723339786213
1.14127177846984
1.11843195017255
1.44909098560728
1.4688266980894
1.27914569480683
1.27797070953625
1.01370675869035
1.35379597676965
1.26535897651715
1.22898493392813
1.20124316135005
1.35084336335325
1.33636983418904
1.23831748169346
1.40286255365712
1.32409140644728
1.45285834525714
1.30585051763319
1.17344752125243
1.18654742866764
1.19244592206044
1.42313357461495
1.26712987122298
1.10671576466629
1.08243498022054
1.10671576466629
1.31413938220689
1.65262267485903
1.32425637572595
1.07462755660299
1.19666105546671
1.23034845551723
1.12660971298712
1.28942765760459
1.21526218331792
1.2898013635216
1.3188898240889
1.29814746233484
1.23106556687148
1.40912465280701
1.39604831243162
1.36828970625368
1.33862890329098
1.31237522094099
1.04863984513088
1.27441545324467
1.12949162528406
1.26633532530931
1.09484807676122
1.26911960272705
1.05487164380102
1.17880397272958
1.33373369245012
1.01325898493394
1.37800942681594
1.08854221025166
1.10319754229442
1.05077097887383
1.19059085935527
1.04624610723005
1.30465869876275
1.3634247958926
1.19578907499368
1.19652301994782
1.12501725443988
1.28464691524283
1.15945879976434
1.03956990152344
1.26911960272705
1.00693965154449
0.955082063799352
1.13107398367143
1.17200656510394
0.99919619560643
1.32713828802289
1.2222750610218
1.08243498022054
1.15827034761384
1.22218752630252
1.26472603316219
1.10839239121287
1.10671576466629
0.987796481777622
1.12493645316053
1.21760542041918
1.27418651628651
1.28431697668546
1.23605504587158
1.03102853295178
1.12025671239795
0.923418062452669
1.47911876104706
1.12129702886963
1.28797660129621
1.08269421765846
0.884768117161855
1.07315293325479
1.10536234323712
1.08775439777799
1.03102853295178
0.995896810032832
1.13584799259323
1.25857840249137
1.05327918525379
0.932939146536484
1.05487164380102
1.12025671239795
1.11843195017255
1.14948994192409
0.983298543893625
1.09861206969111
1.19930056392559
1.22841595825267
0.908685295850518
1.19313273293494
0.985237774598119
1.04145863142833
1.13900934264794
1.06030889655753
1.09719131386248
1.09149819038802
1.03956990152344
1.19205201582358
0.882980388856168
1.21331621917346
1.05652470330782
0.779544651123643
1.26302247285582
0.9870894705833
1.00914148640689
0.98501893779985
1.06059843447522
1.18414022388689
1.43709872906322
1.08365373285079
0.963118424375068
1.09699941082403
1.06824088881407
1.03376567628987
1.04599360323206
1.12493645316053
0.960071542799426
1.19156047470753
1.16857251073142
0.965855567713163
0.990675027354598
1.33373369245012
0.837014561063882
0.861709452066322
1.01995202424038
1.02758101169937
1.03229105294167
1.21206716606346
0.821504082147982
0.98457453076341
1.00684538338524
1.15648598602812
0.892969447016242
1.04960946048314
0.984978537160174
0.944547597003634
0.930185169598531
1.07925342984598
1.02712987122297
1.07545913643634
1.02188788822491
1.16022641191819
0.885205790758363
1.01475380860197
1.05209073310328
1.06374295093008
0.98677299890582
0.969252588166
1.35229778638163
0.990499957916001
1.00255954885952
1.03392054540865
1.01220856830233
0.958044777375648
1.03797407625621
1.03376567628987
1.01419493308646
0.997543136099665
1.09664590522684
0.919149061526809
0.779544651123643
0.995459136436324
1.04755239457958
0.999654069522762
0.960192744718455
0.834139382206899
0.794028280447776
1.29614089723088
1.03306539853548
0.874203349886386
0.844310243245531
0.956553320427588
0.89277417725782
0.868264455853904
0.722377745980992
0.995792441713661
0.890484807676131
1.09029627135763
0.888781247369764
0.932844878377239
0.873991246528078
0.811676626546586
0.849346856325241
0.740894705832858
1.09666610554669
0.832998064136035
0.936898409224824
1.03659035434728
0.903968521168252
0.883343994613256
0.920007575119939
1.05093931487249
0.938740005050079
0.966003703391976
0.974935611480532
1.04467048228264
0.900524366635807
1.04284908677721
0.737403417220776
0.781396347108824
1.11667788906658
0.835842942513267
0.984810201161537
0.78532194259742
0.850461240636321
0.865894284992862
0.828624694891005
1.03365120781081
1.05037370591702
0.958139045534892
0.998442050332471
0.767481693460155
0.992014981903878
0.862904637656783
0.972063799343488
1.09644390202845
0.843104957495171
0.879876273040992
1.13329601885363
0.903753051089979
0.733952529248398
0.756778890665771
0.890074067839407
0.830237353758122
0.86374295093006
0.773817860449469
0.966003703391976
0.798058244255543
0.96465364868277
0.913375136772999
0.752132817102932
0.738891507448869
0.893349886373215
0.953348203013235
0.932026765423785
0.70205959094352
0.809006817607951
0.741524282467822
0.801616867267086
0.844710882922328
0.823032573015752
0.989749179362008
0.760586650955304
0.766714081306304
0.938935274808529
0.809707095362342
0.817844457537262
0.979339281205284
0.881461998148325
0.704126757007003
0.866981735544158
0.857174480262614
0.770683444154542
0.761960272704329
0.920101843279184
0.89538001851696
0.779325814325404
0.865894284992862
0.765559296355519
0.938298964733605
0.660224728558205
0.828355357293162
0.897669388098649
0.86916337008671
0.723094857335241
0.712048649103622
1.10355441461158
0.861470414948258
0.898309064893539
0.562694217658446
0.805313525797487
0.792937463176514
0.897884858176923
0.676102179951187
0.822951771736399
0.791462839828313
0.807458126420329
0.722670650618653
0.876637488426894
0.793934012288531
0.752688325898504
0.738891507448869
0.698154195774777
0.719681003282545
0.631937547344506
0.761882838144942
0.72127346182981
0.69654827034762
0.70205959094352
0.703312010773516
0.87635468394916
0.850585809275316
0.758674354010623
0.710324888477402
0.733454254692361
0.761960272704329
0.649195353926444
0.823254776533958
0.825715848834278
0.725091322279269
0.732269169261855
0.849491625284088
0.723306960693549
0.861881154784953
0.877691271778474
0.863645316050849
0.809259321605936
0.79842185001263
0.816932076424564
0.768444575372456
0.762630249978969
0.862682434138549
0.707887383216899
0.67737143338104
0.8048893190809
0.747527144179799
0.690329938557369
0.890430940156563
0.861234744550131
0.733454254692361
0.76741772578066
0.401169093510646
0.842552815419594
0.548271189293843
0.599909940240735
0.585948152512429
0.738844373369261
0.69310748253514
0.743177341974587
0.839300563925605
0.712634458378943
0.725683864994522
0.731373621749015
0.852181634542546
0.625800016833608
0.710998232472008
0.870324888477398
0.646929551384574
1.04355273125159
0.897157646662748
0.577423617540632
0.68673764834611
0.860450298796394
0.766512078107922
0.634742025082062
0.707749347698012
0.726286507869702
0.668005218415971
0.725936368992507
0.826153522430786
0.603643632690847
0.842064641023484
0.594398619644807
0.700177594478589
0.723094857335241
0.761020957831846
0.729205454086355
0.658453833852377
0.699615352243086
0.669998316640033
0.656905142664755
0.755910276912715
0.773356619813143
0.565838734113299
0.690639676794888
0.710035350559735
0.716556687147545
0.758768622169868
0.669153269926795
0.644108240047132
0.626072721151417
0.638701287770402
0.695854726033161
0.722283477821748
0.481549532867604
0.501578149987381
0.698793872569667
0.712048649103622
0.698750105209996
0.664638498442912
0.706537328507721
0.646064304351484
0.577591953539269
0.754223550206206
0.615161181718719
0.72035434727718
0.615632522514943
0.651087450551302
0.654790842521692
0.667904216816765
0.632287686221702
0.59407878124739
0.562158909182727
0.594906994360741
0.551462839828304
0.687074320343413
0.666826866425396
0.625022304519831
0.408895715848843
0.782389529500904
0.402222876862226
0.664322026765433
0.545197373958416
0.649454591364361
0.52506102179953
0.707180372022577
0.56393317060855
0.605047554919622
0.736969110344262
0.656837808265294
0.806872317145036
0.541265045029888
0.705362343237113
0.85887130712905
0.767077687063392
0.585931318912543
0.624860701961126
0.556933759784528
0.7544524871644
0.677866341217083
0.46368571669052
0.554671323962623
0.428584294251323
0.485263024997892
0.481600033667206
0.674230283646153
0.475203265718392
0.686165305950681
0.495794125073644
0.541972056224239
0.651269253429859
0.619901523440802
0.590752461913979
0.608643211850875
0.571730494066173
0.547941250736471
0.483168925174652
0.633523272451811
0.57243413854053
0.510459557276334
0.64540442723677
0.527902533456796
0.579477316724194
0.585018937799845
0.516250315630003
0.656952276744391
0.518815756249495
0.527488426900106
0.472038548943686
0.698672670650637
0.412117666863054
0.568060769295528
0.660150660718813
0.52506102179953
0.560637151754918
0.720162444238696
0.467008669303937
0.663278343573779
0.575645989394843
0.538386499452912
0.710523524955818
0.480788654153685
0.449269421765848
0.650656510394754
0.608936116488508
0.437290632101679
0.608703812810376
0.577591953539269
0.50718037202256
0.427166905142684
0.503173975254612
0.436432118508549
0.522610049659136
0.407464859860283
0.554671323962623
0.579787054961713
0.526017170271871
0.427173638582616
0.412009931823917
0.609885531520916
0.515667873074676
0.537777123137801
0.462207726622353
0.454407036444763
0.438122211935024
0.455454086356383
0.557263698341899
0.433533372611748
0.447831832337357
0.42656089554751
0.502062957663497
0.52506102179953
0.444061105967506
0.564751283562003
0.474405353084762
0.43439861964481
0.497962292736304
0.529053951687587
0.43443565356452
0.512257385741947
0.681350896389205
0.342194259742456
0.468553993771565
0.649828297281374
0.416066829391468
0.497161013382708
0.436277249389775
0.623207642454332
0.420675869034596
0.429284572005741
0.579702886962394
0.574915411160674
0.45798585977613
0.432577224139379
0.478583452571343
0.506062620991514
0.495625789075007
0.564727716522185
0.429961282720313
0.488515276491881
0.419591785203266
0.45007406783941
0.404805151081575
0.433432371012543
0.498504334651983
0.48050584967595
0.4331024324552
0.451030216311779
0.458851106809192
0.436216648430275
0.369478158404178
0.503436579412522
0.437482535140134
0.401064725191503
0.415447352916431
0.422567965659454
0.428294756333656
0.454407036444763
0.456945543304442
0.464002188367999
0.46062873495498
0.38058160087536
0.480963723592311
0.434109081727144
0.454285834525734
0.456891675784874
0.527081053783348
0.477839407457282
0.388490026092086
0.397953875936366
0.480872822153032
0.407916000336684
0.410121201919026
0.484081306287351
0.412673175658625
0.478260247453932
0.405936368992514
0.41844373369247
0.434001346688007
0.506045787391628
0.448195438094444
0.447740930898078
0.395162865078703
0.391900513424815
0.482438346940512
0.406111438431111
0.319196195606452
0.426988468984092
0.432472855820237
0.499325814325402
0.270846730073231
0.415625789074994
0.385719215554246
0.428011951855922
0.405333726117334
0.361670734786628
0.533703391970391
0.392954296776367
0.348368824173065
0.391085767191328
0.496911876104718
0.409946132480428
0.387284740341727
0.344874168841017
0.489006817607958
0.477499368740013
0.430967931992257
0.468456358892354
0.450696911034441
0.375235249558131
0.381510815587916
0.433533372611748
0.347022136183824
0.364168841006659
0.424308559885532
0.408562410571506
0.388759363689928
0.319031226327752
0.361128692870977
0.395358134837153
0.397435401060534
0.416410234828732
0.402189209662481
0.43325393485398
0.420723003114233
0.349365373285082
0.491272620149829
0.41844373369247
0.388490026092086
0.470395589596848
0.359307297365547
0.441845804225238
0.408141570574884
0.377719888898241
0.397361333221113
0.425843784193262
0.408515276491897
0.391671576466621
0.396024745391799
0.314186516286526
0.282354178941176
0.461820553825447
0.34432202676544
0.302372695901028
0.352779227337777
0.310106051679156
0.348607861291157
0.371134584630937
0.353361669893104
0.393469404932262
0.384557697163558
0.323976937968183
0.481398030468824
0.368986617288101
0.405266391717873
0.363811968689504
0.387284740341727
0.368528743371769
0.331841595825267
0.353977779648176
0.349385573604934
0.388490026092086
0.428160087534735
0.353048564935619
0.406912717784707
0.340379597676957
0.339999158320012
0.425712482114307
0.35706842858346
0.408360407373124
0.325017254439871
0.351206969110365
0.448511909771923
0.370737311674105
0.357004460903966
0.360781920713748
0.332302836461594
0.439159161686746
0.407104620823162
0.346372359229036
0.380824004713418
0.330134668798934
0.462392896220877
0.402189209662481
0.401064725191503
0.407754397777978
0.371555424627559
0.397539769379677
0.345998653312023
0.245007154279961
0.341231377830155
0.336268832589866
0.412676542378591
0.361724602306197
0.316613921387102
0.34262856661897
0.314624189883006
0.386315124989494
0.290053867519589
0.347779648177777
0.255130881238955
0.272671492298628
0.380238195438096
0.40773756417812
0.305039138119696
0.345439777796486
0.326306708189549
0.345507112195946
0.382436663580506
0.399650702802802
0.318236680414117
0.276492719468052
0.272846561737225
0.388880565608957
0.338985775608109
0.393189967174493
0.327916000336671
0.35725696490195
0.368094436495255
0.350462923996304
0.323660466290733
0.314186516286526
0.331841595825267
0.259881323120965
0.328121370255047
0.422817102937472
0.315028196279769
0.30376315124991
0.354671323962634
0.34680666610555
0.299187778806498
0.31312263277502
0.344291726285661
0.348607861291157
0.364098139887233
0.438058244255529
0.399175995286612
0.35557023819544
0.296188031310493
0.264008921807942
0.283727800690173
0.222301994781589
0.319472266644226
0.245185590438524
0.31089386415286
0.361539432707701
0.306914401144695
0.309947815840417
0.299386415284914
0.344480262604179
0.290471340796245
0.340810537833534
0.282768285497866
0.285838734113298
0.314624189883006
0.267224139382222
0.259881323120965
0.329868697921057
0.286148472350817
0.360384647756916
0.320148977358826
0.339032909687745
0.319771904721819
0.298187862974515
0.335380018516958
0.32163706758692
0.361664001346696
0.281889571584884
0.271483040148155
0.321455264708362
0.228910866088711
0.273233734534131
0.382349128861222
0.299019442807861
0.28403753892772
0.319196195606452
0.319283730325736
0.236496086188026
0.353139466374898
0.296188031310493
0.247713997138305
0.300965406952287
0.316280616109765
0.306140055550884
0.362232977022131
0.262679067418588
0.309281205285771
0.246252840669996
0.394476054204205
0.208333473613351
0.37251830653986
0.235883343152949
0.257605420419168
0.304948236680417
0.310678394074586
0.27269169261848
0.224975170440217
0.283195858934448
0.281889571584884
0.34282383637742
0.300965406952287
0.262763235417907
0.246737648346112
0.300086693039304
0.236566787307481
0.282111775103118
0.316533120107749
0.246252840669996
0.246256207389962
0.260985607272119
0.268210588334313
0.303662149650705
0.246993519064063
0.261335746149314
0.259881323120965
0.292902112616787
0.221315545829469
0.338881407288966
0.270637993434917
0.306103021631174
0.210151502398787
0.240583284235328
0.2606758690346
0.288114636815095
0.305220940998254
0.331255786549974
0.278970625368231
0.250935948152517
0.325387593636918
0.268819964649452
0.278182812894556
0.246646746906833
0.300261762477902
0.244879218920971
0.207134921302924
0.309890581600882
0.290996549112037
0.242835619897335
0.275725107314202
0.265975086272221
0.226214123390292
0.307291473781675
0.246636646746907
0.270422523356615
0.244916252840682
0.269533709283735
0.209915832000689
0.245707432034351
0.246427910108594
0.245007154279961
0.260537833515713
0.219352748085186
0.200155710798754
0.250935948152517
0.267924417136612
0.267035603063732
0.202859186937133
0.166148472350812
0.273701708610389
0.188143253934868
0.244926353000608
0.234550122043601
0.288346940493227
0.311523440787823
0.186601296187206
0.269947815840425
0.219282046965759
0.252929046376579
0.259527817523775
0.248949583368415
0.27749600202003
0.243236259574104
0.230607692955147
0.210747411834035
0.263658782930747
0.243175658614604
0.301743119266064
0.270846730073231
0.192442555340477
0.263335577813336
0.229762646241909
0.245313525797485
0.228910866088711
0.279351064725205
0.207023819543821
0.246256207389962
0.210151502398787
0.247953034256369
0.241637067586908
0.193698341890411
0.196815924585479
0.208185337934538
0.212565440619471
0.224975170440217
0.171619392307065
0.228910866088711
0.202071374463429
0.249276155205791
0.157031394663761
0.246155205790757
0.240256712397951
0.223955054288353
0.21870970457033
0.238051510815609
0.241731335746152
0.211383721908931
0.265153606598773
0.209525292483818
0.255403585556792
0.207579328339364
0.21629239962968
0.229133069606945
0.234620823163027
0.259238279606109
0.247171955222626
0.264052689167585
0.259019442807841
0.189705412002354
0.219776954801802
0.244168841006655
0.172501472939985
0.225702381954392
0.247549027859606
0.168165137614693
0.21660887130713
0.317435401060521
0.189947815840412
0.170538675195701
0.199186095446521
0.212272535981839
0.256874842184999
0.279593468563263
0.220127093678997
0.22748001010018
0.24470751620234
0.307150071542793
0.165619897315054
0.256474202508201
0.22658446258734
0.162899587576817
0.216699772746409
0.202882753976951
0.187025502903793
0.165172123558619
0.178410066492717
0.229520242403851
0.182466964060268
0.200037875599691
0.205374126757022
0.207538927699687
0.189974749600196
0.191196868950442
0.193698341890411
0.203074657015407
0.234563588923493
0.179305614005557
0.168165137614693
0.211383721908931
0.180517633195876
0.171949330864408
0.20938052352497
0.216457368908351
0.214194933086446
0.222833936537342
0.187823415537423
0.254760542041936
0.146530595067759
0.205188957158498
0.22285750357716
0.221460314788317
0.214471004124249
0.235903543472773
0.214336335325328
0.166663580506707
0.181574783267422
0.209925932160587
0.158085178015313
0.15714586314283
0.20624947395001
0.170831579833362
0.185752882753974
0.212767443817881
0.185608113795155
0.199014392727889
0.178898240888827
0.20274808517803
0.197236764582101
0.168404174732785
0.256693039306469
0.208434475212528
0.160152344078796
0.178726538170196
0.207586061779324
0.152870128777039
0.199549701203608
0.161647167746821
0.19647588586821
0.148739163370095
0.128282972813736
0.232927363016586
0.177107145863147
0.187823415537423
0.179305614005557
0.202118508543066
0.222086524703315
0.185076172039402
0.124912886120711
0.249154953286762
0.14800521841596
0.189691945122462
0.180356030637171
0.150981398872148
0.15641528490869
0.170366972477069
0.166377409308978
0.182948405016418
0.148466459052287
0.188116320175084
0.170939314872498
0.190600959515194
0.179888056560912
0.217915158656695
0.149257638245956
0.169077518727391
0.186055887551561
0.172275902701813
0.179409982324728
0.166380776028973
0.149843447521249
0.138918441208659
0.168579244171383
0.158075077855415
0.210205369918356
0.138948741688409
0.197024661223821
0.227237606262094
0.198054877535554
0.156007911791932
0.18885699856915
0.132592374379271
0.176326066829404
0.162421513340632
0.175198215638432
0.187429509300557
0.166013803551891
0.186951435064401
0.17053194175574
0.148224055214229
0.173871727969043
0.185039138119691
0.142648766938805
0.130185169598519
0.208986617288105
0.157354599781172
0.190553825435586
0.104604831243165
0.224742866762057
0.139298880565605
0.134854810201176
0.211430855988567
0.15409561484725
0.159549701203616
0.179356114805159
0.159175995286603
0.177184580422534
0.178652470330775
0.154351485565201
0.145641780994879
0.15365120781081
0.196654322026774
0.112627724938989
0.196566787307461
0.172797744297611
0.173296018853648
0.1615124989479
0.165619897315054
0.157031394663761
0.140086693039308
0.16830317313358
0.129296355525639
0.167565861459479
0.166003703391965
0.137080212103371
0.154883427320954
0.161633700866929
0.193553572931592
0.117536402659709
0.126609712987118
0.20893611648853
0.113035098055718
0.173100749095198
0.183497180372029
0.121697668546432
0.158310748253513
0.151324804309411
0.104244592206044
0.12286592037708
0.145241141318081
0.137278848581786
0.123751367729994
0.127410992340714
0.100026092079787
0.133666358050675
0.146900934264806
0.113365036613089
0.148082652975347
0.143487080212111
0.133312852453514
0.159684370002537
0.163125157815017
0.146298291389627
0.142291894621678
0.133720225570244
0.151604242067179
0.204502146284
0.153701708610384
0.153031731335744
0.145894284992863
0.137070111943444
0.133265718373877
0.179059843447533
0.151523440787827
0.133568723171464
0.109604410403165
0.132999747496001
0.145042504839665
0.176878208904981
0.112627724938989
0.105429677636579
0.159196195606427
0.139298880565605
0.173632690850951
0.13086188031312
0.146133322110927
0.12429677636564
0.157320932581428
0.176652638666781
0.171949330864408
0.133871727969023
0.0999082568807523
0.153331369413365
0.123475296692192
0.134275734365815
0.130693544314454
0.118586819291323
0.115388435316902
0.118886457368916
0.133669724770641
0.133568723171464
0.153896978368834
0.159048059927613
0.123175658614599
0.119782004881756
0.158536318491713
0.100026092079787
0.130185169598519
0.12503408803974
0.138864573689091
0.160105209999159
0.105268075077873
0.120812221193518
0.104244592206044
0.104271525965828
0.132632775018948
0.141965322784273
0.116061779311508
0.12264035013888
0.135144348118843
0.162808686137538
0.129656594562761
0.0980666610554692
0.145641780994879
0.119606935443159
0.0888182812894627
0.155937210672505
0.115119097719059
0.133343152933264
0.103749684370001
0.10575288275399
0.104072889487412
0.14405268916758
0.126623179867011
0.121748169346034
0.104143590606867
0.152163117582688
0.132999747496001
0.155132564598944
0.137080212103371
0.112381954380965
0.125710798754312
0.0913029206295732
0.108995034088053
0.106315124989493
0.11100833263194
0.0957099570743196
0.127293157141651
0.118886457368916
0.096959010184321
0.11273209325816
0.135400218836793
0.0999755912802129
0.121290295429674
0.104271525965828
0.137396683780821
0.144194091406462
0.0962216985102202
0.116479252588164
0.110018516959855
0.123926437168592
0.0977333557781321
0.123673933170608
0.113307802373555
0.103695816850433
0.0918988300648209
0.109264371685896
0.133528322531788
0.104678899082586
0.0998038885615813
0.139746654322039
0.0875557612995692
0.10843279185255
0.134598939483226
0.0773242993014094
0.108644895210858
0.117230031142157
0.133302752293588
0.103877619728991
0.111563841427483
0.0897407625620872
0.103402912212772
0.0893333894453292
0.104005555087952
0.11977190472183
0.112052015823593
0.106847066745217
0.115071963639423
0.120539516875681
0.120822321353415
0.12808433633532
0.0911177510310779
0.120526049995789
0.115906910192763
0.0978107903375189
0.112752293577984
0.0958311589933487
0.0954810201161536
0.0993998821648177
0.0864211766686367
0.108755996969961
0.0770010941839985
0.100413264876693
0.087973234576225
0.128050669135604
0.0985548354515799
0.142662233818697
0.0798729063210146
0.0999385573605025
0.0961880313105041
0.0985346351317276
0.0989756754482016
0.0963900345088859
0.108601127851188
0.091238952950107
0.100130460398958
0.0981238952950036
0.111018432791866
0.0998106220015131
0.0939154953286732
0.0902693375978458
0.0840240720478107
0.0802701792778464
0.119977274640178
0.0894512246443924
0.118421850012624
0.0841284403669817
0.0945046713239606
0.0998543893611838
0.102147125662839
0.0888990825688154
0.0909157478326676
0.106193923070464
0.0971576466627369
0.0810781920713737
0.117176163622588
0.0953396178773005
0.117825940577404
0.0986861375305068
0.113149566534815
0.0988881407288886
0.0875187273798588
0.0976323541789554
0.0913029206295732
0.111405605588772
0.0810108576719131
0.109621244003051
0.0865962461072343
0.0788258564093951
0.123158825014741
0.107685380018523
0.11276239373791
0.0824753808602168
0.10014392727885
0.0707625620738952
0.0893300227253633
0.0880170019358673
0.0960230620318328
0.106988468984099
0.0837749347698207
0.0842092416463345
0.0987433717700696
0.0859700361922364
0.0842664758858689
0.0864178099486708
0.0815899335072743
0.0930839154953276
0.0848893190809008
0.105123306119026
0.0933263193333858
0.0830679235754701
0.0889596835283157
0.0959523609123778
0.126293241309668
0.089306455685545
0.0947437084420528
0.0843910445248923
0.0834045955727731
0.0918853631849288
0.0907103779143199
0.0922388687820899
0.0863740425890285
0.091238952950107
0.105863984513093
0.0974370844205055
0.0915217574278415
0.0936326908509386
0.0977299890581662
0.0625814325393605
0.113506438851942
0.105961619392303
0.0720688494234594
0.0907979126336329
0.100662402154711
0.0841957747664424
0.0755130039559049
0.0780010100160098
0.0839735712482081
0.0953429845972664
0.0702844878377391
0.0856131638751094
0.0781457789748288
0.108048985775611
0.0837749347698207
0.0930435148556512
0.0814586314283474
0.0860272704317993
0.091467889908273
0.0855155289958702
0.0861181718710498
0.0707625620738952
0.0810108576719131
0.084616614763064
0.0883031731335677
0.113452571332374
0.0961476306708278
0.0773646999410857
0.0708601969531344
0.0853976937968355
0.067466543220263
0.102352495581187
0.0737623095699007
0.110207053278344
0.0750887972392889
0.0837581011699342
0.0840240720478107
0.0836941334904679
0.0703551889571656
0.086037370591697
0.0824821143001486
0.0846368150829164
0.0962755660297887
0.0889630502483101
0.0669817355441467
0.0771525965827777
0.0943127682855049
0.098144095614856
0.0726984260584231
0.0796002020032063
0.0794453328844327
0.0720351822237149
0.0951847487585269
0.0697121454423097
0.0947706422018371
0.0689546334483566
0.0740114468479192
0.100655668714751
0.0879261004965883
0.0801860112785278
0.0848253514014061
0.0551847487585349
0.0843136099655055
0.0644869960441099
0.0986322700109383
0.077054961703567
0.0818188704654688
0.0722237185422046
0.0817919367056845
0.0798493392812247
0.0794217658446428
0.0796103021631325
0.057524619139798
0.0779336756165492
0.0754254692365919
0.0838658362090712
0.059884689840942
0.0774623348202965
0.0760449457116579
0.083162191734715
0.0881247369750042
0.0835695648514445
0.0598779564009817
0.096959010184321
0.0879463008164407
0.0686145947310877
0.0731630334147155
0.0889125494487075
0.0702844878377391
0.0822363437421245
0.0833978621328129
0.0708601969531344
0.0773646999410857
0.0622683275818474
0.101982156384139
0.0721496507028121
0.0541915663664838
0.0742437505260511
0.0801826445585334
0.0731866004545054
0.0771525965827777
0.0708467300732423
0.0667393317060885
0.0793948320848585
0.0676584462587471
0.0675944785792524
0.0634870802120986
0.0697996801616227
0.0654465112364448
0.0789066576887478
0.0779639760962993
0.0526630754987139
0.06143001430857
0.0730956990152549
0.058036360575727
0.0801725443986356
0.0798257722414064
0.0834315293325574
0.0602853295177113
0.0689714670482431
0.0718836798249356
0.0727893274977021
0.0546427068428557
0.0957570911539563
0.079128861206982
0.0614939819880647
0.0741427489268744
0.0726445585388547
0.0709948657520556
0.0631066408551533
0.059352748085189
0.0863033414695735
0.0678065819375604
0.0651670734786762
0.0721328171029541
0.0567469068260209
0.075438936116484
0.0820242403838165
0.0676247790590025
0.0643556939651546
0.0626487669388212
0.0612280111101882
0.0685405268916952
0.069526975843786
0.0785834525713369
0.0744625873243194
0.0872931571416586
0.0628844373369191
0.0676752798586051
0.0663925595488593
0.0781929130544654
0.0880574025755436
0.0704427236764786
0.0636251157310141
0.0679143169766974
0.0616555845467701
0.0714291726285694
0.0504780742361959
0.0568075077855497
0.070271020957847
0.0497003619223904
0.0579555592963743
0.0525721740594349
0.0676315124989628
0.0617161855062704
0.0570869455433183
0.0486432118508731
0.057275481861808
0.0714392727884956
0.0755904385152917
0.0472796902617745
0.0712406363100797
0.0767889908256905
0.0753918020368758
0.0578006901776007
0.0692509048060117
0.0561307970709493
0.0675237774598259
0.0662780910697904
0.0674396094604788
0.0529189462166642
0.0639853547681355
0.0790211261678451
0.067022136183823
0.0662477905900118
0.0620225570238233
0.0628608702971292
0.0716446427068433
0.0690085009679251
0.052589007659293
0.0669817355441467
0.0567469068260209
0.0645442302836443
0.0689546334483566
0.0622514939819894
0.0837917683696787
0.0466063462671684
0.0771020957832036
0.0530872822153015
0.0686314283309457
0.0621875263024947
0.0660693544314483
0.0500168335998694
0.0553429845972744
0.0529862806161248
0.0518550627051582
0.0741730494066246
0.0704864910361209
0.058288864573683
0.0546999410824185
0.055959094352346
0.0614939819880647
0.066224223550222
0.0568580085851522
0.0576626546587136
0.0648506018011972
0.050952781752386
0.0530064809359487
0.0412936621496556
0.0497003619223904
0.0648169346014811
0.0527068428583561
0.0614367477485018
0.0528044777375669
0.0679648177762999
0.0507709788738282
0.0679614510563056
0.045485228516128
0.0657596161939296
0.0440072384479606
0.0627733355778162
0.0651637067587103
0.0610192744718461
0.0713349044693246
0.0694764750441834
0.0644297618045755
0.0495084588839347
0.0556089554751225
0.0539794630081758
0.0633423112532796
0.0636251157310141
0.045505428835952
0.0568209746654418
0.0632278427741824
0.0653354094773135
0.0581710293746482
0.0789908256880665
0.0541881996464895
0.0618474875852257
0.0518382291053001
0.0650054709199708
0.0657764497937876
0.0412633616699054
0.0480978032152279
0.0531007490951936
0.0438288022893687
0.0548245097214135
0.0502828044777459
0.0470069859439377
0.0706682939146503
0.0620158235838915
0.0518348623853342
0.0641469573268409
0.0449027859607725
0.0518180287854761
0.0585986028112302
0.0609452066324536
0.0480641360154834
0.0569859439441132
0.0488553152091527
0.06054120023569
0.0479698678562386
0.057632354178935
0.0517776281457998
0.0536394242908784
0.057736722498106
0.0440712061274269
0.059140644726881
0.046124905311018
0.0441183402070635
0.0549457116404426
0.0465558454675659
0.0536562578907649
0.0529290463765619
0.0423811127009515
0.0402365120781099
0.0590564767275623
0.0570398114636816
0.0546864742025264
0.059921723760624
0.0530435148556592
0.0505790758353726
0.054114131807097
0.0527337766181404
0.0484614089723152
0.0519829980641475
0.0536562578907649
0.0606927026344692
0.0810108576719131
0.0338565777291535
0.0534205874926386
0.046141738910876
0.0387517885699822
0.0596759532025999
0.0986322700109383
0.0565550037875653
0.0540939314872446
0.053030047975767
0.0437682013298684
0.0655811800353661
0.0506430435148673
0.0412364279101212
0.0459330022725339
0.0533061190135697
0.0474076256207354
0.0333246359734005
0.074001346687993
0.0410579917515292
0.0609788738321697
0.0516328591869524
0.0572620149819159
0.0565886709873098
0.0473436579412692
0.0507844457537203
0.0515284908677813
0.04065735207476
0.0504343068765252
0.0458589344331415
0.0463976096288263
0.0552588165979273
0.0572148809022792
0.0326007911791919
0.047458126420338
0.050208736638325
0.0364018180287928
0.0596355525629235
0.0536831916505491
0.0434651965322814
0.0451350896389329
0.0517708947058395
0.0435022304519919
0.0518180287854761
0.0519459641444371
0.0464784109081791
0.0527270431781801
0.048451308812389
0.0417683696658742
0.0569320764245447
0.045505428835952
0.0508046460735727
0.043283393653752
0.0598880565609079
0.0443102432455191
0.0354120023567077
0.0414114973487187
0.0463269085093998
0.0466332800269527
0.0512288527901887
0.0458656678730733
0.0493569564851555
0.0406405184748735
0.047330191061377
0.0346881575624991
0.0551443481188585
0.0518786297449765
0.0440611059675291
0.0428255197373915
0.0377889066577097
0.0349137278006992
0.0463605757091159
0.0371088292231434
0.0483705075330363
0.0425662822994752
0.0406842858345442
0.0514443228684627
0.0400075751199438
0.0424686474202645
0.0413946637488607
0.0439062368487555
0.0566324383469521
0.0425864826193276
0.0505689756754464
0.0393544314451617
0.0467174480262713
0.0356342058749419
0.0469228179446191
0.038936958168506
0.0463774093089739
0.0388258564094031
0.0510908172712732
0.0510975507112335
0.0312002356704113
0.0448320848413459
0.0565381701877072
0.0453337261173488
0.0418323373453404
0.0451451897988591
0.0350584967595466
0.0430106893359152
0.0380986448952285
0.0365129197878957
0.0524341385405478
0.0422700109418486
0.0310756670313879
0.0337555761299768
0.0381289453749787
0.0383477821732185
0.0349642286003018
0.0434416294924631
0.0454986953960201
0.0425090480599408
0.0427312515781466
0.0515116572679233
0.0416168672670665
0.037176163622604
0.0397315040821411
0.0315705748674304
0.0416000336672084
0.04090648935275
0.0419737395842219
0.0346881575624991
0.0505252083158041
0.0432328928541494
0.0298838481609494
0.0460575709115574
0.0406405184748735
0.0520671660634662
0.0487778806497943
0.0384184832926735
0.0512490531100127
0.0309578318323531
0.0375566029795493
0.0393712650450482
0.0417650029458798
0.0447883174817036
0.044172207726632
0.0445762141233956
0.0495690598434635
0.0420208736638301
0.0417145021462773
0.0453101590775304
0.028530426731777
0.0394621664842987
0.0422565440619564
0.0383780826529687
0.0497979968016296
0.0327792273377838
0.0351998989983997
0.0349137278006992
0.0373276660213833
0.0409031226327841
0.0384353168925315
0.0563058665095468
0.0370280279437907
0.0307995959936136
0.0363210167494401
0.0328903290968867
0.0480001683360172
0.0403880144768891
0.0344491204444068
0.0289714670482226
0.0361594141907347
0.033361669893111
0.0361762477905927
0.0356880733945104
0.0369573268243357
0.0334121706927135
0.0379202087366366
0.0304864910361289
0.0373141991414911
0.0430645568554837
0.0473773251409852
0.0384757175322079
0.0345703223634359
0.0363647841090824
0.0346275566029988
0.0444785792441849
0.0399772746401936
0.0366139213871008
0.0319880481441146
0.0457545661139704
0.0411253261510183
0.0331125326151209
0.0315268075077881
0.0332640350139002
0.0269682686642625
0.0419602727043298
0.0301397188788997
0.0339171786886823
0.0355534045955892
0.0463168083494736
0.0353547681171733
0.0350887972392968
0.0313315377493666
0.0409805571921709
0.0406337850349416
0.0317826782257384
0.0453135257974964
0.0393577981651561
0.0350382964396943
0.0372502314619965
0.0401860112785073
0.0287458968100509
0.0371290295429674
0.0330115310159158
0.0305504587155951
0.0284664590522823
0.0329744970962054
0.0349339281205232
0.0306682939146583
0.0291128692871041
0.0372939988216672
0.033341469573287
0.0289714670482226
0.0356611396347262
0.031937547344512
0.0292105041663149
0.034550122043612
0.0271399713828941
0.0351291978789732
0.0313416379092644
0.0312911371096902
0.0344390202845091
0.0403913811968835
0.0288367982493014
0.0314729399882197
0.0355466711556289
0.0321833179025361
0.0314594731083275
0.0319005134248016
0.0323516539012019
0.0313618382291168
0.0337219089302323
0.0337555761299768
0.0383376820132924
0.0286852958505222
0.0295875768032943
0.0343245518054118
0.0353581348371392
0.0371256628230014
0.037496002020049
0.0302339870381445
0.0337286423701642
0.0403981146368153
0.0291499032068145
0.0314258059086114
0.0311598350307349
0.0297592795219259
0.0392500631260191
0.0358530426731818
0.033715175490272
0.0296852116825335
0.0284361585725321
0.0298670145610629
0.0264161265886855
0.0389941924080404
0.0259919198720695
0.0387955559296529
0.036432118508543
0.0407078528743341
0.0333111690935084
0.0296178772830729
0.0313483713492246
0.0337589428499427
0.0422632775018883
0.0297087787223234
0.034230283646167
0.0314998737480039
0.0304090564767421
0.0290455348876435
0.0304427236764582
0.0263891928289013
0.0326984260584311
0.0348733271610229
0.0289580001683305
0.0247428667620682
0.0377417725780731
0.033806076929551
0.0249044693207736
0.0282139550542979
0.0408391549532894
0.0326950593384367
0.0241469573268205
0.0240493224476097
0.0399335072805513
0.0377316724181469
0.0303215217574291
0.0287054961703745
0.0359170103526765
0.0305437252756633
0.0290186011278593
0.0323583873411337
0.0322472855820308
0.0305874926353056
0.0312709367898378
0.0340855146873196
0.0306817607945504
0.0284799259321744
0.0309241646326086
0.0305672923154816
0.0280186852958479
0.0358193754734657
0.0349810622001598
0.0283284235333667
0.0246115646831129
0.036432118508543
0.0300993182392233
0.0257865499537218
0.0294529080043731
0.0290152344078933
0.0329913306960634
0.0219653227842969
0.0280186852958479
0.0285910276912773
0.0305605588755213
0.0285640939314931
0.028547260331635
0.0269110344247281
0.0295875768032943
0.0241435906068546
0.030287854557713
0.0272443397020652
0.0264969278680383
0.028762730409909
0.0288098644895172
0.0294832084841516
0.0293451729652361
0.0310251662318137
0.035647672754834
0.021571416547431
0.0287492635300168
0.0307726622338294
0.0313753051090089
0.0258235838734322
0.0265911960272831
0.0379067418567445
0.0289276996885803
0.0298535476811708
0.0277190472182554
0.025476811716203
0.0337017086103799
0.0283890244928955
0.0239112869287226
0.0273318744213498
0.0295842100833283
0.0346443902028568
0.0268470667452334
0.0383545156131788
0.0406539853547656
0.0286650955306982
0.0314325393485433
0.0343851527649122
0.0231571416547638
0.0255609797155216
0.0266383301068913
0.0466501136268107
0.0324189883006625
0.0388898240888977
0.0314022388687931
0.0228103694975346
0.0241031899671782
0.0277628145778976
0.0239011867687964
0.0285876609713114
0.0280355188957344
0.0338464775692273
0.0234601464523223
0.0224433970204529
0.0271803720225705
0.0242950930056338
0.02911623600707
0.0270625368235073
0.0216286507869654
0.0447580170019535
0.0258606177931142
0.0343649524450882
0.0297895800017045
0.0245475970036182
0.0217767864658072
0.0309578318323531
0.0339609460483246
0.0233928120528617
0.0273015739415996
0.0263083915495486
0.0246182981230731
0.0278806497769608
0.0246115646831129
0.0286886625704881
0.0252142075582924
0.0237732514098354
0.0272679067418551
0.0262275902701958
0.031176668630593
0.0342740510058093
0.0350079959599441
0.0237732514098354
0.0275372443396975
0.0212751451898043
0.0241940914064571
0.0287021294503802
0.0312137025503034
0.0298097803215285
0.0197904216816767
0.0288199646494434
0.028015318575882
0.0239617877283251
0.0282947563336506
0.021110175911133
0.0239449541284387
0.029860281121131
0.0199688578402686
0.0245307634037601
0.0287088628903405
0.0305437252756633
0.0284698257722482
0.0259111185927168
0.0227464018180399
0.0245071963639418
0.0266012961872093
0.0291431697668543
0.024072889487428
0.0271164043430758
0.027254439861963
0.0318769463849833
0.0213559464691571
0.024517296523868
0.0235779816513855
0.026810032825523
0.0232514098140086
0.0268335998653413
0.0177602895379323
0.0316042420671749
0.0216690514266418
0.0236587829307382
0.0286246948910218
0.0227868024577162
0.0226251998990108
0.032577224139402
0.0229989058160243
0.0232009090144061
0.0262107566703094
0.0269918357040808
0.0246115646831129
0.0234567797323564
0.0282644558539005
0.0294798417641573
0.0320924164632572
0.0240526891675756
0.0245071963639418
0.0251435064388659
0.026490194428078
0.0242109250063152
0.0240526891675756
0.0232581432539405
0.0223457621412422
0.0295135089639018
0.0233961787728276
0.0248809022809553
0.020807171113546
0.0253556097971739
0.0253185758774634
0.0266484302668175
0.0196860533625056
0.021675784866602
0.0210293746317802
0.0314628398282935
0.0274194091406628
0.0294327076845491
0.0197399208820741
0.0242984597256282
0.0249044693207736
0.0322809527817469
0.0253387761972874
0.0229012709367851
0.0222413938220711
0.0237732514098354
0.0240425890076779
0.0251266728390078
0.0226992677384033
0.0167974076256314
0.03609544651124
0.025621580675022
0.0237631512499092
0.0222009931823948
0.0249078360407395
0.0229080043767453
0.0195547512835788
0.0239617877283251
0.0227464018180399
0.0202920629576795
0.0257192155542612
0.023648682770812
0.0241099234071385
0.0191204444070365
0.0261063883511667
0.0232749768537985
0.0241267570069965
0.0244196616446573
0.0234534130123905
0.0330754986954105
0.0221639592626843
0.0286078612911354
0.0187938725696597
0.026914401144694
0.0214434811884701
0.0241200235670362
0.0217161855062784
0.0193763151249868
0.0227093678983294
0.0201641275986901
0.0240493224476097
0.0248405016412789
0.0216690514266418
0.021695985186426
0.0311127009510983
0.0202415621580769
0.0268302331453754
0.0264026597087934
0.023291810453685
0.0254498779564187
0.0197904216816767
0.0229652386162797
0.0280826529753426
0.0259582526723534
0.0212381112700939
0.0188679404090522
0.0405361501557309
0.0218070869455573
0.0383107482535081
0.0241065566871441
0.0209889739921039
0.019032909687752
0.0236015486912038
0.01949415032405
0.0197567544819606
0.0276214123390446
0.0215478495076127
0.0217195522262443
0.026702297786386
0.0206691355946589
0.0193190808854524
0.0211202760710592
0.0213256459894069
0.0270692702634392
0.0252579749179347
0.0190026092079734
0.0235678814914593
0.0161846645905257
0.0242378587660994
0.0212717784698384
0.0200631259995134
0.02102264119182
0.0222918946216737
0.0182215301742303
0.0190834104873261
0.0229416715764614
0.0286650955306982
0.0309275313525745
0.0242311253261676
0.0215949835872493
0.0212280111101961
0.0234938136520668
0.0225342984597319
0.021019274471854
0.016336166989305
0.016864742025092
0.0197331874421423
0.022635300058937
0.0153631849171063
0.0198173554414609
0.0194672165642658
0.0194234492046235
0.0219417557444785
0.0186087029711359
0.0217801531857731
0.0192685800858499
0.0170061442639451
0.0193561148051629
0.019581685043363
0.0183124316135093
0.0239180203686544
0.0180397272957009
0.0186726706506306
0.0185918693712779
0.0230460398956325
0.0192180792862757
0.0202415621580769
0.0216252840669995
0.019477316724192
0.022335661981316
0.0182080632943382
0.0295640097635044
0.0203324635973559
0.0172889487417081
0.0219855231041208
0.0235712482114252
0.0218373874253075
0.0195783183233686
0.0217195522262443
0.0267931992256649
0.021551216227607
0.0259010184327906
0.0160365289117124
0.0191911455264915
0.0221774261425765
0.0237934517296594
0.0185750357714198
0.0159927615520701
0.0193258143254127
0.0267628987459148
0.0177434559380458
0.02057823415538
0.0199486575204162
0.0196860533625056
0.0181373621749117
0.0175077855399479
0.0193291810453786
0.0194705832842317
0.0182821311337591
0.015784024913728
0.0165516370676073
0.021783519905739
0.0193056140055603
0.0161375305109175
0.018393232892862
0.0170061442639451
0.0207600370339378
0.0182080632943382
0.019918357040666
0.0171610133827187
0.0198072552815631
0.018942008248473
0.0214434811884701
0.0217498527059945
0.0178579244171431
0.021322279269441
0.0162721993098387
0.0180397272957009
0.0160095951519281
0.0191945122464574
0.0177266223381878
0.0232177426142641
0.0261366888309169
0.0206119013551245
0.0192517464859918
0.0212684117498725
0.0224029963807766
0.0171138793030821
0.0162856661897308
0.0176559212187613
0.0185918693712779
0.0196759532026078
0.0167267065062049
0.0179723928962403
0.0186087029711359
0.021463681508294
0.0161375305109175
0.0180397272957009
0.0159489941924278
0.0170566450635476
0.0158378924332965
0.0174572847403454
0.0185279016917832
0.0158614594731148
0.018625536570994
0.0159994949920019
0.0162418988300601
0.0144036697247714
0.0160365289117124
0.018268664253867
0.0184201666526462
0.0175582863395505
0.0292475380860253
0.0207364699941195
0.015464186516283
0.0184639340122885
0.0177636562578982
0.0208475717532224
0.0162553657099522
0.0166829391465342
0.0177064220183638
0.0227901691776822
0.0190463765676441
0.0174707516202375
0.0189790421681835
0.0147639087618927
0.0166829391465342
0.0206455685548406
0.026469994108254
0.015339617877288
0.0289377998485065
0.01860533625117
0.0197634879218924
0.0180094268159223
0.0181440956148435
0.0205816008753459
0.0154944869960616
0.0201540274387639
0.0188140728894837
0.0209216395926433
0.0177131554582957
0.0146561737227557
0.01860533625117
0.0162923996296627
0.0156628229946989
0.0197803215217789
0.0158816597929672
0.0198611228011316
0.0175111522599138
0.0160095951519281
0.0162317986701623
0.0189521084083992
0.0167166063462787
0.0223188283814579
0.0146662738826819
0.0170330780237293
0.0168041410655633
0.0174673849002716
0.0144541705243739
0.0164035013887656
0.0211977106304175
0.0151376146789062
0.018622169851028
0.0162014981903837
0.0155853884353121
0.0196086188031472
0.0160230620318202
0.0194975170440159
0.0153227842774299
0.0178040568975746
0.0146056729231532
0.0144306034845556
0.0154305193165669
0.0182181634542644
0.0186827708105568
0.0153766517969984
0.0143228684454186
0.0175380860196981
0.015339617877288
0.0159119602727174
0.0159927615520701
0.0159489941924278
0.0181642959346959
0.0172283477821793
0.0134508879723967
0.0180228936958144
0.0162418988300601
0.0161274303509913
0.0156224223550225
0.0170128777039054
0.0143094015655265
0.0155214207558458
0.0161442639508493
0.0157604578739097
0.0163967679488337
0.0170734786634057
0.0176155205790849
0.0165853042673234
0.0139794630081838
0.0162351653901283
0.014346435485237
0.0147336082821425
0.0160466290716386
0.0144777375641922
0.0179993266560246
0.016440535308476
0.0150601801195194
0.0149322447605584
0.0147302415621766
0.0141780994865712
0.0142353337261341
0.0148278764413874
0.0174438178604532
0.0169825772241552
0.0172081474623553
0.0162048649103781
0.0144541705243739
0.0140366972477182
0.0161274303509913
0.0146494402828239
0.0151376146789062
0.0162216985102361
0.0116698931066423
0.0144811042841582
0.0184841343321409
0.0143094015655265
0.0154944869960616
0.0166459052268522
0.0147403417220744
0.018053194175593
0.0148783772409899
0.0145652722834768
0.0146427068428636
0.0156190556350566
0.0167873074657052
0.0159489941924278
0.0170566450635476
0.0143262351653846
0.0180262604158088
0.0143902028448792
0.0180094268159223
0.0165651039474994
0.0142016665263895
0.0151712818786507
0.0141780994865712
0.0159927615520701
0.0147235081222163
0.0163563673091573
0.0176390876189032
0.0162351653901283
0.0160466290716386
0.0175515528995902
0.0122355020621114
0.0143329686053448
0.0128482450972172
0.0149861122801269
0.0176020536991928
0.0133768201330042
0.0146427068428636
0.0145787391633689
0.0149591785203427
0.0205142664758853
0.0155247874758118
0.0152352495581169
0.0146225065230396
0.0148985775608139
0.014999579160019
0.0141444322868551
0.0154372527564988
0.0141780994865712
0.0153261509973959
0.0151611817187245
0.0172283477821793
0.0168984092248081
0.0163765676289813
0.0145787391633689
0.0144609039643342
0.0143531689251688
0.0166762057066023
0.0139895631680815
0.0158311589933646
0.0157705580338359
0.0152352495581169
0.0155651881154881
0.0150332463597351
0.0145854726033292
0.0142454338860318
0.0163496338691971
0.0178276239373929
0.0136966585304208
0.0140097634879339
0.0146595404427217
0.0145922060432611
0.0159523609123937
0.0136528911707785
0.0143733692450212
0.0145787391633689
0.014915411160672
0.0148649103610978
0.0156291557949828
0.0132993855736174
0.0151813820385485
0.0143902028448792
0.0141208652470368
0.0151914821984747
0.016635805066926
0.0132892854136912
0.014026597087792
0.0139491625284052
0.0137740930898076
0.0130165810958829
0.0142353337261341
0.0122624358218957
0.0159388940325016
0.0112355862301285
0.0172081474623553
0.0151106809191219
0.014346435485237
0.0138178604494783
0.0181339954549458
0.0150366130797011
0.0135384226917097
0.0164809359481524
0.0142286002861738
0.0153732850770325
0.0160095951519281
0.0204637656763111
0.014558538843545
0.0176862216985114
0.0147538086019665
0.0174875852200955
0.0150770137193774
0.0140972982072185
0.013474455012215
0.0140467974076444
0.0144440703644477
0.0147773756417848
0.0143228684454186
0.0145450719636528
0.0134340543725386
0.0164708357882546
0.0133128524535095
0.0130132143758885
0.0125890076593009
0.0152386162781113
0.0138178604494783
0.0136798249305627
0.0143868361249133
0.0155180540358515
0.0137168588502732
0.0125519737395905
0.0141949330864577
0.016208231630344
0.0142151334062817
0.0141780994865712
0.0141208652470368
0.0159018601127912
0.0143161350054868
0.012393737900851
0.01182139550545
0.0123163033414642
0.0122052015823613
0.0146056729231532
0.0147605420419268
0.0158850265129331
0.0131007490952015
0.0150366130797011
0.0164977695480388
0.0123398703812825
0.0129627135763144
0.0153059506775719
0.0144339702045215
0.0122792694217821
0.0123802710209588
0.0142454338860318
0.0146864742025059
0.0156998569144093
0.0141612658867132
0.0132859186937253
0.0140097634879339
0.0141174985270709
0.0144373369245159
0.0130233145358147
0.0142286002861738
0.01557192155542
0.0137202255702391
0.0125452402996586
0.0118146620654898
0.0112423196700604
0.0146595404427217
0.0133330527733335
0.014343068765271
0.011504923827971
0.0124307718205614
0.0130940156552413
0.013582190051352
0.0128819122969617
0.0133431529332597
0.0160668293914625
0.0117304940661711
0.01271020957833
0.0134374210925046
0.0128482450972172
0.0117271273461768
0.0123802710209588
0.0132859186937253
0.0138750946890127
0.0128044777375749
0.0121345004629347
0.0133263193334017
0.0151780153185825
0.0121412339028666
0.013494655332039
0.0130199478158488
0.0137336924501312
0.0149255113205982
0.0144373369245159
0.0118516959852002
0.0125923743792669
0.0157065903543412
0.0142016665263895
0.0122052015823613
0.0133229526134357
0.0126428751788694
0.0147336082821425
0.0134811884521469
0.0123297702213563
0.0130940156552413
0.0145215049238345
0.0157166905142674
0.0154574530763512
0.0123769043009929
0.0112355862301285
0.0124307718205614
0.0178107903375349
0.012834778217325
0.0142622674859183
0.0123971046208169
0.0121412339028666
0.0119594310243372
0.012393737900851
0.0138548943691603
0.0111951855904522
0.0125519737395905
0.012161434222719
0.0114914569480788
0.0116698931066423
0.0148144095614953
0.0124307718205614
0.0131815503745543
0.012269169261856
0.0107238447942279
0.0127607103779326
0.0142488006060262
0.0113264876694075
0.0132286844541909
0.0116665263866764
0.0115352243077211
0.0119089302247346
0.0152184159582589
0.0127607103779326
0.0119392307044848
0.0118382291053081
0.0126092079791249
0.0139861964481156
0.011966164464269
0.0144238700446238
0.0136124905311021
0.0130031142159908
0.0120435990236558
0.0126832758185458
0.0125317734197665
0.0119122969447005
0.0155382543557039
0.0107979126336204
0.012622674859017
0.0118483292652343
0.0126529753387956
0.0135215890918232
0.0122961030216402
0.0106464102348411
0.0111211177510313
0.0114510563084025
0.0109258479926098
0.0117776281457793
0.0134003871727941
0.0119594310243372
0.0115554246275735
0.0122052015823613
0.0131983839744123
0.0115318575877552
0.0137606262099155
0.011966164464269
0.0129021126167856
0.0111143843110995
0.0121951014224351
0.013067081895457
0.0108955475128312
0.0119223971046267
0.0152217826782248
0.0121479673428269
0.014555172123579
0.0118483292652343
0.0100808012793721
0.0105925427152727
0.0110436831916445
0.0118651628650923
0.0129526134163882
0.0119964649440476
0.0123163033414642
0.0113197542294472
0.0111211177510313
0.0116799932665685
0.0109561484723599
0.0112658867098787
0.010757511993944
0.0147740089218189
0.0108517801531889
0.0133936537328623
0.0128112111775067
0.0120503324636161
0.0112120191903102
0.0121479673428269
0.012036865583724
0.0118651628650923
0.0143026681255947
0.0113029206295892
0.0106632438346992
0.0114476895884366
0.0134643548522888
0.0115116572679028
0.0111009174312073
0.0126832758185458
0.0139457958084392
0.0117271273461768
0.0105790758353805
0.0122759027017878
0.0112423196700604
0.0116698931066423
0.012585640939335
0.0132724518138332
0.0122422355020717
0.0122052015823613
0.0120705327834401
0.0122792694217821
0.011966164464269
0.010740678394086
0.0110504166316048
0.0115991919872158
0.012302836461572
0.0129526134163882
0.00984513088124572
0.0119829980641555
0.0119526975843769
0.0108012793535863
0.0113769884689816
0.0128785455769673
0.011966164464269
0.0112120191903102
0.012390371180885
0.0112355862301285
0.0105824425553465
0.0101818028785488
0.0125317734197665
0.0108719804730413
0.0104275734365729
0.011949330864411
0.0108248463934046
0.0113029206295892
0.0108551468731548
0.0112692534298446
0.0113433212692655
0.0101346687989405
0.0127135762982959
0.0115116572679028
0.0102659708778674
0.0128751788570014
0.0110672502314628
0.0111615183907077
0.0113534214291917
0.01182139550545
0.0102861711977198
0.0114746233482208
0.0111884521504919
0.0126832758185458
0.00984513088124572
0.0109999158320022
0.010313104957504
0.0116766265466026
0.0107844457537283
0.0106598771147333
0.0140030300479737
0.0108012793535863
0.0103703391970384
0.0102491372780094
0.0111682518306679
0.00998989984009313
0.0120267654237978
0.012373537581027
0.0109830822321442
0.0114106556687261
0.0109931823920704
0.00994949920041677
0.0111884521504919
0.012373537581027
0.0115116572679028
0.0108989142328255
0.0107979126336204
0.0102491372780094
0.00977106304182485
0.0103804393569646
0.0109292147125757
0.010989815672076
0.0103568723171463
0.0110672502314628
0.0125250399798063
0.0109123811127176
0.0113500547091974
0.0103232051174302
0.0108618803131151
0.0105218415958461
0.0114678899082605
0.0106969110344437
0.0106767107145913
0.0114039222287659
0.0115621580675054
0.0102053699183671
0.0102895379176857
0.0127135762982959
0.0110100159919284
0.0132253177341966
0.0121311337429688
0.0109797155121782
0.00978452992171697
0.0122153017422875
0.010757511993944
0.0114914569480788
0.011504923827971
0.0119257638245927
0.0106396767948809
0.011185085430526
0.010313104957504
0.0114274892685842
0.0108888140728993
0.0102525039979753
0.0115385910276871
0.0101144684790881
0.0110167494318603
0.009764329601893
0.0105386751957042
0.0103467721572201
0.0112187526302705
0.011309654069521
0.0102996380776119
0.0099427657604565
0.0104612406363174
0.0117675279858531
0.0105420419156701
0.0108214796734387
0.00987879808099024
0.0117910950256714
0.00994949920041677
0.0113029206295892
0.0106127430350966
0.0103030047975778
0.011077350391389
0.00937042336505556
0.0101919030384749
0.0101717027186226
0.0107642454339043
0.00943439104452182
0.0117877283057055
0.0105992761552045
0.0102693375978618
0.00993603232052465
0.0109864489521101
0.0116665263866764
0.0105319417557439
0.00992929888056437
0.0112658867098787
0.0114241225486182
0.0111345846309234
0.0098417641612798
0.0121984681424294
0.0109258479926098
0.0107979126336204
0.0114880902281129
0.0106262099149887
0.0105656089554884
0.010848413433223
0.0103198383974359
0.0110302163117524
0.0118348623853421
0.00987879808099024
0.0101952697584409
0.0100437673596616
0.0106901775944834
0.00989226496088236
0.0101212019190484
0.0093872569649136
0.00996633280027481
0.00995286592038269
0.00996969952024074
0.0101279353589803
0.0099427657604565
0.0106800774345572
0.0104780742361754
0.0102491372780094
0.0100606009595197
0.0109426815924678
0.0112052857503784
0.00986533120109812
0.0106565103947673
0.0100404006396957
0.0106228431950228
0.0105016412759937
0.00960272704318754
0.0109494150323997
0.00985523104117192
0.0101952697584409
0.011272620149839
0.00968689504250619
0.0106699772746595
0.00969026176247212
0.0103939062368568
0.011292820469663
0.00962292736301151
0.0111177510310654
0.00957916000336922
0.0109359481525075
0.010084167999338
0.0104814409561698
0.0100606009595197
0.0101178351990541
0.0107743455938021
0.0100808012793721
0.0103265718373962
0.010972982072218
0.00911455264707683
0.00930645568556088
0.0104511404763912
0.00997306624023508
0.00914821984682135
0.0094209241646297
0.0109090143927233
0.00943439104452182
0.00934348960527132
0.00935022304520317
0.010101001599196
0.0101414022388724
0.00916842016667374
0.0112995539096232
0.0103501388772145
0.0102356703981172
0.00950509216397677
0.00922228768624223
0.0114611564683287
0.0109123811127176
0.0107339449541257
0.00987206464102997
0.00897988384815562
0.00998989984009313
0.00984849760121165
0.00993603232052465
0.00985859776113784
0.00994613248045084
0.0101548691187645
0.0112187526302705
0.0100370339197013
0.00963976096289798
0.010084167999338
0.00968352832254027
0.009764329601893
0.00936368992509529
0.00953875936369286
0.00961956064304559
0.00966332800268788
0.00960272704318754
0.00995623264034862
0.0101919030384749
0.00991583200067225
0.00982156384142741
0.0107810790337624
0.00980473024156936
0.0100976348792301
0.0103198383974359
0.0103063715175438
0.00961956064304559
0.0111278511909916
0.00959599360322727
0.0101515023987986
0.00982493056142175
0.00986196448110377
0.00935022304520317
0.0099427657604565
0.0101548691187645
0.00968352832254027
0.00981819712146148
0.0109628819122918
0.00976096288192707
0.00973739584210875
0.00892601632858714
0.00997306624023508
0.00944785792441394
0.0105824425553465
0.0118112953455238
0.00912465280700303
0.00970709536235859
0.0089765171281897
0.0101346687989405
0.0100673343994799
0.0102794377577595
0.0108046460735807
0.0093872569649136
0.00937042336505556
0.0109090143927233
0.00911118592711091
0.0104343068765331
0.00944785792441394
0.00915495328678162
0.00921218752631603
0.00914821984682135
0.00911455264707683
0.00897988384815562
0.00941082400473192
0.00936032320512936
0.0102760710377936
0.00969026176247212
0.0112254860702024
0.00982829728138768
0.00903375136772411
0.0101077350391563
0.00921892096624788
0.00982156384142741
0.0100740678394118
0.0103232051174302
0.0100875347193039
0.00964986112279576
0.00997306624023508
0.00978789664171131
0.010101001599196
0.00959262688326135
0.00985186432120599
0.00889571584883697
0.00901691776786606
0.0095757932834033
0.00945122464440828
0.00962629408300586
0.00906741856746862
0.00994949920041677
0.0100033667199853
0.0084445753724367
0.0109999158320022
0.0102996380776119
0.00909435232725286
0.00991583200067225
0.00906068512750835
0.00925932160592424
0.00976769632185892
0.00901355104790014
0.0101851695985147
0.00948489184412438
0.00987543136099589
0.00996969952024074
0.00888898240890512
0.0100942681592642
0.00949499200405057
0.00926268832591859
0.00966669472268222
0.00933675616531104
0.0106060095951648
0.00987206464102997
0.00929635552563468
0.00990236512078013
0.0109494150323997
0.00892938304858149
0.00975086272200087
0.00959599360322727
0.00960946048311939
0.01031647167747
0.00972392896221663
0.00949499200405057
0.0109494150323997
0.00913811968689515
0.00956905984344303
0.00993266560055872
0.00906741856746862
0.0102558707179696
0.00964986112279576
0.00943439104452182
0.00994613248045084
0.00927615520581071
0.00894284992847361
0.00893948320847926
0.00936032320512936
0.00961956064304559
0.00904048480768438
0.0091414864068895
0.00922902112617408
0.00832674017340196
0.00998989984009313
0.00995959936034296
0.00831327329350984
0.010188536318509
0.00875768032994984
0.0105992761552045
0.00998989984009313
0.00889571584883697
0.00866004545073906
0.00988553152092209
0.00999663328002498
0.00861627809106835
0.00918862048649771
0.0106969110344437
0.0103097382375381
0.00892264960862121
0.0103737059170044
0.00977779648178512
0.0104949078360619
0.00963302752293771
0.00987543136099589
0.00955895968354525
0.0087980809696262
0.0105386751957042
0.00903038464775818
0.00991583200067225
0.00940745728473757
0.0092088208063501
0.00893611648851333
0.00881491456948424
0.00980473024156936
0.0100471340796275
0.010740678394086
0.00901355104790014
0.00888561568891078
0.00962966080297178
0.0107676121538702
0.0100505007995935
0.00901018432793421
0.0105252083158121
0.0101616025587248
0.0106228431950228
0.00891254944869502
0.00915832000674754
0.00962292736301151
0.0098417641612798
0.00901691776786606
0.00903711808771845
0.00914821984682135
0.0104073731167489
0.00857587745139199
0.00894958336840546
0.00896305024829758
0.00893274976854741
0.00900345088797394
0.00865331201077879
0.00921892096624788
0.00897315040822377
0.00856241057149987
0.00876104704991576
0.00916505344667939
0.00900681760793987
0.0100134668799114
0.0117035603063869
0.00953202592376101
0.00848834273210741
0.00841764161265246
0.00927952192577663
0.00888561568891078
0.00929635552563468
0.00866004545073906
0.00990236512078013
0.00896978368825785
0.00885531520916061
0.00996969952024074
0.00869371265045515
0.0106295766349831
0.0101414022388724
0.00959936032322162
0.00837387425301017
0.00881491456948424
0.0108921807928652
0.00982829728138768
0.00931318912549273
0.00829307297365744
0.00945795808434013
0.00879134752966593
0.00967679488258
0.00848497601214149
0.00903038464775818
0.00897315040822377
0.00857587745139199
0.0090438515276503
0.00869707937042108
0.00896978368825785
0.00943439104452182
0.00763656257890943
0.0094882585640903
0.00873074657016559
0.00925258816599239
0.00883848160930256
0.0092424880060662
0.00889571584883697
0.00865331201077879
0.00858934433128411
0.0090539516875765
0.00964312768286391
0.00899671744804209
0.00779143169768304
0.00924922144602647
0.00812473697502014
0.00721908930225368
0.00939399040484545
0.00865331201077879
0.00888224896894485
0.00829643969362337
0.00959936032322162
0.00847824257218122
0.00843110849254458
0.0106396767948809
0.00822573857419684
0.00865331201077879
0.00926268832591859
0.00926605504588451
0.00892938304858149
0.00830990657351549
0.00940409056477165
0.00892938304858149
0.00975086272200087
0.00876104704991576
0.0090438515276503
0.00972056224225071
0.00870381281038135
0.00885868192912653
0.00885531520916061
0.00917852032657152
0.00831327329350984
0.00921555424628195
0.0101986364784068
0.0084445753724367
0.00856241057149987
0.00877451392980788
0.0084445753724367
0.00752546081980654
0.00838734113290229
0.00844120865247078
0.00874758017002364
0.00889571584883697
0.00816177089470216
0.00847487585221529
0.00869371265045515
0.00841427489268654
0.009319922565453
0.00891254944869502
0.00833684033329973
0.00847487585221529
0.00882501472941044
0.00870044609041543
0.00857587745139199
0.00870381281038135
0.00812473697502014
0.00824593889404923
0.00726285666189597
0.00832674017340196
0.00848497601214149
0.00840080801279441
0.00824593889404923
0.00874758017002364
0.00776113121790445
0.00970036192239832
0.00848497601214149
0.00882164800944452
0.00901018432793421
0.00824593889404923
0.0081887046544864
0.00901355104790014
0.00880144768959212
0.00796986785624654
0.00851190977192573
0.0090438515276503
0.00841764161265246
0.00829307297365744
0.0082661392138732
0.00899335072804774
0.00918525376653179
0.00789580001685408
0.00919535392645798
0.0090539516875765
0.00922565440620815
0.00870044609041543
0.00869707937042108
0.00845804225232882
0.00832000673344169
0.00776113121790445
0.00832674017340196
0.0086196448110627
0.00776113121790445
0.0077543977779726
0.00821227169430472
0.00842100833264681
0.00814830401481004
0.00810453665516775
0.00800690177595698
0.0082661392138732
0.00754566113963051
0.00807423617541758
0.00746149314031186
0.00832000673344169
0.0074884269000961
0.00722918946217987
0.0084445753724367
0.00935695648516344
0.00809106977527563
0.00794630081642822
0.00955222624358498
0.0090539516875765
0.00730325730157233
0.00836377409308398
0.00800690177595698
0.00847824257218122
0.007242656342072
0.00862301153102862
0.00870381281038135
0.00725612322196412
0.0074884269000961
0.00843110849254458
0.00792273377663832
0.00822237185423091
0.00882164800944452
0.0081887046544864
0.0082661392138732
0.00906741856746862
0.00891591616868936
0.0100033667199853
0.00762309569901731
0.00858597761131819
0.00845130881239697
0.00815503745477031
0.00843447521253893
0.00835030721319185
0.00847824257218122
0.00888898240890512
0.00792273377663832
0.00745812642034593
0.0090539516875765
0.0084445753724367
0.0075759616194091
0.00862974497096047
0.00711808770304856
0.0079429340964623
0.00806750273545731
0.00787896641696761
0.00681171618552412
0.00805403585556519
0.00720898914232748
0.00774766433801233
0.00812137025502579
0.00641780994865826
0.00822573857419684
0.00785539937717772
0.00816177089470216
0.00881154784951832
0.00773083073815428
0.00847150913224937
0.0085321100917497
0.00715175490279307
0.00905731840754243
0.00769716353843819
0.00803046881577529
0.00824930561401516
0.00768369665854607
0.00804393569566741
0.00782846561739348
0.00814493729484411
0.0074884269000961
0.00770389697837004
0.0078318323373594
0.00807760289538351
0.00784866593721745
0.0076769632185858
0.00749179362006203
0.00857251073142606
0.00777123137783065
0.00836040737311805
0.00789243329685974
0.00856241057149987
0.00834694049322593
0.00725275650199819
0.00860617793117058
0.00821900513426499
0.00716522178268519
0.00873411329013152
0.00793956737649637
0.00778133153775684
0.00927615520581071
0.00772746401818836
0.00711135426311671
0.00827960609376532
0.00778469825772277
0.00715848834275334
0.00797660129620681
0.00720898914232748
0.00893611648851333
0.00767022977865395
0.00744129282048789
0.00790590017675186
0.00871727969027347
0.00639087618887402
0.00795303425638849
0.00648851106811321
0.00807086945545166
0.00721235586232183
0.007242656342072
0.00745139298038566
0.00872401313020532
0.00747496002020398
0.00740089218081152
0.00817860449458863
0.00818533793452048
0.00702045282383779
0.00795976769632034
0.00775776449793852
0.00824257217405489
0.00765002945880155
0.00726959010185624
0.00752882753977246
0.00762309569901731
0.00718878882250351
0.00726622338189031
0.00744802626041974
0.0077543977779726
0.00680161602559792
0.00649524450804506
0.00760626209915927
0.00762309569901731
0.00693291810455321
0.00760626209915927
0.00733692450131684
0.00729652386164048
0.00859607777124438
0.00758606177930687
0.00756922817944883
0.00790590017675186
0.00683864994530836
0.0074884269000961
0.00681171618552412
0.00765339617876748
0.0074985270600223
0.00696321858430338
0.00704065314369018
0.00722582274221395
0.00833010689336788
0.007599528659199
0.0065322784277555
0.0072224560222196
0.00725275650199819
0.00700025250401382
0.00645821058833462
0.00764666273883563
0.00726959010185624
0.00901018432793421
0.00805066913559926
0.00730325730157233
0.00722918946217987
0.00794966753642257
0.00755576129955671
0.00700361922397974
0.00759616193923307
0.00690261762477462
0.00788569985692789
0.00683191650534809
0.00759279521926715
0.0087879808097
0.00667368066660856
0.0080001683359967
0.00779143169768304
0.00714502146286122
0.00640770978873206
0.00698341890412735
0.00707432034340627
0.00727969026178243
0.00703391970372991
0.00747832674016991
0.00684201666527429
0.00810790337513367
0.0074109923407093
0.00677468226581368
0.0073874253009194
0.00649861122801099
0.00823247201415711
0.00771399713829624
0.00712145442304291
0.00689588418484277
0.00711135426311671
0.00664338018685839
0.00759279521926715
0.00781163201750701
0.00691608450466674
0.00656594562747159
0.00648851106811321
0.00761636225908546
0.00716858850265112
0.00765002945880155
0.00635720898915793
0.00748506018013018
0.00701708610387186
0.00682518306541624
0.00709788738322459
0.00751199393991442
0.0073200909014588
0.00708442050333247
0.00678141570574553
0.00709115394326432
0.00797996801617273
0.00690261762477462
0.00652554498779523
0.00716858850265112
0.00696321858430338
0.00684201666527429
0.00710798754315078
0.00703728642369583
0.00673764834610324
0.00691608450466674
0.00732345762142472
0.00702045282383779
0.00713492130293503
0.00649187778807914
0.00703055298376398
0.00700698594394567
0.00730325730157233
0.00688578402491657
0.00745139298038566
0.00821227169430472
0.00791600033667805
0.00606430435149719
0.00655921218753974
0.00693965154448506
0.00678141570574553
0.00661981314704008
0.00680834946552977
0.00645821058833462
0.00730662402156668
0.00674774850602944
0.00650871138793718
0.00710798754315078
0.00682854978538217
0.00733019106135657
0.00691271778470082
0.00709788738322459
0.00652554498779523
0.00662654658700035
0.00648851106811321
0.00665011362681867
0.00625620738995281
0.00713492130293503
0.00698005218416142
0.00651207810790311
0.00649187778807914
0.00706758690347442
0.00592626883261005
0.00761299553909112
0.00719552226243536
0.00591280195271793
0.00673764834610324
0.00760289537919334
0.00651544482789745
0.00645147714840277
0.00733019106135657
0.00670734786635308
0.00700025250401382
0.00698341890412735
0.00693291810455321
0.00648177762815294
0.00641444322869233
0.00710462082315644
0.00690598434476897
0.00730662402156668
0.00660297954718203
0.00640770978873206
0.00646157730830055
0.00654574530764762
0.00768369665854607
0.00637404258901597
0.00645821058833462
0.00645821058833462
0.00639087618887402
0.00669051426649503
0.00657267906743186
0.00650871138793718
0.0068655837050926
0.0067881491457058
0.00681844962545597
0.0064447437084425
0.00698341890412735
0.00658614594732398
0.00707095362344035
0.00651544482789745
0.00578149987376264
0.00632690850937934
0.00636394242908978
0.00639424290883994
0.00709115394326432
0.00645821058833462
0.00603400387174702
0.00720562242236156
0.00733019106135657
0.00623600707012884
0.0068992509048087
0.00571416547430204
0.00764666273883563
0.00626294082991308
0.00651881154786338
0.00631007490952129
0.00687905058498473
0.00613163875095779
0.00677468226581368
0.00673091490617139
0.00664674690682432
0.00646494402829489
0.00686221698509826
0.00609460483124735
0.006710714586319
0.00620233987038432
0.00700361922397974
0.00656257890750567
0.0065221782678293
0.0069665853042693
0.00649187778807914
0.0063673091490557
0.00642454338861853
0.0067881491457058
0.00638414274894217
0.00680498274556385
0.00652554498779523
0.00641780994865826
0.00642454338861853
0.00625620738995281
0.0063774093089819
0.00656594562747159
0.00551889571585207
0.00757932833937502
0.00609123811128143
0.00653564514772143
0.00571416547430204
0.00643127682855038
0.00649524450804506
0.00634037538927146
0.00619560643045247
0.00640770978873206
0.00564009763488116
0.00630334146958944
0.00662317986703442
0.00579833347362069
0.00584210083326298
0.00677468226581368
0.00602727043178675
0.00557612995538648
0.00645821058833462
0.00634037538927146
0.00623600707012884
0.00686221698509826
0.0074985270600223
0.00639760962883429
0.00642791010858446
0.00581853379347308
0.00620907331034459
0.00601717027186055
0.00640434306876614
0.00608113795135523
0.00643127682855038
0.00667368066660856
0.00607777123138931
0.00617540611060008
0.00626294082991308
0.00580843363354688
0.00599360323207065
0.00649187778807914
0.00641444322869233
0.00643464354851631
0.00638414274894217
0.00657941250736371
0.00643127682855038
0.00711808770304856
0.00551552899588614
0.0060878713913155
0.00689588418484277
0.00638414274894217
0.005821900513439
0.00665011362681867
0.00608450467132116
0.00635720898915793
0.00647504418822109
0.00574783267401813
0.00638077602894782
0.00588586819293369
0.00595993603232614
0.00565019779480735
0.00600370339196843
0.00632690850937934
0.00622254019023671
0.00600370339196843
0.0060205369918549
0.0065221782678293
0.0062764077098052
0.00564683107484143
0.00687231714502445
0.00547512835620978
0.0059330022725419
0.00530342563757813
0.00608450467132116
0.00605757091153691
0.00552899587577826
0.00588250147293934
0.00614847235081584
0.00562663075498904
0.0054010605167889
0.0063774093089819
0.00643464354851631
0.00602390371182082
0.00599360323207065
0.00622927363016856
0.00675784866595563
0.00637067586905005
0.00642791010858446
0.00714502146286122
0.00560643043516507
0.00648514434811887
0.00657941250736371
0.00712818786297476
0.0060003366720025
0.00618213955056035
0.00534382627725449
0.00605757091153691
0.00623600707012884
0.00660297954718203
0.00573099907416008
0.00624610723002661
0.00653564514772143
0.00592626883261005
0.00575119939398405
0.00561316387509692
0.00606093763153126
0.00562326403502311
0.00599023651207631
0.00534045955728857
0.00595656931236022
0.00580170019358661
0.00557949667538082
0.0055660297954887
0.00616867267066823
0.00571079875430769
0.00571079875430769
0.00559296355527295
0.00629997474959509
0.00605420419157099
0.00598350307214446
0.0060205369918549
0.0056569312347392
0.00623600707012884
0.00537412675700466
0.00569059843448372
0.00589260163286554
0.00606767107146311
0.00581180035351281
0.00550879555592587
0.00561653059506284
0.00590943523272358
0.0054111606767151
0.00578486659372857
0.00583873411329705
0.00591616867268385
0.00568723171451779
0.00573773251409193
0.00681844962545597
0.00597340291221826
0.00610133827120762
0.00549532867603375
0.00551552899588614
0.00570406531437584
0.006178772830566
0.00575793283394432
0.00551889571585207
0.00563336419494931
0.00571416547430204
0.00567039811463133
0.00541789411667537
0.00616530595067388
0.00550542883595995
0.00548522851613598
0.00640770978873206
0.00577139971383644
0.00553236259574419
0.00577476643380237
0.00644137698847658
0.0059229021126157
0.00575793283394432
0.00527312515782796
0.00587576803300749
0.0057444659540522
0.00628314114973705
0.00550206211599402
0.00538086019696493
0.00581516707347873
0.0051451897988386
0.00617540611060008
0.00579833347362069
0.00605757091153691
0.00566029795473355
0.00546502819628358
0.00582863395337085
0.00534382627725449
0.00561316387509692
0.00547512835620978
0.00579160003366042
0.00525965827793584
0.0054986953960281
0.00604073731167887
0.00599696995203658
0.00564009763488116
0.00556939651545463
0.00539769379682298
0.00544482787645961
0.0055660297954887
0.0054212608366413
0.00549532867603375
0.00515865667873072
0.00665684706675052
0.00548186179614163
0.00548186179614163
0.00553909603570446
0.00590943523272358
0.0057444659540522
0.0060104368319287
0.00573436579412601
0.00581180035351281
0.00584546755325732
0.00550206211599402
0.00551552899588614
0.00545829475635173
0.00627977442977112
0.00542799427657314
0.00577476643380237
0.00529669219764628
0.00515865667873072
0.00551889571585207
0.00549532867603375
0.00591616867268385
0.00555256291559658
0.00591280195271793
0.00600370339196843
0.00556266307549436
0.00536402659710689
0.00540779395674917
0.00532699267739645
0.00531352579750433
0.00537412675700466
0.0060878713913155
0.00538086019696493
0.00560979715513099
0.0056569312347392
0.00530342563757813
0.00555929635552843
0.00578486659372857
0.00534045955728857
0.00535729315714661
0.00526639171786769
0.00568386499452345
0.00550542883595995
0.00561316387509692
0.00550206211599402
0.00546502819628358
0.00587576803300749
0.00548522851613598
0.00525292483797557
0.00543472771653342
0.00538422691693086
0.00563673091491523
0.00578486659372857
0.00553572931571011
0.00537076003703874
0.00554246275567039
0.00531689251747025
0.00560643043516507
0.00526975843786204
0.00534045955728857
0.00570743203434176
0.00537076003703874
0.00558623011531267
0.00598013635217853
0.00549196195606783
0.00581516707347873
0.00574783267401813
0.00532362595743052
0.00509132227927012
0.00522935779818567
0.00537412675700466
0.00553572931571011
0.00526975843786204
0.0054986953960281
0.00537412675700466
0.00538759363689678
0.00528659203772008
0.00528659203772008
0.00540442723678325
0.00603063715175267
0.00539769379682298
0.00546502819628358
0.00552899587577826
0.00505765507955402
0.00573436579412601
0.00534045955728857
0.0052226243582254
0.005821900513439
0.00546839491624951
0.00558286339534675
0.00534045955728857
0.00543809443649934
0.00583873411329705
0.00627304098981085
0.0056670313946654
0.00533035939736237
0.00554582947563631
0.0054212608366413
0.00552562915581234
0.00550542883595995
0.00547176163624385
0.00622927363016856
0.00553236259574419
0.00508122211934392
0.00541789411667537
0.0053101590775384
0.00588586819293369
0.00541452739668102
0.00510815587912816
0.00631007490952129
0.00562326403502311
0.00530679235754405
0.00554582947563631
0.0054212608366413
0.0060003366720025
0.005077855399378
0.00563673091491523
0.0054111606767151
0.00597340291221826
0.00622927363016856
0.00518559043851496
0.00535392643718069
0.00518222371854904
0.00537749347699901
0.00521589091829355
0.00506102179951995
0.00553572931571011
0.00556939651545463
0.00631007490952129
0.00553236259574419
0.00536739331707281
0.0056771315545916
0.00494655332042271
0.00555929635552843
0.00547512835620978
0.00539432707685705
0.00563336419494931
0.00575793283394432
0.0054986953960281
0.00535055971721476
0.00562326403502311
0.00478158404175133
0.0055895968352786
0.00509132227927012
0.00508122211934392
0.00515192323879887
0.00517212355862284
0.00520915747833328
0.00539096035689113
0.00513172291894648
0.00520915747833328
0.00510815587912816
0.00516875683865692
0.00574783267401813
0.00591280195271793
0.00526975843786204
0.00594646915243402
0.00712482114300883
0.00584883427322325
0.00551216227592022
0.00520915747833328
0.00521925763825948
0.00538086019696493
0.00555929635552843
0.00581516707347873
0.00563673091491523
0.00542462755660722
0.00535055971721476
0.00544146115646527
0.00544146115646527
0.00549532867603375
0.00516539011869099
0.00536739331707281
0.00480515108156965
0.00512498947901463
0.00514855651883295
0.00500378755998554
0.00517885699858311
0.00517212355862284
0.00632690850937934
0.00499705412002527
0.00551216227592022
0.00519905731840709
0.00549532867603375
0.00497012036024103
0.00586230115311537
0.00519232387847524
0.0055660297954887
0.00507112195944615
0.00501388771988331
0.00467384900261436
0.0053101590775384
0.00525965827793584
0.00529332547765193
0.00537749347699901
0.0051350896389124
0.00536402659710689
0.00599360323207065
0.00536065987711254
0.00523945795808345
0.00570069859440991
0.00553236259574419
0.00512498947901463
0.00517212355862284
0.0054986953960281
0.00545829475635173
0.00561989731505719
0.00528322531775416
0.00510815587912816
0.00482871812138796
0.00619223971045813
0.00517885699858311
0.00521252419829921
0.00517212355862284
0.00529332547765193
0.00547512835620978
0.00515865667873072
0.00535729315714661
0.00498358724013315
0.0054010605167889
0.00484218500128009
0.00517885699858311
0.00511152259912251
0.00487248548103025
0.00569396515444964
0.00514182307887268
0.00509805571923039
0.00528659203772008
0.00559969699520479
0.00566029795473355
0.00479505092164345
0.00542799427657314
0.0052428246780778
0.00476138372192736
0.00510815587912816
0.00517212355862284
0.00504755491962783
0.00569733187441557
0.00495328676038298
0.00525292483797557
0.00500378755998554
0.0048118845215015
0.00508122211934392
0.00519232387847524
0.00571416547430204
0.00530679235754405
0.0052226243582254
0.00509468899923604
0.00504082147966756
0.00496002020031483
0.00506102179951995
0.00539096035689113
0.00504755491962783
0.00490615268074635
0.00501388771988331
0.00535729315714661
0.0051451897988386
0.00525292483797557
0.0051350896389124
0.00599023651207631
0.00544146115646527
0.0052327245181516
0.00511825603905436
0.00537749347699901
0.00573436579412601
0.00478495076171725
0.00535392643718069
0.00568386499452345
0.00569396515444964
0.00508795555930419
0.00477485060181948
0.0051552899587648
0.00478158404175133
0.0048893190808883
0.005077855399378
0.0052428246780778
0.00480515108156965
0.0052226243582254
0.0046233482030118
0.00502735459977544
0.00520915747833328
0.0048792189209621
0.00489605252084857
0.00517549027861719
0.00456274724351147
0.00572089891423389
0.00506438851948587
0.00526639171786769
0.00513845635890675
0.00494655332042271
0.00496338692030918
0.004720983082251
0.00496338692030918
0.00504755491962783
0.00495328676038298
0.00543136099656749
0.00520242403840143
0.00485901860113813
0.00514182307887268
0.00494318660045678
0.00526639171786769
0.00500042083999119
0.00476138372192736
0.00509132227927012
0.00511488931908843
0.00536739331707281
0.00482871812138796
0.00496338692030918
0.00506102179951995
0.00466711556268251
0.00560306371517072
0.00546166147631766
0.00470751620235887
0.00484218500128009
0.00502062115984359
0.0051451897988386
0.00497348708020695
0.00486238532110406
0.00486575204106998
0.00495328676038298
0.00454928036361935
0.00538759363689678
0.00509468899923604
0.00527312515782796
0.00472434980221692
0.00512162275902028
0.00467721572258029
0.00498022052016722
0.00479168420167753
0.00481525124149584
0.00497348708020695
0.00466711556268251
0.00492298628063281
0.00528322531775416
0.00482871812138796
0.004720983082251
0.00468058244257463
0.00490278596078042
0.00441797828466406
0.0049768538002013
0.00521925763825948
0.00479841764160938
0.0046233482030118
0.0048994192408145
0.00460988132311968
0.00524955811800965
0.00483208484135389
0.00522599107819133
0.00496002020031483
0.00499368740005934
0.00476138372192736
0.00443144516455618
0.00517885699858311
0.00582526723340493
0.00507448867941207
0.00488595236092237
0.00483208484135389
0.00528322531775416
0.0048893190808883
0.00483208484135389
0.00549532867603375
0.00609460483124735
0.0053101590775384
0.00501388771988331
0.00496002020031483
0.00551216227592022
0.00491961956063847
0.0049566534803489
0.0053101590775384
0.00482535140139362
0.00519569059844116
0.00487585220099618
0.00479841764160938
0.00489605252084857
0.00482198468142769
0.00475801700193301
0.0048118845215015
0.00476138372192736
0.00492635300059874
0.00461998148304588
0.00483208484135389
0.00483881828128574
0.00483881828128574
0.00490278596078042
0.00468731588250648
0.00458968100329571
0.0053101590775384
0.00454591364365342
0.00475465028196709
0.0046233482030118
0.00483881828128574
0.00479841764160938
0.00475465028196709
0.00467384900261436
0.00441797828466406
0.00468058244257463
0.00464691524283012
0.00458968100329571
0.00469068260247241
0.00446174564430635
0.00519232387847524
0.00493308644053059
0.00460651460315376
0.00504082147966756
0.00457958084336951
0.00471424964229072
0.00456611396347739
0.00456948068344332
0.0047007827623986
0.00488258564095645
0.00489605252084857
0.00475801700193301
0.00483545156131981
0.00500042083999119
0.00466711556268251
0.00553909603570446
0.0048994192408145
0.00534719299722042
0.00516875683865692
0.00509132227927012
0.00448531268412466
0.00466711556268251
0.0045324467637613
0.00471424964229072
0.00433717700531133
0.00485228516117786
0.00467384900261436
0.00504755491962783
0.0047108829223248
0.00454928036361935
0.00477485060181948
0.00446174564430635
0.00457958084336951
0.00459978116322191
0.00440787812473786
0.00501052099991739
0.00504755491962783
0.00476138372192736
0.00446847908426662
0.00474455012204089
0.00459641444322756
0.00484555172124601
0.00498358724013315
0.00472771652218285
0.00481525124149584
0.0047007827623986
0.00567039811463133
0.00469068260247241
0.00472771652218285
0.00446511236427227
0.00461324804311403
0.00503745475970163
0.00487585220099618
0.00464691524283012
0.00458294756333544
0.00432034340545329
0.00472434980221692
0.00448867940409059
0.00480178436160372
0.00464018180289827
0.004720983082251
0.00489268580085422
0.004720983082251
0.00465028196279604
0.00457958084336951
0.00502062115984359
0.00526975843786204
