330.494388611267
3375.73035364159
-84.5648608237957
-518.982912290364
-105.922235382349
184.069624220847
838.584144824192
118.302670439729
506.099845909041
2400.24858394134
-250.728253402622
-133.569792026241
338.382114995481
3229.65557632805
288.166197053636
2309.67426052365
603.274139002306
-1153.17514497465
-131.885267420557
972.056686687247
3040.31135387325
-366.713208705226
-743.600794259199
3192.08638066904
-171.841987969072
2907.57530464205
-446.933132811938
-12.845667031701
136.394662683198
616.527152216846
81.7726860386456
742.981451216766
3022.91252591059
-503.192380210474
-19.627871955148
1776.93239705024
119.839747228137
-1258.17319389409
192.993326718349
-348.895702770686
398.932965981411
652.064529120788
3207.8492027729
1407.92888343735
524.082939630963
-650.432952463565
409.969935481925
-132.091410726731
-18.2008038382012
126.273837719851
-306.362569757312
498.736606711246
-840.692699011431
377.191904394973
1075.89179636559
99.117363399895
-314.359221111821
396.965162988547
505.833334338026
1273.55767916403
442.848729725699
449.435978352142
-276.59247262143
617.456803096466
3259.41446863228
356.976597411762
-1130.97892294032
-572.362078238396
226.606450595718
1203.75845422408
-441.211678069001
1202.38398684954
2384.03391611954
-29.0141224305999
3329.45903567396
2668.98013592043
272.404945516223
-258.370061138345
3372.8336863693
473.129941810894
2549.77614609563
2798.97871027507
-409.514222071496
1200.64503922273
2103.94907728108
288.58819719619
-514.176175282001
-401.334712894572
114.060497689181
932.819294103266
764.326792196521
2848.91068891216
290.112339968083
584.452639581415
360.941362305037
2357.97516527808
-184.344102834695
75.7327922844055
-184.455150439222
868.138050882695
476.450329003168
1238.77142095356
-102.86337024697
-133.636237804498
3365.97225226654
2811.95096289072
134.308889626398
2911.15045398243
-133.341021226656
3258.88543124685
-342.457389442092
53.3963131751765
436.893188300534
564.179658583213
-594.865040431466
-529.625365004316
-279.556066483651
-243.742082034436
3555.53778508642
614.30319509867
1199.92917838977
388.89942397967
589.983016450021
1222.6302852946
-842.919637721315
164.696846738112
1026.06185600461
-73.4037826561589
53.6386860709934
-404.377031766789
-304.160360052756
2446.35595608746
1424.03860970433
463.789704754017
2698.47057781448
973.007454775446
2713.92440123166
3114.0357453576
735.246888914617
887.65794710509
640.695716248374
2880.0169546029
3199.61055798912
243.223458204964
595.137726880671
2440.52379985462
604.948596702982
712.98384231277
-539.617824299487
1289.9174665021
3239.74082463813
2594.86239988182
2954.65039144868
157.9928619527
560.132336256941
34.9735534938345
-382.044936001322
1078.44994687649
3166.55112829896
833.89815988813
365.109464711937
103.001365955751
542.169618024632
535.14436719563
-506.532079012508
2235.96329878303
2160.63774970491
-230.124626910726
2950.66185441206
927.919162460471
45.5761047480551
568.482394129734
145.387976645405
2601.8014219311
934.835008492205
348.263306427385
119.957422216974
288.88592320738
-46.6980221383124
2898.73552897009
3348.60277191609
237.645161362042
66.4323910862327
69.9526236998379
2821.52309514744
-1336.70161166203
-53.1955701560917
-663.960565477391
-593.392850666431
565.674919594863
-126.470891324522
103.088575013983
862.976577793466
3065.34136040008
856.921061836839
269.32461546205
3143.97015644987
555.59347136449
430.065439777479
2559.98086241071
1403.94131955728
715.63688740216
481.883405927652
-359.315964358158
2961.78316846995
2745.99476874002
-100.454500972078
744.430369695012
2517.11180192471
-527.953163251603
2484.34592200252
3199.14639292695
20.1225757610849
2711.2439177762
3262.63537588093
263.931062125695
-479.858875338235
128.786892384133
312.517955015632
704.264530047328
1366.14232993818
899.203427353301
-456.301084750611
762.098001788257
2734.35452606357
2614.15724202831
68.0544038160763
-492.561478339818
925.444079336842
-88.7995726640198
-153.170266903291
148.682370558857
-489.371087482218
192.653455837951
164.504389335018
2218.9223144304
-252.299904997611
2740.81429221578
202.599051984078
811.740297189367
-451.495231279529
492.700136768669
-258.706575180928
2401.18226520704
2741.16779663118
-577.978953870782
2806.37938543718
577.417578720974
489.960892726558
3892.8748427677
3842.17094345762
514.274229758489
-336.418520621342
3170.18449635772
2804.08861012363
-206.040734227866
598.332102051079
630.108467614942
1212.67718321671
917.228669418068
720.208973059744
407.676976598669
2201.40974352622
1241.90898744508
-490.146601035586
477.7767851335
620.909618676511
3825.56153362956
560.624606381664
1998.66795150078
270.096501361032
3782.41169271717
436.82981726544
2932.00946944556
374.535255394475
838.553670665508
-928.45852834648
-369.876164429278
2765.19643027423
3338.72525735574
482.116912261171
3572.63955048884
2740.92056143908
-4.96390500179575
-365.145682604096
762.557561461075
-159.690963670328
3108.5798981873
879.196918274152
637.723076305619
3205.88366246592
-8.94674842841312
3079.43215302844
-272.934831176379
-27.6702139638273
-522.831633733412
3335.81548780755
273.606876363433
-126.044701575602
3734.54052874464
431.394710182054
2442.8905054224
231.814137256528
2756.93408867442
357.9125473885
586.332239435538
-542.818806043136
475.023065847036
-555.627360676437
-182.090174551866
59.31477829686
3544.19201802672
3030.16183873829
903.57130851901
795.682555606292
1223.49847460201
-716.894991022947
-382.970607954583
170.633757089829
516.789212597736
2597.02573869382
3249.32723571802
918.003342917184
28.482701596821
-199.83415632172
-853.245154626611
-327.804296692178
2859.27519833874
2127.97815722057
-58.0420935704087
-25.4689290858984
2831.50331619093
-620.719528025337
-261.477066464636
4046.92037588274
2784.32523241323
1103.56186149811
-61.6066488912726
2714.19969223295
3474.6708818387
380.91361863706
3137.49220954606
-33.8605572410225
1376.76730299135
-361.202241971211
3646.03839433004
185.157722707309
2758.22960090168
-183.92923631189
-231.33754108407
2315.84863856306
-632.248904207711
3382.97981920681
3176.90651896615
177.593151037082
-670.485885077816
1085.98808315116
159.246760316817
-23.9943021405579
-396.745518125032
2756.96249991446
58.9883559414499
2872.87675318795
26.7310865093576
99.2268467928188
-1101.6088869908
211.866564706353
-651.125666712851
-31.6538599099256
746.765284969345
-108.484209787426
1053.1475306159
943.796901772214
275.080484063371
830.144048616815
448.840480877888
934.055948045308
798.954105911474
948.817166266888
1049.45426828611
-17.9448463463649
504.560839126451
242.098172955129
1524.79542930592
159.574069760724
-576.11244742629
-583.704830363738
-539.173208156552
-637.246181367631
-324.421122593521
359.80262394397
1267.63423412396
3102.70528156594
196.948894553893
-768.398287824782
-292.84461916085
2211.0437146564
1764.80918029112
2473.71159552038
316.902219409367
-188.07326805225
-622.045568931519
2725.28617112095
195.086701248284
3829.00832751306
294.712005572705
3074.53509682427
747.108730652432
-591.863750439167
-562.886083633619
-1219.49752537586
-434.217258994321
3308.05719723147
-188.971755972646
-297.674961598396
229.916468752911
740.044444294982
1329.30064620808
301.027672659792
1707.29375281724
-79.4393048878061
2829.66439230897
181.339867506581
2629.04570060723
738.003310504048
-213.583135480803
-437.87459338743
-131.388508464171
3630.8663752016
2854.24576868626
3232.54793662976
3155.80957785516
-48.4485731084332
-295.80994057155
191.567338448384
-190.856484177435
212.040419123945
703.433564709305
-907.927744271482
374.389609300043
-356.780990984944
395.032160120879
-382.748428580968
123.221495506019
-46.6781709420741
767.3562093577
-635.125068824003
308.910157535771
-271.057562208651
3068.45290688011
246.085184314763
511.918058296208
1268.79102187678
604.30697395012
1148.85691300375
1264.96714944412
-541.068341814314
195.939610887202
3777.40833358767
893.486033889246
-175.18424649033
63.2220586982007
285.986622564686
35.0331697086166
181.062706641278
2855.37622412916
2123.535980284
624.696047614673
443.995222765053
2726.55918871709
-47.3798084277976
748.205361652219
-205.211645372013
-146.746777284283
149.360327110762
564.926831014236
1041.44790207057
3128.42746548492
2649.55447080063
3153.78246780907
606.040494231458
-228.785711851818
276.023531276189
344.494132453139
623.538261447997
3164.1154062922
2919.90416837496
-580.740428230319
303.986189803506
427.94999565495
953.06022890149
-48.7193314229093
-14.8079585500386
680.400386510054
2371.82585458754
599.580633003056
343.469077176347
-847.826816240664
3278.91986373813
-295.195057529597
580.857138279004
242.211106802939
683.396789452412
-140.596723987259
374.168351892515
799.332412187133
135.017333226361
2866.24996649005
2719.20564874594
83.094604649317
677.893998162579
40.6627690319348
178.816797674607
-441.243699448675
46.7800859463288
-128.21725399476
373.508202566164
-65.5374908968681
2078.42096638456
2652.45942799854
-786.80485100837
2770.85308229931
1083.34093372452
381.373955612886
2806.60807619928
159.228607639189
-48.1941686033269
-204.226748687872
89.389613390052
50.8427615857244
1964.33325592518
194.43319880278
-260.662506454558
3886.83530474051
766.033227285648
2641.62765721927
633.477424824178
35.3332017575294
16.2756990177006
-286.533337506694
-503.399156225226
360.934183083662
1431.18980516031
537.447473492725
678.921252373551
