566.786562598464
62.7077270909542
384.153181646458
14.6916919023652
1381.48249131868
127.254688110801
-1037.88191128886
2803.08919032867
318.572523212388
201.904901724446
1947.93727123574
587.806391698465
504.46610660084
745.111996739106
788.44968815248
-330.422928009813
1336.09039752845
3397.89430756577
653.93956058178
-592.47655343093
2279.19860230311
-45.4807502820718
-326.471599634017
2739.97853211127
644.556283763901
-710.537733652186
2278.0759361111
-182.235043043189
3538.37660502813
639.196505246963
327.277870606942
313.027405230422
2880.29581064181
2497.98500470737
631.89577368544
2930.25221613131
-238.860929991961
21.5557046745108
3939.40259979604
287.219923088408
206.22811434086
-642.277143514912
2796.88639586646
2034.5536355466
3219.68437959516
955.431298450053
-258.596976882631
1996.65537073307
-98.0556629329288
1948.42559985081
286.917049288849
224.898145169152
1877.33930252486
-522.208152593623
592.509831425
419.598308221373
400.238743284019
97.6233608304523
-1134.48602316342
703.589050194725
2775.4982056412
-1191.11714311046
-646.010937242678
234.28088200489
-190.204444093518
145.852001553781
245.12788256349
132.459897692617
-2.18041830224438
381.125968522895
3486.60211794541
-283.394618152802
521.443594825466
2319.34117549319
2186.33755201479
2898.33440498457
-1191.40504797497
148.970883871793
-545.937195684003
112.712400497173
-785.656770888435
1618.87832474989
191.670420618759
-344.805622480947
68.5074890624093
-182.738247735642
-49.4778545978214
13.3003367496616
2335.82022551431
878.707437139066
553.610463867398
424.252935670162
1170.91815344641
352.49428568159
-84.3382379709682
-525.028337028743
983.947814083094
-809.386927206185
2528.92677381556
805.366056605858
-20.0688587017069
306.593042996525
931.93290236787
1283.63424731654
118.097837904127
-410.323614922668
-138.688073239075
3529.91232340617
160.574839997779
561.356331842073
124.874914565836
-18.4093762079258
-1133.76288741802
260.674836742849
-444.330155204524
812.069236881162
699.559682935097
65.2535916150647
2895.60993579157
8.34498458946675
-14.9998968537358
374.670762586877
249.163860124793
-532.056888350062
477.057572841843
3033.64839957651
3036.34215263075
-503.109558968797
-294.916218407019
197.625175467762
-280.226644119992
2473.13591987465
269.75597446694
302.409180816405
527.524541531252
178.933660241538
-113.793467651947
-32.5113068208782
877.202891880299
2474.68387804076
2126.89272201711
119.596138575373
3651.42329160203
1568.97531023969
-628.199685065203
-220.158511239799
26.8214296789866
2576.8694111155
2.02158782994373
73.0690735772878
413.526130414097
1700.28600765217
890.381762293388
-3.44460295189675
-824.681882563245
3747.75451123589
-132.188159508391
335.138518251074
525.511184341327
674.105798776564
-4.79351116081303
388.879382646041
470.132105333791
85.1896225863664
3280.90416967092
1926.96381234276
-630.064784904609
1393.20481460791
-157.988838467464
2897.79753290834
3105.28396987087
309.204064310564
-378.417300263127
1278.20587659862
1427.09841770668
72.4421129920598
-172.682647261505
3975.32917666732
-359.108967538303
-702.048450906833
1061.63637909304
3380.0726166002
-173.744724821337
278.369442673498
1883.89991335032
666.985148338518
161.935567196238
788.408258537318
625.238664053239
3358.82423711674
319.979373231887
-385.968986039414
403.714778937719
-106.902545026689
31.2783051358177
36.060080884858
1880.45074655756
2806.85566050684
3367.09802603972
165.551065357142
-1173.89890524174
1346.29684940377
51.6651316890133
-265.181013203084
960.098105347348
76.9693051265165
854.441252899019
850.891280233024
-311.995688466207
77.424176643147
2829.8625543578
-210.263659502183
1675.89690316798
4260.73696407616
2749.44394728445
919.228458035627
915.243630114962
577.835334587942
702.909484218336
2300.99742501034
-531.774237190638
4294.71104495783
665.500093496326
-747.859998801392
2184.42029218863
299.365056121407
881.475504397402
1096.53920256463
382.110025069579
322.364534139834
-457.275796307088
654.129358209234
-486.257077573182
1806.11921067247
366.382361684797
1429.55255834327
2970.79140423761
-210.042941326465
460.002383640976
1677.55000035772
-432.670174295413
3054.68018066726
548.797485965454
2779.19265188329
-209.329372725191
438.802527661875
66.7515741998025
2119.08961908289
-229.606126739229
203.780091744043
4364.39679215686
-306.17533296981
1485.35386623841
250.889240533651
-1087.83925334757
-792.825535503446
90.9436764607637
-369.856103872989
1009.36039669099
2733.93329146803
323.306487599017
2701.79994499253
-26.3034258449404
2228.94642450847
637.973059296658
-78.6445974960888
3180.1183796872
1852.8380734042
2801.30148475393
2680.82957152803
1900.87355864915
-811.279588413236
3117.67456781128
-408.111255162558
-506.036459917832
-555.44537942348
-935.358050185383
-479.999113247375
3015.0702504173
-350.229972255691
77.8404878346747
101.588126765974
4050.68230248452
203.249220676463
2702.77183988465
165.653637116949
818.074703401487
614.971371198197
-1118.57792522556
-817.561779089018
-124.180310451186
815.012329988884
95.1205085089645
-76.0928048963851
-514.147570273339
2823.87708484989
-253.718607425411
-26.6537489656545
1243.47517612034
553.621728140643
442.482231453734
-263.449052388515
3229.73436200954
-422.446098202394
-708.263322448713
247.125690805075
598.240008371512
625.001197217627
-587.421695308151
977.047424778471
494.126907453527
1356.25309955954
2836.74368906633
518.04734537318
-230.912466877154
2831.00607010541
933.771488677962
-531.387533774428
743.035442149998
196.139878395772
-1000.5711910931
2527.41597119623
260.951897024815
1421.79139804914
201.024952404246
-100.725757623693
6.22297343131769
2611.11628816462
-959.547731133741
-791.467454868566
2622.35904002472
380.437419459986
441.252431952358
287.626832881179
351.779189668133
-670.421679938697
-658.274980654216
-1006.69459308773
172.990374269736
275.758911416551
698.955040525995
-14.8687953236326
355.578037648657
-1159.37334667991
136.555065650473
273.255019013109
1038.36790743403
225.785652532269
250.763617471155
36.8070132072455
2734.82312469551
-230.254844361029
705.709592307595
380.851572273866
529.584121668808
160.67389008472
775.943888447393
-409.208575363802
-944.61368960651
-36.0303368590494
1364.89494903001
307.124117008289
245.911345417283
-379.090720785308
398.163988173659
3973.67080002346
689.789343240095
-15.5503392907314
215.642609745253
311.849275212704
2125.17194390869
-439.760704245495
2986.76844919066
641.844296387517
0.298047605213467
682.720594060692
3497.81860215279
756.014332946228
2754.65692278978
3133.58258624979
102.920199979771
4274.642592452
330.70572442748
-414.03908525906
551.002800801376
2075.00327924763
710.807312749855
-231.471905439402
732.438974875691
572.235666338636
-103.553561359019
72.9196017039581
523.144969321699
3191.49345420701
502.239830526437
2180.20678369966
-411.002255670736
1472.89018493722
71.413330862864
438.749906271179
-21.7753555389054
-449.185956074337
3349.16255781805
348.534060202077
3845.47860141328
3078.86757992411
-583.794880825905
823.43067581452
-310.211470000941
3906.08783348879
754.433251396375
642.904339439848
829.327203313717
-443.377368936531
815.433336757168
2226.57854018204
102.106310038178
361.38684142452
2434.25179261983
2458.18419954724
2574.30323166941
473.749604982181
267.164694179482
-60.0505103941582
-209.478655120674
147.742742817607
4263.64686438747
-453.107731762779
1774.24020635046
693.523478826969
992.002169257378
560.749352480358
2814.12567859479
-109.774323819556
606.373927232399
2981.33137113449
3293.19130823038
-44.5147224281317
298.97627757589
1180.43658621696
888.012117040701
2070.66226128954
296.079710727643
566.275022880078
187.33306975181
862.206128169251
1186.33873969423
1358.68253453321
601.970192137962
117.498535108269
3322.2475184562
574.302036275747
166.139842913019
763.78619911167
129.168521865544
825.186815089121
102.427615995954
-123.443984087047
2233.37460407886
775.199528478462
655.561772480198
3123.16619276819
3308.44930487763
-173.324367765169
436.449546877721
1800.17441589586
-181.908901395971
-83.9487192818997
1849.22503584447
269.550693558649
2565.40278340529
2855.27231151692
-391.895231376694
565.857870013918
-442.499785829917
3101.21249548241
422.888609634781
3247.20091752236
863.276665135902
-1087.30927130294
3084.29946450893
-1096.97229682643
2191.38348247308
1017.61176767655
525.318073724625
-450.359853439075
197.836923106669
109.913565165925
-398.78761455781
-980.20499564744
1133.4481995655
803.214162616566
2423.96883951221
-365.490894291051
-302.573032959123
-828.380577448427
60.0816240222181
307.530738076164
3460.53515130811
-210.365240728314
644.437877158878
-1106.55000044073
3716.11570077239
683.040010843172
-98.6321234324281
2576.16101907143
4349.45268019668
46.0883042351829
693.035483542322
-148.670217265567
3082.55816586568
-6.08041712722834
-226.078047439051
924.33389305193
776.378741582958
304.998551326957
8.7582919768688
-850.791968641467
-87.9686803745631
2956.04918800605
3846.3208138942
584.003209249616
11.5194237338066
794.447232617675
3308.68115473232
4226.3016354993
422.435724701344
45.7816227215818
740.317013215189
-3.36930674581391
3560.38667004469
-1058.88480449772
3737.20207799705
-264.991578811101
-120.565894147428
2532.97857995109
1969.46139032786
1000.84279059151
649.272607948144
1911.79121248389
338.39539888641
1297.86216617211
-14.456052534155
4340.03712029926
2931.59985984956
