7.8079126336167
8.67832084841345
8.38440619476475
8.04398703812811
7.83745223466039
8.78622759027019
10.6650256712398
8.06977947984177
10.1070659035435
11.0927943775777
7.37262267485903
11.8291734702466
9.44212187526304
9.19203181550375
8.89959178520328
8.91175911118594
10.4593392812053
7.25784109081727
8.7144120865247
9.76594646915242
8.51534803467723
8.87657015402743
9.25388182812895
9.71280616109755
9.42698846898409
12.0190867772073
9.78427152596583
9.27296776365625
8.39607861291137
9.23126757006986
9.16203434054373
8.27700446090398
8.3830123726959
9.33724854810202
9.94021799511827
8.39563420587493
6.72504418819966
11.8242715259658
8.81054877535561
7.4339508458884
8.93806666105547
10.5589504250484
9.87536150155711
9.12699351906406
9.53230283646158
8.61111101759113
9.11359060685129
6.94330527733356
10.1981558791348
9.09770978873834
7.03962040232304
9.31727716522178
7.85943018264456
7.89412423196703
8.79275566029796
8.38888729904892
8.48619897315041
8.93583115899335
7.71900429256797
8.24681844962547
9.48284235333728
10.5172737985018
8.51502819627979
7.45743708442052
9.55665432202676
7.60214544230286
10.7840829896473
9.31773167241815
8.77583789243332
8.75598434475214
8.89022893695818
9.26528827539769
7.47195438094437
7.38259489941925
9.15591364363269
7.84057655079539
10.8797416042421
6.19959010184328
7.55733776618129
9.5744642706843
9.76733692450131
7.35959346856325
8.77022557023821
6.72181887046546
8.78622759027019
8.4632009090144
6.62579328339365
8.30462166484304
8.95757006985946
7.91053025839577
7.48675784866595
7.54628819122971
9.10916000336672
9.78477316724181
9.18202255702383
9.52277501893781
8.37423870044609
8.7144120865247
8.6063370086693
6.1459010184328
6.27343237101255
6.64851527649188
7.30121454423028
8.70622422355021
8.28893948320848
7.98304267317567
8.21789159161688
6.89271357629829
6.55988637320092
7.41133658782931
6.188250988974
7.8570263445838
7.32279521925764
7.52960609376316
7.73386836124905
6.95879218920967
7.58054793367563
8.33498947900009
7.14971887888225
8.04878461408973
6.66284403669727
5.69722834778219
7.82482030132144
8.152250652302
8.75517296523861
8.41470667452236
6.38417052436665
7.90872906321019
7.36986196448112
7.98801195185592
8.34265550037875
8.04398703812811
8.04398703812811
6.2695875768033
6.82714670482284
8.01469657436243
7.42391465364869
7.93526891675785
7.60182560390541
8.12298375557614
8.37224560222205
7.17226916926185
8.51899082568809
7.3888637320091
7.45109755071124
7.33941334904469
8.13141738910866
6.9329021126168
5.30984681424124
7.80503408803975
5.15372190893024
6.2620999915832
7.51467805740259
6.85959515192326
7.4103905395169
6.65173386078612
7.08910445248716
7.25145442302838
7.41088544735291
6.60435401060516
7.13740005050082
6.37967595320259
7.39744886794043
6.61169009342649
6.74304267317567
6.8109763487922
5.62335914485314
5.82415705748676
6.9793123474455
7.82208989142327
6.39406868108745
7.63476895884185
7.71009258479927
6.30025502903797
6.78234912886123
6.85742025082064
6.07452655500379
7.18433549364534
5.41138372190895
6.35603484555173
8.11177931150579
7.18429845972562
6.46414359060685
6.41426900092586
7.26432876020539
6.70230536150157
8.0275372443397
6.25024240383806
6.74568891507451
6.72198047302416
7.26076340375391
5.33559885531523
6.61035687231714
6.90972224560224
7.2365263866678
6.01340712061275
7.53933928120529
7.75958673512332
6.28569396515445
7.06251073141993
5.54278006901777
6.29884437336926
5.03835451561318
6.74568891507451
6.7307137446343
4.86307970709538
6.5739121286087
6.26101590775187
7.0200866930393
7.08451224644392
5.23100496591198
6.39934433128525
6.26608618803132
6.15284656173722
6.27343237101255
5.29733271610135
4.69883763992931
6.26059843447521
6.6805125831159
5.17465280700279
7.88329349381365
7.85826193081391
5.17096961535225
4.41833599865333
8.7947891591617
6.36530342563759
5.79934433128525
5.82895463344838
6.50070953623433
5.96039474791684
6.6959624610723
6.19916589512667
6.44254271525966
6.88413180708696
5.15224391886207
6.28289958757682
6.77370675869037
6.66900176752799
6.5146746906826
6.40070785287435
6.33679067418569
6.88803383553574
5.22387088628903
6.45071711135427
5.93774682265803
6.71534466795725
6.29398282972815
4.33849423449206
5.31100833263193
7.4731495665348
5.58497180372024
3.79220351822238
5.69827539769381
6.28569396515445
7.01773335577815
5.13024240383808
5.40600707011194
5.68754229441967
4.32650534466796
5.69676710714586
5.16352916421178
6.19959010184328
7.60608113795135
5.20408803972731
5.78647672754821
5.78610638835116
5.36974412928205
5.79273545997813
4.57307044861545
5.67667452234662
4.73748085178016
5.14009005975927
5.01170019358639
5.61360912381113
5.33169346014645
5.75745223466038
5.56232724518139
6.87674522346606
4.51095109839241
5.01980725528156
5.32061358471509
4.23854305193166
6.44879808096962
4.98793115057657
4.95930729736554
7.10468563252252
4.50089470583285
7.33555845467555
4.58265886709873
7.46359481525124
4.83006901775946
4.74969531184246
6.27949583368405
6.10050753303594
5.5775380860197
4.92278175237774
4.59691019274473
6.79937799848497
6.20467048228264
4.45700614426397
4.65063294335494
5.50576971635385
5.47738826698091
5.43262099149905
3.91295093005641
4.75272535981821
4.58614005555089
4.7651384563589
4.32650534466796
5.41539685211683
5.00414190724686
3.37309064893529
4.84404427236765
4.87277922733779
4.77445417052436
4.89473360828214
4.63843868361249
5.01996549112027
4.27185674606514
5.06595151923239
4.48801026849591
5.47822658025419
5.09665937210673
5.5040392222877
5.15984260584128
4.97357882333137
4.76472098308224
5.29854136857168
3.77405689756756
5.16537076003704
4.82943270768453
4.86307970709538
5.2942892012457
4.32650534466796
5.45049827455603
4.24714165474288
5.13278427741773
4.64600707011195
4.45457200572343
4.8994638498443
5.06560138035519
5.14895800016834
5.05836966585304
4.90009679319923
3.77479420924166
5.21735291642119
4.85830906489355
4.93713744634292
4.40751536065989
4.265624947395
4.78487080212105
4.73028953791768
3.81251493981989
4.47182644558541
4.56100412423197
4.58806918609545
3.34260499957918
5.46295513845638
3.91642538506861
5.05209746654322
5.56150239878798
3.81883427320932
4.53342732093259
3.65536655163709
4.43724013130208
4.36896978368824
4.10405268916759
4.4406001178352
4.19849928457202
4.00503072131977
4.35697416042422
5.1530990657352
4.32619223971048
4.88717532194261
4.44397020452826
4.19640181802879
4.16078528743373
4.20664001346688
3.93661897146706
4.78782678225738
4.35907836040738
4.26325477653396
4.41297954717618
3.6833507280532
3.59062452655502
4.02636899250905
5.30825435569398
4.22236596246108
4.48031394663749
3.96675448194597
4.02635889234912
5.77002693375979
4.60619897315041
4.35625368234997
3.72935695648516
4.61602642875181
4.46067250231462
4.82572258227424
4.17952445080383
4.70131554582949
3.89669303930646
4.66340964565273
3.21380102684961
4.30971887888225
3.99109586735125
4.10936537328507
4.02635889234912
4.06761467889908
3.7736495244508
3.79342900429256
3.93929888056562
3.59613921387088
3.59841174985272
4.65414106556688
3.60710798754315
3.96191313862471
4.26960441040316
3.6478520326572
4.21288527901692
3.87196784782427
3.78000252503998
4.4615646831075
3.82843952529248
4.33859860281123
4.0074143590607
3.64804056897569
3.81762898745899
3.95483965996129
4.44258311589934
4.20633700866932
4.43669135594646
3.6899898998401
4.02310664085516
3.54201919030385
4.52399377156806
4.41164295934686
3.67166147630672
3.58535897651714
4.44871391297031
4.22901186768792
3.52379513508964
3.47719636394243
3.22544314451648
3.8099393990405
4.42193165558456
4.15665432202678
4.01642033498865
3.77769968857842
4.28874758017002
3.6514241225486
3.44881154784952
4.26156131638751
3.26407288948744
4.03367814157059
3.94849002609209
3.50638919282889
3.39421681676626
4.27109923407122
4.13282131133744
3.10928793872571
3.67667788906658
3.39770137193841
3.77213786718289
3.58163875094689
4.13889150744888
3.74077350391383
3.86137278006902
3.64288612069691
3.84755576129956
3.17358892349131
3.79837808265299
3.33060600959516
3.28479505092164
3.61152849086778
3.87725696490196
3.62605252083159
3.57277081053783
4.06647672754821
4.18487080212105
3.37463597340292
3.12099065735208
3.76713828802289
4.121876104705
4.12227337766183
3.1353901186769
3.83636141738913
3.17736975002106
3.51079622927364
3.44187273798502
3.94871222961032
3.51204528238364
3.81010773503914
3.6994133490447
3.57598939483208
3.68313525797493
3.75518306539854
3.8090371180877
4.17996549112027
3.21923491288612
3.90242656342059
3.11588334315294
4.14871222961031
2.85795555929636
3.72758606177931
2.93293914653648
3.5634517296524
3.67919619560644
3.65263277501896
3.30320764245434
3.20560643043515
3.21645063546839
3.173376820133
3.2831756586146
3.13475380860197
3.56849507617204
3.16887888224898
3.81159245854727
3.1678116320175
3.56309485733524
3.2731765002946
3.38103610807173
3.67673849002611
3.06976264624191
3.741625284067
4.39129450382964
3.74005975927952
3.04078865415369
3.17457873916337
3.5909510983924
3.24145863142834
3.03137193838904
3.63080632943357
3.39385321100917
3.25728558202172
3.37406026428752
3.21380102684961
3.0270120360239
3.50638919282889
3.18218415958253
2.96018601127852
3.8729273630166
3.45038380607693
3.4513500547092
2.88190640518476
3.46485733524113
3.28579496675366
3.78624105715008
3.87149314030808
3.03329770221362
3.28584883427322
3.08353926437169
3.09520494907838
3.11109586735125
3.38582021715345
3.16657941250736
2.92097382375221
3.21380102684961
3.44072131975423
3.17358892349131
3.22243666358051
3.27333136941337
3.08743119266055
3.25456527228349
2.7445644306035
3.06661139634713
3.02873242993016
3.3225763824594
3.28214544230283
2.64477148388184
3.2918516959852
3.11534130123727
3.16681844962545
3.21380102684961
3.24921555424629
3.07661728810706
3.13860870297114
2.6409738237522
2.68379850180963
3.63187021294505
3.11588334315294
2.84461661476308
3.34260499957918
3.81391212860871
3.17457873916337
3.18543977779649
3.0717119771063
3.23538506859694
3.11736133322111
2.86104284151168
3.06365541621076
3.44730662402156
3.15015318575877
3.16887888224898
3.38968857840248
3.25579412507366
3.44955559296355
3.09520494907838
2.92443481188454
3.21934264792526
2.69537665179701
3.20205790758354
2.62386751956907
2.82505597171956
2.91467132396264
2.43434138540528
2.65856156889151
2.66937210672504
3.32572089891423
2.96076172039392
2.62894790000843
3.67176921134586
3.13566618971467
2.68943102432456
3.38443986196449
3.04078865415369
3.06976264624191
3.12660634626715
2.95890329096878
3.0180397272957
3.07945206632439
2.90732850770138
3.06365541621076
2.96018601127852
2.85795555929636
2.81095951519234
3.01121201919031
3.0279277838566
3.0717119771063
3.07951266728389
2.87224055214207
2.63753976937969
3.23775860617795
3.12307129029543
3.20769379681846
2.85237353758103
3.13912044440704
3.07333136941335
2.93165642622677
3.2874143590607
2.92514182307886
3.73814409561484
2.93503997979968
2.82195522262435
3.13058917599528
2.85503324635974
2.58865162865081
2.96454254692367
2.81617456443061
2.69537665179701
2.87771483881829
2.88621580675027
2.85795555929636
3.20853547681173
2.67144600622845
2.40111522599108
2.71429761804563
2.59135173806919
2.64223971046209
2.97342395421262
2.73872990489016
2.52861291137111
2.94914653648684
2.97832253177342
2.64117919367058
2.87771483881829
2.95778553993773
2.90235586230116
2.79970793704234
2.77762898745897
2.64611143843112
2.99222371854222
2.90044019863649
2.88514182307887
2.72065735207474
2.63270179277839
2.91276576045789
2.48719215554246
2.55917936200657
2.64467048228263
2.62894790000843
2.80293998821648
2.93195943102432
2.37606009595152
2.9560247453918
2.4673621749011
3.12860281121118
2.64500715427994
2.85237353758103
2.62581685043347
3.19641865162865
2.82330527733356
2.71152344078783
2.71850601801196
2.83037538927701
2.6393880986449
2.63594057739249
2.38823078865417
3.05358555677131
2.79140897230874
2.80356956485144
2.36593636899252
2.91336166989311
2.73432960188538
2.60124652807002
2.40985523104118
2.40250231461999
3.0126496086188
2.60686221698512
2.65884437336925
2.20084252167328
2.6921513340628
2.4257764497938
2.47669808938642
2.59992004040063
2.69228600286172
2.68705412002356
2.58683023314538
2.40194343910446
2.42633195858934
2.48159330022727
2.77946048312432
2.15248295598013
3.23230115310159
2.24843110849255
3.04365036613081
2.45968605336253
2.67310243245518
2.97895884184834
2.33073394495415
2.50663833010691
2.66642286002863
3.16206464102348
2.20337092837303
2.86830148977359
2.35273209325814
2.82490110260079
2.45908004376736
2.64510815587914
2.79592711051259
2.76039811463681
2.36871054625033
2.57379092668967
2.77700951098393
2.62487753556098
2.42024829559801
2.2222279269422
2.80995286592039
3.21165642622677
2.34447016244425
2.65249137278008
3.24333726117331
2.49825856409393
2.12348203013215
2.13425553404596
2.2238641528491
2.55654658698762
2.62894790000843
2.61252167325983
2.33737648346099
2.47565777291476
2.46264876693883
2.41166989310665
2.55685632522517
2.53528238363774
2.24235417894118
2.37034340543727
2.56782846561737
2.28342816261258
2.57467637404261
2.15706169514351
2.46309317397527
2.11351653901187
2.42619055635049
2.2956123221951
2.17240720478074
3.10261846645906
2.63180624526555
2.20337092837303
2.19910866088713
2.51709199562328
2.53547765339619
2.65388182812896
2.29859186937128
2.42459136436327
2.61032657183739
2.38520410739838
2.22311674101508
2.49326908509386
2.13473697500211
2.53544061947647
2.46271946805825
2.47396431276829
2.20651207810792
2.55984260584125
2.12019611143845
2.45676710714588
2.3755146873159
2.4532118508543
2.56409813988722
2.32783856577731
2.34951014224393
2.12563336419495
1.98372948405017
2.19290716269674
2.44240467974078
2.06463849844289
2.22920040400641
2.69204359902366
2.50433549364533
2.16735375810117
2.08288612069691
2.30470246612239
2.20227674438181
2.15711556266308
2.46434896052523
2.08670398114637
2.23942176584464
2.02584715091322
2.2597129871223
2.71204864910362
2.35161434222709
2.06682013298544
1.94314704149483
2.74443986196448
2.20159666694724
2.24235417894118
2.25911371096709
2.36476138372191
2.31291726285667
2.17487164380103
2.37203013214378
2.36303425637573
2.38226496086187
2.16545156131639
2.83738490026093
1.83945206632438
1.92568386499454
2.20087282215303
2.24076845383385
2.34417725780659
2.32210167494318
2.51438178604496
2.2166021378672
2.1858875515529
2.08554582947565
2.2478385657773
2.36665684706676
2.27069522767445
2.21453160508375
2.26392138708863
2.23771483881828
2.04825603905397
2.17487164380103
2.06605925427152
2.38062200151504
2.35615604747076
1.84229357798165
2.30963134416297
1.91112616783099
1.86234576214125
2.13768285497855
2.37664590522684
2.09030973823752
2.15357713997139
2.24009510983925
2.15017338607862
2.19894705832843
1.84626294082992
2.17187862974498
2.27321353421431
1.97112448447101
2.17994529080045
1.81987795640097
2.17049154111606
2.08554582947565
2.25368319165054
2.10587071795305
2.30165895126675
2.00111185927111
2.22920040400641
2.12398703812812
2.05725864826195
1.93878713912972
1.86347361333222
2.14069270263445
2.325252924838
2.20819543809444
2.33616446427069
1.72666358050671
2.15788654153693
2.1416892517465
2.26382038548945
2.07082989647336
2.20363353253094
2.20274471845804
2.20904385152767
2.09192239710464
1.83803131049575
2.4562250652302
1.85970625368236
2.05796565945627
2.02116067671074
2.16005807591955
1.73953791768369
1.94500547091997
2.17983755576131
1.96768706337852
2.12039811463683
1.56659961282722
1.73054877535563
2.01887130712905
1.9430123726959
2.10587071795305
1.93878713912972
2.08374800101004
1.82978621328172
2.01022557023819
1.93102348287181
2.2491987206464
1.89894537496843
2.0180498274556
2.02228852790171
1.89566618971469
1.86240636310075
1.85740678394075
2.14971887888225
1.84993266560053
2.04638414274893
2.05844373369246
2.01095278175239
2.03788654153692
1.76981819712145
2.29382796060938
2.15248295598013
2.08598350307213
1.80758269505935
1.85602642875179
2.16069101927448
1.97249810622003
1.93935611480515
1.89817776281458
2.00113542631092
1.97831916505345
1.98939904048481
2.03144600622844
2.10541284403669
2.14574951603402
1.84705748674355
1.9053118424375
2.06959767696321
1.76293998821649
1.87941839912466
1.72119266055046
2.03153017422775
1.97779395673766
1.87340543725276
1.87023062031815
2.12555929635553
1.66067923575457
1.51818281289454
1.79828044777378
2.30044356535646
1.97183822910529
2.03144600622844
1.89579075835368
2.08692281794461
1.82670566450636
1.90408635636732
1.88012541031901
1.72915832000675
2.04449204612408
1.90375978452994
1.85602642875179
1.91222035182224
1.71052352495582
2.29118845215049
1.50948320848414
2.09132985438936
1.94836545745309
1.81013466879892
1.70023819543809
1.6693249726454
2.21713071290296
1.97831916505345
2.02584715091322
2.07702802794378
1.75456022220354
1.8690118676879
1.70974244592207
2.08776449793788
1.70603568723172
1.70449036276409
1.84293662149651
1.55299469741604
2.29760542041916
2.0426369834189
1.712375220941
2.09282804477738
1.72527649187779
1.63192744718458
1.85740678394075
1.57835283225319
2.0945518054036
1.78986028112112
1.74282383637743
1.54626125746992
1.64272788485818
1.58516370675869
1.9020764245434
1.6720520158236
1.59716606346268
1.81987795640097
1.9135502062116
1.81366635805068
1.6928886457369
1.48281878629746
1.77652470330781
1.7204385152765
1.81633953370928
1.78707937042338
1.78816682097468
1.66553741267572
1.45329601885365
1.61923491288613
1.71034172207726
1.75516623179868
1.79958673512331
1.83104873327162
1.80794966753641
1.64065735207475
1.76222961030217
1.52841764161266
1.45639340122887
1.57289874589682
1.94729820722162
1.86974581264204
1.56446511236427
1.92707095362343
1.89872317145023
1.69767275481863
1.48611143843112
1.72856914401146
1.84746822658028
1.81504671323964
1.70449036276409
1.57535308475718
1.72971046208232
1.74980641360156
1.84178856998571
1.80198047302417
1.56476811716186
1.51373874253011
1.72142833094858
1.40198047302417
1.50431866004547
1.77271694301828
1.60211850854307
1.37355862301155
1.60526639171786
1.46620065651041
1.58898156720815
1.68104452487165
1.54702213618384
1.59975843784193
1.72928288864574
1.50235922902112
1.59399797996804
1.42416715764668
1.70098560727212
1.5608391549533
1.45639340122887
1.75131133742951
1.67161770894705
1.63456695564346
1.76277838565778
1.63064472687486
1.61575372443397
1.47331116909351
1.57422523356621
1.69208063294337
1.96675448194597
1.35066829391465
1.97603989563169
1.67539516875684
1.36832337345342
1.46926437168588
1.78143338102853
1.70596161939233
1.36955559296356
1.64769379681846
1.57950088376401
1.58482703476139
1.52196027270432
1.61481440956149
1.72666358050671
1.6693249726454
1.3869884689841
1.6681769211346
1.95967763656259
1.63906152680752
1.36832337345342
1.47817944617458
1.46251746485987
1.59085683023315
1.3667746822658
1.52248211430015
1.35882922312936
1.57854473529164
1.51077602895379
1.50939230704486
1.48843784193249
1.42778301489776
1.46706590354347
1.4065895126673
1.67035518895716
1.38692113458464
1.73952108408383
1.5504494571164
1.47346940493225
1.55081979631345
1.53265634205874
1.61726201498192
1.35356703981148
1.67331116909352
1.54795808433633
1.45831579833347
1.67967090312263
1.44797996801617
1.6153126841175
1.58346687989228
1.35851275145191
1.48137446342901
1.64093342311253
1.53898240888816
1.48850854305195
1.44900345088797
1.41863563673093
1.70679319922567
1.46188788822491
1.50246023062033
1.29228263614175
1.34432876020537
1.54584378419327
1.43368150829056
1.33602979547177
1.67663075498697
1.49400639676796
1.828126420335
1.22028532951774
1.38245349718039
1.46999158320008
1.41889150744888
1.51927699688579
1.5089243329686
1.37592206043263
1.43194764750442
1.43878208904974
1.27993014056057
1.41179109502568
1.50736554162108
1.37753471929972
1.41479084252168
1.51574530763403
1.35912886120698
1.31374884269002
1.58701203602391
1.47834441545325
1.51311926605504
1.32805740257555
1.50553741267572
1.24754229441967
1.61943018264458
1.28068428583452
1.32434054372527
1.34143338102854
1.22144348118846
1.28224981062201
1.37565608955475
1.2844146115647
1.52005470919957
1.34727464018181
1.33713071290296
1.28818533793452
1.41966921976265
1.27139213870888
1.41056560895549
1.31746233482031
1.49735628314116
1.43583284235334
1.41696237690431
1.32340459557278
1.35702802794378
1.3590985607272
1.5016522178268
1.47249642286005
1.3653505597172
1.46127851190977
1.21569649019443
1.62173301910613
1.33775692281796
1.18459473108325
1.42968184496254
1.43590354347279
1.3693266560054
1.32280868613753
1.28224981062201
1.33602979547177
1.3535401060517
1.29059927615521
1.12299048901608
1.30213365878294
1.33759868697922
1.4475860617793
1.23239542126083
1.2648135678815
1.2455626630755
1.34892433296861
1.3298518643212
1.28698005218416
1.25579412507366
1.32539769379682
1.33238363774095
1.32834357377325
1.36759616193925
1.19918609544652
1.12558286339535
1.45149145694808
1.31840164969279
1.49054540863565
1.57262604157899
1.3079883848161
1.23498779564011
1.2602247285582
1.4232278427742
1.33681760794548
1.26770558033837
1.46887383216901
1.22335577813317
1.33264287517886
1.2999149903207
1.38478326740173
1.42240972982074
1.23683612490532
1.21738658362091
1.370626209915
1.34337261173303
1.22660466290716
1.43397777964819
1.29357545661139
1.46583368403333
1.09876693880986
1.18953370928375
1.23702129450385
1.35738826698091
1.1627009510984
1.3079883848161
1.36056645063547
1.31226748590186
1.22639592626885
1.23183991246529
1.21464607356285
1.37797912633619
1.07639508458885
1.36203097382375
1.26868192913057
1.23728389866173
1.22814325393486
1.15804141065567
1.41870633785035
1.33955475128357
1.18065903543473
1.3614889319081
1.28884184832927
1.20093678983253
1.28797660129621
1.28224981062201
1.32023987879808
1.13428246780575
1.23200824846393
1.27072889487417
1.22517044019864
1.2879395673765
1.31771483881829
1.16808770305531
1.19785624105717
1.18224476054206
1.2650997390792
1.1894024072048
1.29447773756419
1.22665516370677
1.10967174480263
1.30309654069524
1.20112532615101
1.27087029711305
1.24162360070702
1.25604999579161
1.20737059170105
1.25579412507366
1.3197382375221
1.22198215638414
1.24347866341219
1.39545913643633
1.3309258479926
1.24170776870633
1.17789159161688
1.11161770894708
1.20244171366048
0.972366804141075
1.20904385152767
1.42558791347531
1.23922649608619
1.03997054120023
1.06482366804141
1.24477821732179
1.14522430771822
1.15676542378588
1.15959683528322
1.22198215638414
1.12931655584546
1.10387088628903
1.18789411665685
1.26398198804816
1.22575961619393
1.24866004545072
1.07423028364616
1.23143590606853
1.14988384816093
1.21286844541706
1.15477232556182
1.20692281794462
1.14046713239628
1.18233902870131
1.20737059170105
1.10371601717029
1.25577392475381
1.09076424543389
1.09837303257302
1.30912970288696
1.24781499873748
0.955637572594895
1.18117751031059
1.20460988132314
1.11897399208823
1.23691019274472
1.22113710967091
1.19608534635131
1.29982072216143
1.11626378250989
1.2402903795977
1.17705664506354
1.11421681676626
1.03041242319671
1.06618045619055
1.05736638330109
1.02654406194765
1.14820048817441
1.16258311589934
1.11411581516708
1.13689167578488
1.14709957074322
1.16780826529754
1.09617793115058
1.11039558959683
1.06485396852116
1.20139803046882
1.01724518138204
1.02929467216566
1.1567889908257
1.07657688746738
1.08111185927112
1.12931655584546
1.28526639171787
0.992099149903225
1.03838144937296
1.22376651796986
1.1770128777039
1.33778385657774
1.11958336840334
0.983830485649349
1.18459473108325
1.10387088628903
1.1627009510984
1.17552142075584
1.08979799680162
0.924949920040405
1.1950248295598
1.08907078528745
1.09152849086777
1.02455769716354
1.19943186600455
1.19121706927027
1.00365373285078
1.26083073815337
1.11635805066913
1.19126757006987
1.13275061021801
1.13587155963305
1.09908341048734
1.10828465617374
1.14184075414528
0.963727800690179
1.11202844878378
1.04499032068009
1.19244255534048
1.06060516791516
0.948819964649459
0.945800016833601
1.11524029963809
0.911553741267568
1.03894032488847
1.01868613753052
1.00338102853297
1.05083494655332
0.998960525208332
1.04209494150325
1.04551216227591
0.876563420587502
1.17404679740764
1.15004208399967
1.11628061610978
1.10744634290043
0.971878629744992
1.1708888140729
1.10498190388014
1.04604073731167
1.11150997390791
1.01928541368574
0.997489268580097
1.16140476390876
0.990742361754059
1.08506102179953
1.11435148556521
1.06919030384648
0.969494992004059
1.06011699351907
1.03914569480685
0.889141486406885
1.063874253009
1.08004460903965
1.07844205033248
0.904833768201343
1.07363774093091
1.17539011867689
1.06343321269253
1.04868024577056
0.935326150997412
1.26312010773503
1.12769716353844
1.02659792946722
1.06078360407375
0.900760037033933
0.879138961366891
0.902537665179693
0.886023903711816
1.055252083158
0.821844120865251
0.899729820722172
1.0874513929804
0.926054204191587
1.07305193165558
0.884811884521525
1.10121117751032
1.07054709199562
1.0056636646747
1.05592206043264
1.04622927363016
0.978824173049418
0.937053278343569
1.00585893443315
0.935326150997412
1.04499032068009
1.12705075330359
0.838462250652299
0.978339365373301
0.967390792020893
1.12534382627726
1.04619897315041
1.06696153522432
1.14943944112449
0.884690682602468
0.844677215722584
0.989079202087368
1.1014266475886
1.19608534635131
0.94123137783015
0.939389782004895
1.03516959851865
1.15302163117585
0.955230199478166
0.840401481356793
0.905584546755335
0.959549701203599
0.989479841764165
0.969494992004059
1.06819375473447
0.885202424038397
0.936639171786908
0.957007827623954
1.19559717195523
0.84949835872402
0.77675364026598
0.87183654574531
1.09117498527061
0.908075919535406
0.906698931066416
0.800657352074751
0.92747496002022
1.01954465112365
0.97160255870719
0.818339365373305
0.851545324467651
1.04130712902955
0.837253598181974
0.948624694891009
0.883323794293403
0.911338271189294
0.852612574699094
0.965401060516797
0.818184496254531
0.996549953707614
0.94633532530932
0.77458547260332
0.994923827960605
0.899894790000843
0.878017843615851
0.900760037033933
0.928825014729398
0.850952781752397
0.866197289790421
0.985938052352509
0.981009174311936
0.849609460483123
0.923222792694219
0.938938641528495
0.9205260499958
0.866884100664947
0.906247790590015
0.835863142833091
0.943574614931407
0.864577897483372
0.858803972729589
0.832304519821577
0.937349549701224
0.969936032320533
0.878835956569333
0.926781415705761
0.919455433044362
0.961165726790682
0.905032404679758
0.906490194428073
0.844677215722584
0.821844120865251
0.864968437000272
0.823140308054889
0.817682854978557
0.898107061695157
0.853417220772656
0.858884774008942
0.898288864573686
0.84223297702215
0.813225317734208
0.862426563420598
0.76773419745814
0.88164716774682
0.818083494655326
0.898911707768718
0.859265213365887
1.06973907920209
0.699699520242405
0.909708778722347
0.83856661897147
0.910368655837061
0.798745055130041
0.891881996464946
1.010377072637
0.76805740257555
0.837209830822331
0.899894790000843
0.670193586398455
0.952775860617805
0.815110680919133
0.917240131302094
0.945308475717553
0.820329096877373
0.868230788654159
0.816625704907011
0.892373537581022
0.857672754818623
0.77458547260332
0.844677215722584
0.909493308644073
0.842428246780571
0.76238111270095
0.849094352327256
0.890595909435234
0.859743287602072
0.933319585893457
0.869176836966602
0.894450803804403
0.81588839323291
0.800765087113888
0.806155205790759
0.818339365373305
0.745032404679762
0.846983418904131
0.857487585220099
0.881196027270448
0.764872485481021
0.939992424880074
0.68893611648852
0.859093510647256
0.949860281121119
0.816625704907011
0.662443397020468
0.763519064051849
0.869641444322866
0.855538254355707
0.814151165726798
0.817719888898239
0.871526807507792
0.660938473192488
0.798984092248133
0.850272704317831
0.728740846730091
0.891319754229443
0.76014561063883
0.807707263698347
0.882845720057247
0.879014392727896
0.709816513761467
0.83051005807593
0.867035603063727
0.909897315040837
0.752280952781746
0.727410992340708
0.758418483292672
0.695070280279452
0.739500883764009
0.753506438851957
0.824045955727627
0.810316471677481
0.841684201666538
0.752833094857351
0.851787728305709
0.745860617793113
0.928878882248966
0.79858008585137
0.77522514939821
0.805384226916942
0.859999158320022
0.760017675279869
0.770535308475729
0.683892769968878
0.769181887046557
0.825577813315391
0.679401565524785
0.612767443817859
0.699699520242405
0.85848750105211
0.722879387256967
0.779369581685046
0.71837471593301
0.80890918272874
0.724559380523544
0.708654995370779
0.718415116572686
0.799637235922916
0.741295345509656
0.654925511320613
0.744436495244514
0.793536739331699
0.695773924753809
0.735036613079728
0.784012288527919
0.668452992172377
0.729191987206463
0.908813231209507
0.687690430098485
0.738214796734297
0.801408130628744
0.752267485901854
0.780295429677636
0.819972224560217
0.78261173301911
0.695258816597942
0.684899419240821
0.839872906321034
0.767306624021558
0.720475549196209
0.708075919535389
0.798590186011296
0.823429845972555
0.811036949751724
0.7730266812558
0.768676879050588
0.871052099991601
0.817783856577734
0.729649861122795
0.739053110007575
0.805714165474285
0.695258816597942
0.716708189546353
0.616450635468397
0.772659708778718
0.625318575877458
0.715156131638764
0.649461324804321
0.6526765423786
0.69808349465535
0.695070280279452
0.850922481272619
0.708075919535389
0.742615099739083
0.659790421681691
0.672513256459894
0.718401649692794
0.724152007406786
0.657692955138458
0.610875347193002
0.71034845551722
0.690478074236182
0.727252756501997
0.660780237353777
0.758468984092247
0.714216816766282
0.632142917262854
0.71837471593301
0.708654995370779
0.704847235081218
0.680017675279856
0.552870128777045
0.70181045366553
0.731797828465631
0.786267990909863
0.744140223886888
0.705412844036715
0.761175826950591
0.770518474875871
0.700702802794382
0.68087282215302
0.649481525124145
0.784645231882848
0.805350559717198
0.716307549869555
0.692232135342152
0.727410992340708
0.735693123474476
0.712233818702146
0.643774934769795
0.644502146283997
0.722209409982327
0.671095867351227
0.566703981146389
0.722162275902718
0.726108071711138
0.65346772157227
0.621015907751882
0.67911876104705
0.657773756417811
0.642468647420259
0.724027438767791
0.590331621917358
0.711691776786466
0.628604494571164
0.689646494402837
0.560384647756933
0.630880397272961
0.68323625957413
0.60681844962545
0.599660802962717
0.592826361417394
0.701325645989414
0.610811379513507
0.695258816597942
0.722987122296104
0.634233650366127
0.676866425385072
0.668688662570503
0.68084252167327
0.801946805824429
0.614878377240984
0.687602895379172
0.613248884774009
0.627897483376842
0.649245854726047
0.594866593721065
0.654248800606013
0.650828213113385
0.703948320848411
0.66532530931741
0.576110596751136
0.770619476475048
0.611713660466307
0.694797575961616
0.536945543304455
0.707264540021896
0.685310159077517
0.649461324804321
0.718768622169847
0.683030889655754
0.628702129450403
0.548264455853882
0.647212355862308
0.599246696406027
0.579342647925273
0.74434896052523
0.58814662065484
0.612410571500732
0.650996549112023
0.672028448783777
0.735773924753829
0.579851022641208
0.577847824257219
0.595206632438362
0.716452318828402
0.676425385068598
0.578416799932683
0.649915832000687
0.577443817860456
0.604162107566708
0.653205117414359
0.641455264708355
0.567862132817112
0.580968773672254
0.572067166063476
0.64629324130965
0.625281541957747
0.513937379008496
0.671341637909279
0.672866762057083
0.639307297365548
0.591432539348546
0.579170945206641
0.591708610386348
0.603623432371023
0.496730073226161
0.536406868108742
0.703359144853124
0.680953623432373
0.642202676542382
0.51132817102939
0.650447773756412
0.610811379513507
0.648666778890686
0.647986701456119
0.62354768117163
0.548261089133916
0.628503492971987
0.61831579833347
0.647279690261769
0.612770810537853
0.665500378756008
0.526879050584967
0.568060769295528
0.542635300058919
0.523535897651726
0.515940577392485
0.51132817102939
0.536406868108742
0.561387930308911
0.553142833094853
0.52027354599781
0.535770558033846
0.554775692281794
0.618477400892175
0.571090817271283
0.587924417136605
0.587079370423368
0.598512751451892
0.584948236680418
0.607118087703071
0.572477905900172
0.601024324551815
0.650225570238206
0.58384731924923
0.640963723592307
0.566902617624777
0.580019358639845
0.540995707432046
0.638916757848676
0.669856914401151
0.605138456358901
0.646501977947992
0.609397357124834
0.609232387846134
0.617548186179619
0.603216059254265
0.504194091406447
0.583510647251927
0.646198973150405
0.537497685380032
0.533289285413701
0.54319080885449
0.47343573773253
0.645488595236088
0.563845635889237
0.554906994360749
0.583746317650025
0.579056476727544
0.560489016076104
0.548776197289811
0.678132312094959
0.576039895631681
0.511233902870146
0.573198383974415
0.519105294167161
0.516159414190724
0.512085683023315
0.59167830990657
0.553213534214308
0.493252251493999
0.481468731588251
0.493487921892097
0.564498779564019
0.600913222792713
0.52286255365712
0.537729989058164
0.491205285750368
0.564582947563338
0.501891254944866
0.509540442723676
0.540935106472517
0.515940577392485
0.497958926016338
0.567606262099162
0.559074993687403
0.528222371854241
0.527390792020867
0.480680919114548
0.532164800942695
0.520246612238026
0.55675869034593
0.512607524619142
0.525835367393313
0.54624779059003
0.547880649776971
0.511136267990906
0.508856998569144
0.532750610217988
0.552944196616465
0.598893190808866
0.48707768706339
0.48334399461325
0.599532867603756
0.553237101254098
0.531855062705176
0.539867856241074
0.559149061526824
0.582961871896316
0.571407288948762
0.497864657857093
0.487347024661233
0.510412423196698
0.519744970962051
0.479061526807527
0.528215638414281
0.501571416547449
0.429385573604918
0.561744802626038
0.492545240299648
0.523259826613923
0.546160255870717
0.529370423365037
0.491127851190981
0.450053867519586
0.571464523188297
0.541834020705323
0.513469404932266
0.523653732850789
0.474226916926199
0.555280700277763
0.459716353842282
0.427439609460492
0.568865415369089
0.502743035098064
0.520401481356799
0.567212355862296
0.488346940493244
0.482933254776555
0.434065314367473
0.629079202087382
0.528192071374463
0.507042336503673
0.500864405353099
0.500463765676301
0.479542967763678
0.56041831495665
0.517364699941083
0.518947058328422
0.451989731504085
0.534114131807087
0.501537749347705
0.436358050669156
0.507506943859966
0.585008837639947
0.518431950172555
0.528771147209852
0.556772157225822
0.458093594815267
0.513913811968706
0.508439525292488
0.451235586230126
0.517203097382378
0.472287686221705
0.492232135342164
0.486929551384577
0.446343742109264
0.500463765676301
0.457497685380019
0.499430182644574
0.43896052520833
0.538642370170862
0.461598350307213
0.554159582526722
0.588607861291138
0.487606262099149
0.407508627219926
0.51348960525209
0.454363269085093
0.479542967763678
0.525734365794136
0.464456695564365
0.516115646831082
0.434065314367473
0.483519064051848
0.539477316724202
0.48270431781836
0.41623179867014
0.474351485565194
0.445805066913579
0.502503997979971
0.537793956737659
0.489612827203104
0.463914653648686
0.429984849760132
0.488878882248969
0.522835619897336
0.47072552815419
0.487347024661233
0.552001515023989
0.452188367982501
0.443239626294087
0.524556013803561
0.495460819796307
0.563865836209089
0.448454675532361
0.48503072131976
0.480367814157063
0.4728633953371
0.479590101843286
0.539302247285576
0.38918693712651
0.523478663412192
0.4800244087198
0.442195943102433
0.451767527985879
0.45380102684959
0.463712650450304
0.413390287012874
0.545257974917945
0.436368150829054
0.433513172291896
0.385113205959101
0.504665432202671
0.391664843026689
0.501288612069686
0.446343742109264
0.445387593636895
0.45791852537667
0.446360575709122
0.430045450719632
0.396411918188704
0.452188367982501
0.516560053867522
0.474762225401918
0.508914232808706
0.425621580675028
0.452158067502751
0.503658782930728
0.463678983250588
0.432085683023331
0.432637825098908
0.50475633364195
0.466806666105555
0.441852537665199
0.489441124484472
0.427971551216245
0.448757680329948
0.473068765255448
0.455659456274731
0.468516959851883
0.484535813483717
0.424611564683119
0.450228936958183
0.403623432371006
0.413397020452834
0.453339786213292
0.463914653648686
0.433129366214985
0.492605841259149
0.433994613248046
0.409986533120104
0.442902954296784
0.381786886625719
0.373198383974426
0.414269000925856
0.479707937042349
0.403593131891256
0.348409224812741
0.468163454254693
0.440563083915492
0.453625957410992
0.463264876693898
0.417753556097978
0.435445669556429
0.424763067081898
0.467079370423363
0.417443817860459
0.42411329012711
0.456356367309155
0.438499284572003
0.443512330611895
0.442990489016097
0.419696153522438
0.397940409056474
0.457262014981922
0.426328591869378
0.471055466711562
0.430025250399808
0.523138624694894
0.510099318239213
0.366650113626804
0.44227337766182
0.386146788990828
0.405229357798163
0.405656931234745
0.46416042420671
0.406054204191577
0.356906826024755
0.49095614847235
0.457437084420519
0.482764918777889
0.430826529753404
0.428991667368081
0.457770389697856
0.442037707263694
0.435149398198803
0.392950930056401
0.398081811295356
0.451353421429189
0.412989647336076
0.383702550290394
0.419335914485316
0.385914485312696
0.372164800942699
0.433614173891101
0.421046208231644
0.440684285834521
0.327316724181486
0.407821732177439
0.392950930056401
0.430826529753404
0.430247453918014
0.351183402070546
0.377898325056833
0.386540695227694
0.489811463681519
0.370084167999323
0.372871812137021
0.373821227169429
0.403542631091653
0.393489605252086
0.424604831243158
0.425311842437509
0.365596330275224
0.420632101674954
0.424409561484737
0.41190219678478
0.403731167410172
0.412218668462259
0.406374042589022
0.382106725023164
0.380248295598022
0.397698005218416
0.423803551889591
0.350725528154214
0.484192408046482
0.388594394411257
0.401236427910106
0.399384731924926
0.425130039558979
0.425284908677725
0.390597592795217
0.406976685464201
0.380049659119607
0.434954128440381
0.476068512751453
0.47028112111775
0.390893864152844
0.289377156804989
0.42363184917096
0.44115899335074
0.39504502987964
0.364774850601805
0.417416884100675
0.380531100075757
0.39728053194176
0.375450719636405
0.384433128524535
0.321445164548436
0.407841932497263
0.351196868950439
0.332716943018283
0.443276660213797
0.373763992929895
0.441529332547759
0.381679151586582
0.3360398956317
0.440327413517394
0.433883511488943
0.350439356956485
0.321674101506602
0.354991162360079
0.371552057907593
0.401667368066654
0.368804814409572
0.345705748674362
0.404434811884528
0.387897483376833
0.289377156804989
0.289245854726033
0.363754734449969
0.340531100075765
0.358718121370259
0.403990404848088
0.345557612995549
0.357243498022058
0.348772830569828
0.420517633195857
0.363327161013387
0.403236259574129
0.39963050248295
0.390762562073917
0.393371770053022
0.380241562158062
0.369057318407556
0.355546671155622
0.418878040568984
0.429388940324884
0.403943270768451
0.34585051763321
0.359155794966767
0.387315040821477
0.334433970204543
0.373087282215323
0.393664674690683
0.374110765087124
0.379675953202593
0.347931150576557
0.379117077687084
0.333279185253787
0.370494907836047
0.351533540947742
0.260975507112192
0.289148219846822
0.266267990909853
0.467520410739837
0.356475885868207
0.370262604157915
0.348173554414615
0.314152849086781
0.468739163370088
0.314974328760201
0.293016581095884
0.443081390455347
0.330966248632279
0.379019442807845
0.301009174311929
0.416477569228192
0.303237942934118
0.335171281878644
0.265651881154781
0.385187273798522
0.365027354599789
0.352987963976091
0.390092584799277
0.386493561148058
0.342759868697925
0.302308728221533
0.362431613500547
0.392977863816185
0.284781584041752
0.347442976180474
0.284178941166573
0.407205622422367
0.289245854726033
0.371063883511482
0.333629324130982
0.372336503661302
0.382429930140574
0.297696321858439
0.323256459893969
0.281973739584231
0.349526975843787
0.264769800521862
0.335218415958252
0.262402996380786
0.245815167073488
0.348729063210186
0.314974328760201
0.3144625873243
0.321674101506602
0.331979631344183
0.302022557023832
0.301837387425309
0.260770137193845
0.342928204696591
0.347355441461161
0.330107735039149
0.327033919703723
0.382732934938133
0.290474707516211
0.338154195774763
0.296763740425888
0.291787728305707
0.291515023987898
0.313102432455196
0.365737732514106
0.216689672586483
0.289377156804989
0.345975086272205
0.329676794882602
0.358977358808176
0.277536402659706
0.295322784277431
0.370767612153855
0.269547176163627
0.366357208989143
0.363141991414864
0.26619392307046
0.266311758269524
0.293450887972398
0.397516202339887
0.322189209662497
0.319364531605089
0.298982408888151
0.313280868613759
0.355863142833101
0.268045619055641
0.331912296944722
0.269075835367403
0.252104199983165
0.268978200488192
0.286633280026933
0.27689335914485
0.287784698257724
0.264722666442225
0.342908004376739
0.29148472350812
0.258568302331469
0.298709704570342
0.245286592037701
0.308904132648763
0.302221193502248
0.292205201582362
0.200388014476914
0.332104199983178
0.303120107735054
0.26068260247456
0.314964228600303
0.240297113037627
0.288205538254374
0.281125326150999
0.325239457958105
0.26685716690514
0.278913391128697
0.284848918441213
0.29110765087114
0.298006060095958
0.269691945122474
0.198091911455265
0.329124652806996
0.266894200824851
0.244236175406115
0.328333473613327
0.319115394327071
0.282778385657792
0.298649103610813
0.304382627724948
0.274826193081395
0.242791852537664
0.272920629576646
0.313230367814157
0.261921555424635
0.283768201329849
0.197206464102351
0.334194933086451
0.319987374800121
0.270641360154883
0.291892096624878
0.271284403669739
0.265651881154781
0.261190977190466
0.298635636730921
0.259655752882765
0.244236175406115
0.241886204864926
0.301446847908437
0.224850601801194
0.187008669303935
0.206461577308318
0.257575119939418
0.231799511825614
0.274994529080061
0.290777712313798
0.198654153690768
0.337218247622275
0.284667115562684
0.243266560053883
0.196395084588858
0.262402996380786
0.223035939735723
0.284518979883842
0.308527060011784
0.240165810958672
0.242677384058595
0.256598771147225
0.26268580085852
0.310223886878219
0.235021462839825
0.24719888898241
0.203542631091665
0.270092584799272
0.247219089302263
0.245875768032988
0.256107230031148
0.291403922228767
0.278354515613159
0.284007238447941
0.257851190977192
0.221443481188459
0.295706590354342
0.250016833599886
0.259962124400317
0.20737059170105
0.285933002272543
0.302150492382793
0.250966248632267
0.272038548943698
0.222998905816013
0.250774345593811
0.265907751872732
0.259635552562912
0.241529332547771
0.256113963471108
0.179356114805159
0.226035687231729
0.204865752041087
0.175171281878647
0.222773335577813
0.23168167662655
0.221150576550798
0.270870297113049
0.234375052605003
0.218538001851698
0.219507617203959
0.256174564430609
0.195667873074655
0.270456190556359
0.238977358808199
0.216228431950185
0.20319249221447
0.200728053194183
0.197866341217065
0.234536655163708
0.24381870212946
0.208663412170694
0.217942092416479
0.238061610975507
0.247316724181474
0.253359986533127
0.221928288864575
0.177356283141165
0.249410824004713
0.246481777628162
0.214609039643136
0.291892096624878
0.221443481188459
0.20737059170105
0.234368319165071
0.24515865667874
0.191812978705514
0.214181466206554
0.287114720983084
0.224247958926014
0.186284824509727
0.276549953707615
0.253632690850935
0.256733439946146
0.175847992593219
0.204175574446595
0.213094015655258
0.189924248800622
0.208663412170694
0.201095025671236
0.175171281878647
0.198064977695481
0.18222456022221
0.203030889655764
0.17923491288613
0.198617119771058
0.205683864994541
0.188254355693971
0.223928120528569
0.230146452318849
0.198384816092926
0.183985354768112
0.198354515613175
0.190823163033429
0.213955895968354
0.214972645400223
0.221719552226261
0.187857082737139
0.224008921807922
0.180251662318
0.199479000084182
0.206353842269181
0.197549869539614
0.236725023146221
0.20452571332379
0.184840501641276
0.200000841680009
0.201125326151015
0.218861206969109
0.193136099654907
0.245801700193596
0.214666273882671
0.181665684706672
0.197048228263611
0.197866341217065
0.221443481188459
0.218639003450903
0.232644558538851
0.208683612490546
0.228035518895723
0.231469573268242
0.181793620065662
0.236563420587487
0.210195269758458
0.185614847235087
0.167916000336675
0.191799511825621
0.171700193586418
0.176763740425884
0.179100244087209
0.179918357040663
0.201007490951952
0.228045619055649
0.212865078697092
0.183907920208753
0.176218331790267
0.175077013719402
0.190735628314116
0.206673680666626
0.195398535476812
0.192496422860046
0.181598350307212
0.175299217237608
0.201970372864253
0.188476559212205
0.186069354431453
0.200748253514007
0.17585472603318
0.178830906489367
0.187203939062385
0.182184159582533
0.192001515024003
0.240963723592301
0.189250904805988
0.189469741604256
0.179342647925267
0.162259910781927
0.191348371349221
0.180972140392242
0.18732850770138
0.191570574867455
0.205983503072133
0.211582358387346
0.205488595236091
0.167781331537753
0.183574614931416
0.175403585556779
0.200142243918862
0.166225906910199
0.182251493981994
0.178945374968436
0.184628398282968
0.217719888898245
0.217140813062883
0.163061190135522
0.199516034003892
0.157735039138117
0.186254524029977
0.163185758774517
0.164771483881822
0.169952865920379
0.147473276660207
0.210542041915659
0.190240720478073
0.177568386499473
0.190476390876199
0.183332211093358
0.168212271694301
0.166872317145021
0.180962040232316
0.194290884605692
0.202549448699614
0.180002525039981
0.179032909687749
0.167006985943942
0.190193586398465
0.162812052857504
0.163923070448618
0.17591532699268
0.196351317229187
0.206902617624792
0.158078444575381
0.169828297281384
0.169471424964229
0.183874253009009
0.162882753976959
0.188045619055629
0.179588418483291
0.168515276491888
0.176218331790267
0.179342647925267
0.187607945459149
0.198374715932999
0.179568218163467
0.155472603316213
0.190217153438283
0.167400892180808
0.178221530174227
0.19385657772915
0.165300058917609
0.168451308812394
0.172454338860376
0.176150997390806
0.172208568302352
0.186880733944975
0.175103947479187
0.19296776365627
0.155762141233907
0.168367140813075
0.145618213955061
0.141308812389525
0.16322952613416
0.185860617793111
0.166724181466208
0.158529585051781
0.187436242740517
0.14647672754819
0.177012877703902
0.163529164211781
0.176938809864509
0.128983250568155
0.178167662654658
0.163825435569407
0.160771820553833
0.172100833263187
0.194890160760878
0.153361669893116
0.174814409561492
0.147045703223654
0.16212187526304
0.179773588081815
0.183675616530593
0.176437168588507
0.162057907583545
0.156432118508548
0.186705664506349
0.166980052184158
0.165475128356206
0.172427405100592
0.189846814241236
0.16715848834275
0.174289201245699
0.165562663075519
0.190173386078612
0.173356619813148
0.193890244928895
0.155630839154952
0.177470751620234
0.167192155542466
0.171727127346202
0.187985018096128
0.1298148304015
0.181271778469835
0.197129029542964
0.191068933591453
0.145560979715526
0.17005723423955
0.129501725443987
0.134457537244344
0.14491120276071
0.153748842690021
0.168010268495919
0.144907836040744
0.156216648430274
0.168245938894046
0.154014813567898
0.16868024577056
0.145564346435492
0.160206211598364
0.153765676289879
0.144227758606178
0.151789411665703
0.17961871896307
0.150109418399126
0.192880228936957
0.154829559801357
0.165357293157143
0.145268075077865
0.148203854894376
0.153960946048329
0.157721572258225
0.160536150155707
0.15052015823585
0.204704149482382
0.175595488595235
0.143069606935455
0.128835114889313
0.151991414864085
0.16804730241563
0.179793788401668
0.171572258227428
0.164771483881822
0.153735375810129
0.152190051342501
0.177942092416458
0.161828970625379
0.176164464270698
0.166182139550557
0.155718373874265
0.153068765255455
0.164922986280629
0.131383721908946
0.181662317986707
0.160223045198222
0.150452823836389
0.144544230283657
0.134895210840853
0.163886036528908
0.134528238363771
0.129538759363697
0.18665853042674
0.131535224307726
0.159512667283906
0.140086693039308
0.163795135089657
0.143625115730998
0.157987543136102
0.157657604578759
0.15249978958002
0.154098981567216
0.145109839239126
0.157977442976176
0.142679067418584
0.123886036528916
0.159930140560562
0.115472603316221
0.150903964312789
0.14752377745981
0.141288612069701
0.131383721908946
0.133683191650533
0.147570911539447
0.150930898072573
0.139039643127688
0.152122716943012
0.136201498190388
0.119903206800785
0.135831158993369
0.157273798501819
0.130467974076254
0.143086440535313
0.164205874926353
0.16763319585894
0.131743960946068
0.141739752546101
0.181026007911811
0.138655837050749
0.139117077687075
0.139638919282902
0.124236175406111
0.173262351653904
0.144975170440205
0.144056055887546
0.15823668041412
0.146382459388946
0.118199646494418
0.11321353421431
0.141517549027867
0.16253598181973
0.123034256375746
0.123764834609887
0.148106220015165
0.132424038380606
0.139551384563589
0.122653817018772
0.121226327750207
0.154274051005814
0.144574530763407
0.135349718037219
0.13360239037118
0.134107398367149
0.145712482114305
0.146062620991501
0.107163538422697
0.140042925679666
0.148978200488187
0.119539601043698
0.148173554414626
0.136140897230888
0.129303088965571
0.136319333389451
0.13140392222877
0.127801531857585
0.119307297365538
0.123357461493157
0.162950088376419
0.133380186852975
0.133905395168767
0.136932076424557
0.119209662486327
0.146608029627146
0.142248127262036
0.144907836040744
0.142766602137868
0.145651881154805
0.131511657267907
0.168602811211173
0.137312515781503
0.118731588250142
0.118324215133413
0.129003450887978
0.113503072131977
0.135639255954885
0.142301994781604
0.130767612153875
0.153408803972724
0.123781668209745
0.12547176163622
0.123710967090318
0.122727884858193
0.11948573352413
0.124118340207048
0.0981104284151115
0.135969194512256
0.135915326992688
0.144096456527222
0.127350391381214
0.115691440114489
0.131629492466971
0.11142243918863
0.10947310832421
0.120037875599706
0.134090564767291
0.109341806245283
0.173316219173472
0.137056645063552
0.120775187273807
0.143830485649374
0.12433381028535
0.127764497937903
0.11492382796061
0.120132143758951
0.124569480683448
0.124104873327155
0.122118508543053
0.132053699183587
0.121778469825784
0.098144095614856
0.121650534466795
0.129289622085679
0.141093342311251
0.111196868950429
0.130393906236861
0.116469152428266
0.116196448110429
0.145540779395674
0.142419829980639
0.112826361417405
0.125771399713841
0.116368150829061
0.126060937631507
0.135339617877293
0.129242488006071
0.128845215049239
0.139487416884094
0.109998316640031
0.104241225486078
0.12433381028535
0.106863900345104
0.107163538422697
0.143184075414524
0.119994108240064
0.0951443481188505
0.130117835199059
0.121620233987045
0.132609207979129
0.0968849423449285
0.116129113710969
0.115075330359417
0.119721403922227
0.113247201414026
0.10973571248212
0.132437505260498
0.123613332211107
0.112796060937626
0.106500294588017
0.122108408383127
0.135272283477832
0.100409898156727
0.105702381954387
0.124502146283987
0.135450719636395
0.105389276996902
0.119209662486327
0.119903206800785
0.133969362848262
0.10123474455014
0.125401060516793
0.125633364194954
0.122636983418914
0.114779059001762
0.12410150660719
0.112476222540209
0.117179530342582
0.127060853463519
0.106311758269527
0.115166231798668
0.11890665768874
0.110042083999673
0.116011278511905
0.104244592206044
0.115438936116504
0.127788064977693
0.113173133574634
0.112614258059097
0.0956325225149612
0.114671323962625
0.102594899419245
0.109048901607622
0.108671828970643
0.100578234155392
0.10954717616363
0.115354768117157
0.130397272956827
0.0891919872064761
0.111021799511832
0.107618045619063
0.100305529837556
0.123987038128121
0.0993157141654706
0.10951687568388
0.108197121454424
0.109607777123159
0.118388182812907
0.108106220015145
0.103029206295787
0.121458631428339
0.103884353168922
0.0976188872990633
0.125848834273228
0.11846898409226
0.120620318155034
0.0988679404090647
0.10928457200572
0.0911547849507599
0.0981844962545324
0.107163538422697
0.114543388603664
0.120014308559888
0.119367898325066
0.109836714081325
0.0899225654406166
0.126602979547187
0.095393485396869
0.108803131049569
0.111691776786472
0.107022136183843
0.107991751536076
0.115166231798668
0.114098981567224
0.103217742614277
0.120899755912802
0.115647672754818
0.09747075162025
0.116129113710969
0.0893973571248239
0.0899225654406166
0.106863900345104
0.0987097045703251
0.0970162444238838
0.0990059759279518
0.102194259742447
0.102012456863918
0.109779479841762
0.0969893106640995
0.0995412844036707
0.106833599865325
0.112658025418739
0.100305529837556
0.10123474455014
0.0999183570406501
0.0962856661897149
0.101329012709385
0.105796650113632
0.108890665768882
0.0813071290295397
0.112610891339131
0.100009258479929
0.0983629324130959
0.107513677299892
0.110722161434239
0.10116067671072
0.101712818786297
0.109971382880246
0.098144095614856
0.0974168841006815
0.117677804898591
0.109122969447014
0.0988679404090647
0.0943329686053573
0.104194091406441
0.0991069775271569
0.0986087029711484
0.118970625368235
0.0888014476896046
0.0875961619392456
0.107527144179784
0.0932152175742829
0.10728137362176
0.107163538422697
0.0981104284151115
0.097935358976514
0.107759447857944
0.108274556013811
0.114004713407979
0.0958412591532749
0.0962587324299307
0.0925789074993872
0.105655247874779
0.0911918188704703
0.112240552142083
0.109452908004386
0.107291473781686
0.0839668378082763
0.0813778301489947
0.0860777712313734
0.0868487501052186
0.087545661139643
0.102099991583202
0.0840947731672372
0.0982753976938113
0.111378671828987
0.098447100412443
0.0940366972477023
0.100726369834206
0.113944112448451
0.0889159161686734
0.0969455433044288
0.0908248463934171
0.0971980473024132
0.0809805571921629
0.119394832084851
0.099228179446186
0.0755298375557629
0.0991103442471228
0.0815899335072743
0.0988275397693883
0.0791625284066981
0.092589007659285
0.106436326908522
0.0861518390707943
0.0982450972140327
0.111836545745319
0.0893973571248239
0.0851956905984537
0.100632101674961
0.0957671913138824
0.0848489184412244
0.093457621412341
0.0946090396431316
0.10160508374716
0.0964910361080911
0.096070196111441
0.0944945711640628
0.0821622759027036
0.0857511993939966
0.0842698426058348
0.0796305024829564
0.0892492214460106
0.086552478747592
0.0849095194007248
0.0984538338523748
0.0822329770221302
0.0821925763824538
0.100056392559566
0.0835897651712969
0.0910874505512993
0.0721294503829597
0.0908517801532014
0.0938414274892807
0.0859060685127702
0.0812465280700394
0.0973428162612606
0.0896330275229502
0.106968268664275
0.0950197794798555
0.0972014140224076
0.0863235417894259
0.0893872569648977
0.0952689167578455
0.095518054035864
0.0747992593216225
0.0797180372022694
0.10161181718712
0.0950534466795716
0.0782905479336762
0.0865019779479894
0.095393485396869
0.079112027607124
0.0839769379682025
0.0993965154448233
0.0852192576382436
0.101881154784962
0.0836267990909789
0.0783410487332787
0.105958252672337
0.0842058749263686
0.0836570995707575
0.0854246275566197
0.0974202508206474
0.0855660297954728
0.0957166905142799
0.0931276828549983
0.0836705664506496
0.089606093763166
0.0807112195943205
0.0904545071963696
0.0878991667368041
0.0844146115646822
0.0788696237690374
0.0873874253009035
0.0816269674269847
0.0874547597003641
0.0979488258564061
0.078384816092921
0.0823373453413012
0.080000841680004
0.0912221193502205
0.0715739415874168
0.0885691440114442
0.0762940829896479
0.081209494150329
0.0849566534803614
0.0764590522683477
0.0721395505428859
0.0789201245686399
0.0826403501388882
0.0802903795976704
0.0759641444323051
0.0824046797407618
0.0784521504923816
0.0811758269506129
0.0821521757427774
0.08829307297367
0.0757116404343208
0.0937269590101835
0.0993695816850391
0.0950298796397817
0.0727118929383153
0.0800883763992886
0.0971138793030946
0.0847984176416219
0.0719341806245382
0.0843371770053238
0.0840745728474133
0.0754759700361944
0.0911783519905782
0.0915116572679153
0.07605841259155
0.0782164800942837
0.0798897399209011
0.0776576045787465
0.0810175911118733
0.0874480262604322
0.0866130797070923
0.0794722666442169
0.0872056224223741
0.0789302247285661
0.0974202508206474
0.0746140897230987
0.0699747496002203
0.0865120781079156
0.0770448615436408
0.0719341806245382
0.0716884100665141
0.0738128103695033
0.0863841427489263
0.065140139718892
0.0674328760205469
0.0865592121875238
0.0787753556097925
0.0773242993014094
0.0674732766602233
0.0876668630586721
0.0958244255534169
0.0779909098560836
0.0806708189546441
0.0792399629660849
0.0776778048985989
0.0803004797575966
0.0789201245686399
0.0783174816934604
0.0767889908256905
0.0752739668378126
0.0783006480936024
0.0781794461745733
0.0790278596077769
0.0755298375557629
0.0889967174480262
0.0718466459052252
0.0692980388856199
0.0875355609797168
0.088077602895396
0.0796237690430246
0.0909325814325541
0.0717389108660882
0.0778528743371965
0.0722742193418071
0.0837412675700762
0.0880304688157594
0.0747251914822016
0.0748228263614124
0.0704696574362629
0.0741158151670902
0.0777316724181674
0.0760617793115159
0.0758833431529524
0.0830106893359357
0.0731226327750392
0.0722338187021307
0.0842025082063742
0.0757352074741391
0.0685842942513375
0.071796145105651
0.0701801195185681
0.0757789748337814
0.0769606935443221
0.0630359397357267
0.0788056560895711
0.075206632438352
0.070964565272277
0.0751628650787097
0.076822658025435
0.0728835956569469
0.0753211009174493
0.0729105294167312
0.075098897399215
0.0697222456022359
0.0647832674017366
0.0778495076172021
0.0766610554667295
0.0714224391886376
0.0831083242151465
0.0714628398283139
0.0823676458210798
0.0655340459557294
0.0772502314620169
0.0716379092669115
0.0827043178183828
0.08156299974749
0.0762806161097558
0.066348792189217
0.0756173722750759
0.0703551889571656
0.068335156973319
0.0813205959094319
0.0701565524787497
0.0806708189546441
0.0744491204444273
0.0754120023566998
0.070483124316155
0.0705268916757973
0.0814788317481714
0.0714359060685297
0.0853505597171988
0.0767923575456564
0.0670995707432098
0.063295177173643
0.0633187442134613
0.0723045198215573
0.0704864910361209
0.0694966753640358
0.0713012372696085
0.0744760542042116
0.0693014056055858
0.0712271694301876
0.065247874758029
0.0666181297870594
0.077051594983601
0.0701430855988576
0.0703821227169499
0.0692206043262331
0.0708837639929243
0.0698602811211231
0.0748059927615543
0.0679883848160898
0.0721294503829597
0.0700218836798285
0.0677190472182474
0.0775700698594335
0.0689445332884588
0.0721294503829597
0.0686987627304063
0.0927607103779167
0.0694360744045071
0.0906093763151432
0.0668773672249756
0.066365625789075
0.0738599444491399
0.0740720478074195
0.0728297281373784
0.063419745812638
0.0699915832000784
0.0729206295766289
0.0699208820806518
0.0654397777964846
0.0633389445332853
0.0776576045787465
0.0743481188452222
0.0667393317060885
0.0729273630165892
0.0657124821143213
0.0755769716353996
0.0633557781331717
0.075186432118528
0.0783646157730971
0.0584235333726326
0.0754153690766941
0.0629416715764819
0.0662309569901538
0.0652377745981028
0.0705100580759392
0.0690051342479592
0.0610832421513408
0.0787113879303263
0.07605841259155
0.0628137362174925
0.0742269169261931
0.0696077771231387
0.0648102011615208
0.0665642622674909
0.0677022136183894
0.0652950088376372
0.0656215806750424
0.0620730578234259
0.0698232472014126
0.0681365204949032
0.0612515781500065
0.0782400471340736
0.0704258900765922
0.0713315377493586
0.0686920292904745
0.0699612827203282
0.0661838229105456
0.0660861880313064
0.0586322700109463
0.0724189883006545
0.0760617793115159
0.0666787307465881
0.0763849844289268
0.0661939230704434
0.0687357966501168
0.0686617288107243
0.0627228347782136
0.0853842269169434
0.0671332379429543
0.0640122885279197
0.0697323457621621
0.0706682939146503
0.0666450635468436
0.067857082737163
0.0690657352074879
0.064840501641271
0.0777788064977756
0.058588502651304
0.0649953707600446
0.0610832421513408
0.060773503913822
0.0669144011446861
0.0652108408383185
0.0585817692113437
0.0720654827034934
0.0672712734618415
0.0622009931823868
0.0550702802794376
0.0645105630839282
0.0719072468647539
0.0644465954044335
0.0645610638835308
0.0847613837219114
0.0560937631512672
0.0630258395758005
0.0640055550879595
0.0617431192660547
0.0617767864657992
0.068086019695329
0.0685102264119166
0.0683216900934269
0.0637059170103669
0.0691128692870961
0.0619417557444706
0.0586322700109463
0.0632379429341086
0.0584269000925985
0.0656417809948664
0.0621471256628183
0.0644398619645017
0.074745391802054
0.0621336587829262
0.068762730409901
0.0592012456864097
0.0603088965575296
0.0622245602222051
0.0684765592122005
0.0630292062957665
0.0707389950341053
0.0592618466459101
0.0599351906405161
0.0686785624105823
0.0684731924922346
0.0623390287013024
0.0599082568807319
0.0653017422775974
0.0634130123727061
0.0609788738321697
0.0560701961114489
0.0618003535056175
0.0565078697079571
0.0584740341722068
0.0584269000925985
0.0620124568638971
0.0592517464859839
0.0582349970541145
0.0610832421513408
0.0672948405016598
0.0585817692113437
0.0635813483713434
0.0589150744886808
0.0575145189799002
0.0624130965406948
0.0687997643296114
0.0575650197794744
0.0643018264455861
0.0625982661392186
0.071267570069864
0.053565356451486
0.0622750610218077
0.0600799595993635
0.0622683275818474
0.0681028532951871
0.0630595067755451
0.0644230283646152
0.0716278091069853
0.0564270684286043
0.0622043599023812
0.0613660466290753
0.0602011615183926
0.0563294335493651
0.0581541957747618
0.0660356872317323
0.0602247285582109
0.0612448447100462
0.0636655163706905
0.0616522178267758
0.0605647672754799
0.060329096877382
0.0631234744550113
0.0692576382459436
0.0598207221614473
0.0610832421513408
0.0621471256628183
0.0661669893106591
0.060433465196553
0.0579050584967717
0.0689276996885724
0.0575616530595084
0.0563328002693311
0.062086524703318
0.0570667452234659
0.0567805740257654
0.0586524703307987
0.0632648766938928
0.0592618466459101
0.0613088123895409
0.0569421765844709
0.0535990236512021
0.0567469068260209
0.0655542462755818
0.0534239542126045
0.0596119855231052
0.0610832421513408
0.0597803215217709
0.0623289285413762
0.0538245938894022
0.0617431192660547
0.0586322700109463
0.062655500378753
0.0570734786634262
0.0495892601632875
0.0541410655668813
0.0605007995960136
0.0803745475970175
0.0560937631512672
0.050636310074907
0.0582013298543984
0.0667864657857251
0.0581474623348299
0.0555820217153382
0.0600967931992216
0.0570330780237498
0.0553766517969905
0.0644061947647572
0.0638540526891802
0.0583326319333537
0.0634904469320929
0.0621235586230284
0.0557604578739301
0.0557200572342538
0.0652344078781368
0.0563125999495071
0.0618845215049362
0.0546528070027819
0.0657360491541112
0.0538380607692943
0.053689925090481
0.0468487501052266
0.0581205285750457
0.0611640434306935
0.0576357208989293
0.0562822994697569
0.055518054035872
0.0553497180372062
0.0538784614089707
0.0508787139129652
0.0608105378335324
0.0512827203097572
0.0545215049238266
0.0579454591364481
0.053989563168102
0.0536091238111283
0.0588342732093281
0.0563799343489677
0.0544743708442184
0.0570297113037554
0.0568411749852658
0.0622784277417736
0.0580599276155169
0.0543565356451552
0.058463934012309
0.0554877535560934
0.0524139382206954
0.0578680245770613
0.0532051174143646
0.0596220856830314
0.0553665516370643
0.0547740089218109
0.0570330780237498
0.0576020536991848
0.0588544735291805
0.060258395757927
0.0516463260668445
0.0535013887719913
0.0543700025250473
0.0620090901439312
0.0547235081222084
0.0546528070027819
0.0567974076256235
0.0565684706674574
0.0498249305614138
0.0553800185169564
0.0553732850770245
0.0571475465028186
0.0573327161013424
0.0511009174311994
0.0539053951687549
0.0469968857840399
0.061658951266736
0.0506632438346912
0.0556628229946909
0.0760988132312264
0.053989563168102
0.0560903964312729
0.0532286844541829
0.0590665768874885
0.0537538927699757
0.0554709199562353
0.053333052773354
0.0531310495749722
0.0552823836377456
0.0512961871896493
0.0536596246107308
0.0538144937295044
0.052161434222711
0.0634938136520589
0.0545551721235711
0.0536158572510885
0.0504511404764116
0.0513130207895074
0.0604839659961272
0.0544407036444738
0.0519089302247266
0.0518314956653683
0.0546696406026399
0.059672586482634
0.0538582610891467
0.0495892601632875
0.0602752293578135
0.0487812473697602
0.0507541452739702
0.0462562073899448
0.0568815756249421
0.0554035855567747
0.0516867267065209
0.0577333557781401
0.0500471340796196
0.0556358892349067
0.0525620738995087
0.0562721993098307
0.0570667452234659
0.0492121875263081
0.051700193586413
0.0537134921302993
0.0545888393232872
0.0576761215386057
0.0560769295513808
0.0506396767949013
0.0525183065398664
0.0511379513509098
0.05795219257638
0.0504376735965195
0.0489226496086133
0.0519661644642895
0.0508719804730333
0.052269169261848
0.0521883679824953
0.0522927363016663
0.0508686137530674
0.0508349465533229
0.0508787139129652
0.0466231798670265
0.0512995539096153
0.0581205285750457
0.0514409561484683
0.0507171113542597
0.054878377240982
0.0516732598266287
0.0522557023819559
0.0513130207895074
0.0528953791768458
0.0528920124568799
0.0510975507112335
0.0527910108576748
0.0509123811127097
0.0549659119602666
0.0494646915242924
0.0563900345088939
0.0485691440114522
0.0497104620823166
0.0551679151586768
0.0582854978537171
0.0492492214460185
0.0470675869034665
0.0535384226917017
0.0484614089723152
0.051043683191665
0.056831074825368
0.0521951014224555
0.0571408130628868
0.0495387593636849
0.0522321353421376
0.0539794630081758
0.0509797155121703
0.0526294082989693
0.048878882248971
0.0471147209831031
0.0512625199899048
0.0549423449204767
0.0476432960188617
0.0500774345593982
0.0454448278764517
0.0471315545829611
0.048663412170697
0.0516025587071738
0.0495926268832534
0.0472561232219562
0.0506632438346912
0.0462562073899448
0.0493098224055188
0.0475591280195431
0.0496532278427821
0.0521041999831766
0.0527674438178565
0.0496767948826005
0.0469968857840399
0.0470911539432848
0.051929130544579
0.0519728979042213
0.0514207558286444
0.057632354178935
0.0551611817187165
0.0482526723339731
0.0536596246107308
0.0488216480094366
0.0479261004965963
0.0498249305614138
0.0482863395337176
0.0484849760121335
0.0545619055635029
0.0491381196869156
0.0508686137530674
0.0577569228179584
0.0513365878293257
0.0502592374379276
0.0507474118340383
0.0514779900681788
0.0494815251241505
0.0471079875431428
0.0474614931403039
0.0506464102348332
0.0520907331032845
0.053245518054041
0.0463134416295077
0.0513029206295812
0.0469093510647269
0.0496532278427821
0.0515352243077132
0.047118087703069
0.0435224307718158
0.0488014476895842
0.0503535055971724
0.0501548691187566
0.0503669724770646
0.0532690850938593
0.0466703139466347
0.0484479420924231
0.0487139129702996
0.0509898156720965
0.0529458799764484
0.0504545071963776
0.0429904890160913
0.0463302752293657
0.0569522767443971
0.0483065398535416
0.0489192828886473
0.0470675869034665
0.0470238195438242
0.0473200909014508
0.0477139971382883
0.0467612153859136
0.0564304351485703
0.0452259910782118
0.049851864321198
0.0466534803467766
0.0489024492887893
0.044704149482385
0.0546157730830714
0.04591280195271
0.0495084588839347
0.0450475549196199
0.0546528070027819
0.0448994192408065
0.0444179782846561
0.0512793535897629
0.0474715933002301
0.0485119097719178
0.0532589849339331
0.0522355020621319
0.0495825267233556
0.0486735123306232
0.0490101843279263
0.048983250568142
0.0498249305614138
0.0469968857840399
0.0470642201835005
0.050171702718643
0.0454044272367753
0.0457511993940045
0.0410411581516712
0.0495724265634294
0.049427657604582
0.0412330611901552
0.0473571248211613
0.0421656426226775
0.0525385068596904
0.051824762225408
0.0484849760121335
0.0467342816261294
0.042734618298141
0.0498114636815217
0.0478385657773117
0.0442597424459166
0.0469968857840399
0.0470339197037219
0.0441991414864162
0.0446805824425667
0.0498013635215955
0.0471079875431428
0.046054204191563
0.0459464691524261
0.0495387593636849
0.0445728474034297
0.047902533456778
0.0420478074236144
0.04635720898915
0.0491886204864898
0.0504848076761277
0.0440207053278527
0.0429904890160913
0.0468824173049427
0.0519526975843974
0.0439735712482161
0.0461855062705183
0.0493838902449397
0.0418794714249771
0.0484614089723152
0.0506497769547991
0.0473537581011669
0.0469127177846929
0.0449431866004488
0.0458387341132891
0.047582695059333
0.0461148051510918
0.0485152764918837
0.0439432707684659
0.0450744886794041
0.0436301658109528
0.0439432707684659
0.0447142496422828
0.0470743203434267
0.0466231798670265
0.0458454675532494
0.0462562073899448
0.0459464691524261
0.0451754902786092
0.0434315293325653
0.0445257133237931
0.04919535392645
0.0478183654574593
0.0425023146199806
0.0474042589007695
0.0444785792441849
0.0435224307718158
0.0410950256712397
0.0450105209999094
0.0468622169851187
0.0474311926605537
0.0494983587240085
0.0420377072637166
0.0440745728474212
0.0471820553825637
0.0400244087198018
0.0457646662738966
0.0465087113879292
0.0468453833852323
0.048202171534399
0.0480035350559831
0.0439971382880344
0.0470541200235743
0.0437379008501182
0.0436301658109528
0.0441048733271714
0.0414114973487187
0.0415293325477819
0.0524846393401219
0.0428726538170281
0.0429399882164887
0.043407962292747
0.0443775776449797
0.0405159498358785
0.044616614763072
0.0425629155795093
0.0431150576550863
0.0438624694891132
0.0470911539432848
0.0416774682265952
0.0407751872737947
0.0459734029122103
0.0424484471004121
0.0451148893190805
0.0412330611901552
0.0454549280363779
0.0472561232219562
0.0434517296523893
0.0415495328676059
0.0429803888561651
0.0472157225822798
0.039930140560557
0.0454919619560599
0.0451552899587568
0.0462764077097972
0.0430174227758755
0.0437648346099024
0.0405159498358785
0.0420242403838245
0.0415023987879977
0.0424955811800487
0.0378899082568864
0.0418862048649089
0.0465625789074977
0.0437816682097605
0.039236596246127
0.0418256039054086
0.043071290295444
0.0419939399040459
0.0452226243582174
0.0439634710882899
0.0420478074236144
0.0444179782846561
0.0417347024661296
0.0451014224391884
0.0437951350896526
0.046124905311018
0.0405731840754129
0.0430679235754781
0.039361164885122
0.0428524534971757
0.0430308896557676
0.0430847571753361
0.0473268243413827
0.0390884605673136
0.0422060432623539
0.0403711808770311
0.051841595825266
0.0444550122043665
0.0459868697921024
0.0451317229189669
0.0369000925848013
0.040674185674618
0.0449431866004488
0.0359069101927503
0.0442294419661664
0.0433136941335022
0.0434315293325653
0.0410613584715236
0.0394217658446223
0.0404284151165939
0.0454986953960201
0.0436806666105554
0.041754902785982
0.0431386246949046
0.0395497012036117
0.0411589933507344
0.0407415200740786
0.0456636646746915
0.0405832842353391
0.0407650871138969
0.041206127430371
0.0433776618129968
0.0402836461577465
0.0409973907920289
0.0451216227590407
0.0420612743035065
0.0404048480767756
0.0438826698089372
0.0415259658277876
0.0415293325477819
0.0485287433717758
0.0445526470835773
0.0440611059675291
0.0408795555929657
0.0493805235249738
0.0416101338271346
0.0375566029795493
0.0439096035687214
0.0417380691860956
0.0415899335072822
0.039465533204293
0.0453101590775304
0.0416202339870324
0.0415293325477819
0.0407280531941865
0.0402230451982177
0.0378899082568864
0.0405159498358785
0.0384521504923896
0.0408122211935051
0.0390345930477167
0.0458825014729598
0.0378225738574258
0.0384521504923896
0.035967511152279
0.0385060180119581
0.0403408803972809
0.0407852874337209
0.0393039306455876
0.0420175069438642
0.0377350391381128
0.0405630839155151
0.0386406868108793
0.0405226832758387
0.0386945543304478
0.0428389866172836
0.0375566029795493
0.0405159498358785
0.039893106640875
0.0378360407373179
0.0396709031226408
0.0441520074067796
0.0402196784782518
0.0418357040653348
0.0394217658446223
0.0411993939904107
0.0398493392812043
0.0386339533709474
0.0404822826361624
0.0399267738405911
0.0364624189883216
0.0473436579412692
0.0394453328844406
0.0448219846814197
0.0344255534046169
0.0422397104620984
0.0409367898325002
0.044848918441204
0.0363344836293322
0.0358496759532159
0.0379269421765969
0.0408593552731418
0.0441318070869556
0.0392298628061667
0.0412667283898713
0.040778553993789
0.041758269505948
0.0430544566955575
0.0406506186347997
0.0409637235922844
0.0419939399040459
0.0385026512919922
0.0389436916084662
0.0389807255281482
0.0377081053783286
0.0435661981314865
0.0386676205706635
0.0356375725949079
0.0392938304856614
0.0364253850686111
0.0375835367393336
0.0383477821732185
0.0367250231462037
0.040994024072063
0.0392466964060247
0.03982240552142
0.0388056560895507
0.0388965575288296
0.0368495917851988
0.0356274724349817
0.0388123895295109
0.0405361501557309
0.039893106640875
0.0393645316050879
0.0361055466711662
0.0416101338271346
0.0371660634626778
0.0366980893864195
0.0359439441124607
0.037071795303433
0.0360314788317453
0.0379437757764549
0.039465533204293
0.0383747159330028
0.038916757848682
0.0423205117414511
0.0361223802710242
0.0398729063210226
0.0376104704991178
0.036307549869548
0.0391557949667742
0.0379774429761994
0.0388898240888977
0.0369977274640121
0.0395833684033278
0.0372636983418886
0.0407213197542262
0.0358294756333635
0.0409704570322447
0.0368731588250171
0.0358698762730398
0.0369707937042278
0.0396709031226408
0.0369707937042278
0.0359439441124607
0.0367014561063854
0.0415192323878557
0.0413273293494001
0.0371862637825302
0.0340956148472458
0.0396069354431461
0.0367452234660561
0.0371929972224621
0.0372131975423144
0.0392837303257352
0.0369539601043698
0.0375566029795493
0.0372670650618829
0.0402937463176443
0.0377249389782151
0.0361796145105586
0.0363008164295877
0.0352301994781783
0.0350483965996204
0.0372737985018148
0.0387080212103399
0.0344087198047305
0.038384816092929
0.0379000084168126
0.0384588839323499
0.0372670650618829
0.0359102769127162
0.0367384900260959
0.0377754397778176
0.0366172881070668
0.0426605504587201
0.0347285582021755
0.0361257469909901
0.0366846225065274
0.0379909098560915
0.0384588839323499
0.0345837892433281
0.0344188199646567
0.0374690682602647
0.0397079370423512
0.0387753556098005
0.0395362343237196
0.0359809780321712
0.038580085851379
0.0361594141907347
0.0334054372527532
0.0346713239626411
0.0392702634458431
0.0388561568891532
0.0374556013803726
0.034018180287859
0.0374152007406963
0.0349372948405176
0.0357116404343003
0.0356813399545501
0.0353547681171733
0.0395497012036117
0.0352402996380761
0.0400749095194044
0.0371525965827857
0.0334963386920322
0.0369101927447275
0.0339171786886823
0.0372535981819908
0.0364051847487588
0.0383275818533946
0.0366778890665955
0.0372973655416331
0.0339845130881429
0.0376239373790099
0.0381861796145131
0.0369169261846594
0.0352840669977468
0.0347285582021755
0.0359102769127162
0.0340956148472458
0.0352672333978603
0.0375229357798332
0.03653985354768
0.0338868782089037
0.0353042673175707
0.03653985354768
0.0380077434559496
0.0345029879639753
0.0349473950004153
0.0360819796313478
0.0377485060180334
0.0352470330780363
0.0394150324046905
0.0340956148472458
0.0396776365625726
0.0368933591448695
0.0338161770894772
0.0365331201077481
0.0327758606177895
0.0337926100496588
0.0356544061947659
0.034546755323646
0.0367654237858801
0.0342605841259171
0.0347285582021755
0.0322742193418151
0.0348531268411705
0.0353682349970654
0.0359439441124607
0.0368967258648354
0.0349473950004153
0.0358766097130001
0.0345736890834303
0.0361594141907347
0.0345164548438675
0.0375970036192257
0.0348564935611648
0.0359439441124607
0.0361055466711662
0.0351695985186495
0.0372805319417751
0.0363513172291903
0.0348632270010967
0.0350618634795126
0.0378932749768524
0.0350517633195864
0.0328196279774602
0.0333717700530372
0.0344356535645147
0.0357958084336474
0.037408467300736
0.0336848750105219
0.0356342058749419
0.0361358471509163
0.0356847066745161
0.0338666778890797
0.0349877956400917
0.0374286676205884
0.0321967847824283
0.0350483965996204
0.0363176500294742
0.0367048228263798
0.0345029879639753
0.0363210167494401
0.0367822573857381
0.0340956148472458
0.0331967006144396
0.039485733524117
0.0341292820469619
0.0359170103526765
0.0338666778890797
0.0338666778890797
0.0339070785287561
0.0328229946974261
0.0344524871644012
0.0357924417136815
0.0368327581853407
0.032829728137358
0.0369707937042278
0.0340316471677511
0.0326916926184708
0.033785876609727
0.0333818702129633
0.0346443902028568
0.0327455601380393
0.0357587745139369
0.0349844289201258
0.0347453918020335
0.0364691524282534
0.0330552983755581
0.0342774177257752
0.0369000925848013
0.0336545745307717
0.0330956990152345
0.0352402996380761
0.0329913306960634
0.0345635889235041
0.0340518474876035
0.0339912465280747
0.0338094436495453
0.0355029037959866
0.0331562999747632
0.0347689588418518
0.0340956148472458
0.0356039053951633
0.0331933338944737
0.0362267485901953
0.0318904132648754
0.0329206295766369
0.0327758606177895
0.0326176247790784
0.0345029879639753
0.0321967847824283
0.0342807844457695
0.0318702129450514
0.0343986196448043
0.0348026260415963
0.035348034677213
0.0330350980557341
0.0338363774093295
0.0325132564599073
0.0327118929383232
0.0324189883006625
0.0341764161265985
0.0321967847824283
0.0351998989983997
0.032294419661639
0.0315099739079301
0.0330889655753026
0.032809527817534
0.032277586061781
0.0380346772157338
0.0343885194849065
0.0350820637993365
0.031920713744654
0.0325334567797313
0.0366172881070668
0.0347218247622436
0.0326075246191522
0.0350652301994785
0.0364388519485033
0.0359237437926083
0.0342605841259171
0.0351796986785757
0.0333448362932529
0.0364051847487588
0.0323752209409918
0.0345433886036517
0.0321126167831096
0.0343918862048724
0.0334020705327873
0.0326512919787945
0.0323954212608442
0.0330283646157739
0.0343077182055538
0.0376138372190837
0.0348901607608809
0.0341360154869221
0.0338397441292955
0.0320823163033594
0.0322371854221046
0.0359776113121768
0.0349305614005573
0.0321866846225021
0.0333044356535765
0.0331899671744793
0.0345736890834303
0.0322674859018548
0.0314594731083275
0.0322102516623204
0.0319846814241203
0.0324189883006625
0.0336882417304878
0.032913896136705
0.0336815082905559
0.0365129197878957
0.0331226327750187
0.0321664843026781
0.0349844289201258
0.0288502651291935
0.0353615015571052
0.0345770558033962
0.0310352663917115
0.0337892433296929
0.0349103610807333
0.0329206295766369
0.0326613921387207
0.0330283646157739
0.0349574951603415
0.0328465617372444
0.0308770305530004
0.0331765002945872
0.03323373453415
0.0315167073478619
0.0319745812642225
0.0321866846225021
0.0318230788654148
0.0340249137278192
0.032385321100918
0.0319813147041543
0.0334593047723217
0.0316783099065674
0.033021631175842
0.0307120612743006
0.0351157309990811
0.0343413854052699
0.0341292820469619
0.0319274471845858
0.0321563841427519
0.0318298123053751
0.0316547428667775
0.0323314535813495
0.0329946974160578
0.0294394411244809
0.0346376567628965
0.0325098897399414
0.0347420250820676
0.0350315629997624
0.0295976769632205
0.0341326487669562
0.0333650366130769
0.0320217153438307
0.0301666526386839
0.0339407457284722
0.0316581095867434
0.0318365457453069
0.0332202676542579
0.0321260836630017
0.0308197963134376
0.030180119518576
0.0336512078108058
0.0313147041494801
0.0297491793619997
0.0329845972561316
0.0343986196448043
0.0315301742277541
0.033997979968035
0.0318399124653013
0.033890244928898
0.0321328171029336
0.0344491204444068
0.031725443986204
0.0337825098897611
0.0304258900766001
0.0326580254187547
0.0341966164464225
0.0334189041326454
0.0279345172965293
0.0315301742277541
0.0334424711724637
0.031493140308072
0.0309342647925348
0.0337926100496588
0.0337589428499427
0.0335165390118846
0.0336411076508796
0.0337421092500563
0.0325906910192941
0.0317725780658407
0.0322977863816334
0.0328970625368186
0.0316446427068513
0.0320991499032175
0.032065482703473
0.0324189883006625
0.0315638414274986
0.0322203518222466
0.0324964228600493
0.0308063294335454
0.0312271694301955
0.0341326487669562
0.0313046039895823
0.0315638414274986
0.0340215470078249
0.0321294503829677
0.0315672081474645
0.0314493729484013
0.0320082484639386
0.030092584799263
0.0312204359902353
0.0302979547176108
0.0294798417641573
0.0311329012709507
0.0348127262014941
0.0314662065482878
0.0325738574194077
0.0314628398282935
0.0324526555003786
0.0305874926353056
0.0302676542378606
0.0317995118256249
0.0317321774261359
0.0313147041494801
0.0316749431866015
0.0335535729315666
0.0303349886373212
0.0318567460651593
0.0301498190387974
0.0320722161434333
0.0306884942345107
0.0335805066913508
0.0327623937378974
0.0319644811042963
0.031600875347209
0.0315402743876803
0.0302811211177527
0.0336613079707035
0.0311632017507009
0.0299444491204497
0.0280792862553767
0.0330687652554502
0.031621075667033
0.0294933086440494
0.0321092500631437
0.0308231630334319
0.0314359060685092
0.0277628145778976
0.0309342647925348
0.0317220772662381
0.0305908593552715
0.0340316471677511
0.0263454254692306
0.0318096119855227
0.032917262856671
0.032489689420089
0.0301767527985817
0.0309544651123588
0.0299545492803759
0.0303417220772815
0.0289849339281147
0.030520158235845
0.0288401649692958
0.0306548270347662
0.0291701035266385
0.0290287012877855
0.0274025755407763
0.0296818449625391
0.0315806750273566
0.0332674017338661
0.0289546334483646
0.0333751367730031
0.0289007659287961
0.0310386331117058
0.0302710209578265
0.0280018516959899
0.0317153438262778
0.0295976769632205
0.0294933086440494
0.0320520158235809
0.0301329854389394
0.030304688157571
0.0311598350307349
0.0310251662318137
0.0302339870381445
0.0287088628903405
0.0306952276744425
0.0307457284740451
0.0279782846561716
0.03108913391128
0.0315402743876803
0.0310857671913141
0.0312103358303375
0.0290085009679331
0.0307255281541927
0.032028448783791
0.028887299048904
0.0298131470414944
0.0303013214376051
0.0287122296103064
0.0289714670482226
0.0276887467385052
0.0290556350475697
0.030873663833006
0.0279782846561716
0.0293687400050544
0.0298872148809153
0.0305033246359869
0.0300420839996605
0.0300521841595867
0.0285135931318905
0.0288334315293355
0.0275439777796578
0.0303686558370657
0.0281701876946556
0.0279176836966712
0.0288334315293355
0.0289546334483646
0.0298131470414944
0.03083999663329
0.0308096961535398
0.0309477316724269
0.0300016833599841
0.0288233313694093
0.0348733271610229
0.029880481440955
0.029436074404515
0.0290186011278593
0.0262848245097302
0.0303619223971054
0.0320385489436887
0.0297087787223234
0.0289849339281147
0.0311834020705533
0.028779564009767
0.0295404427236861
0.0286078612911354
0.02956064304351
0.0293923070448727
0.0292441713660594
0.0299983166400182
0.0291802036865647
0.0288502651291935
0.0302036865583659
0.0320183486238648
0.0311733019106271
0.0290623684875015
0.0284765592122085
0.030180119518576
0.0284664590522823
0.0288098644895172
0.0275810116993682
0.0273049406615655
0.0281701876946556
0.0281466206548373
0.0278436158572504
0.0306413601548741
0.0276180456190502
0.0293687400050544
0.0283452571332532
0.028904132648762
0.0278469825772447
0.0293586398451282
0.0290590017675356
0.0269918357040808
0.0292441713660594
0.0298333473613468
0.0255374126757033
0.0268538001851653
0.0294832084841516
0.0303013214376051
0.0285236932918167
0.0276752798586131
0.0281668209746613
0.0302407204780764
0.0278705496170346
0.0306716606346242
0.0287559969699487
0.0282543556939743
0.0294495412844071
0.0288064977695512
0.0278133153775002
0.0275507112195896
0.029860281121131
0.0295337092837258
0.028762730409909
0.0290287012877855
0.0274160424206684
0.0267797323457728
0.0284765592122085
0.0280792862553767
0.0291667368066726
0.0278368824173185
0.0279008500968132
0.0290253345677911
0.0281062200151609
0.0279244171366031
0.0284529921723902
0.0279143169767053
0.0301666526386839
0.0273790085009864
0.0296380776028968
0.0274160424206684
0.0275204107398395
0.0267325982661362
0.0293350728053383
0.0284159582526797
0.0279143169767053
0.0267527985859886
0.0288569985691538
0.0286112280111297
0.0280961198552347
0.0284866593721063
0.0276180456190502
0.0263050248295542
0.0272073057823548
0.0267292315461702
0.0287290632101644
0.0279883848160978
0.0258202171534379
0.027591111859266
0.0291398030468883
0.0277291473781816
0.0291734702466329
0.025069438599445
0.0288603652891197
0.0266652638666756
0.0297693796818521
0.0273790085009864
0.0283587240131453
0.0274093089807366
0.027446342900447
0.0272813736217472
0.026702297786386
0.0273318744213498
0.0275002104200155
0.0276820132985449
0.0272948405016393
0.0264632606682937
0.0283957579328273
0.0288233313694093
0.0274059422607706
0.0280893864153029
0.0262073899503434
0.0278267822573923
0.0290522683275753
0.0283486238532191
0.0289276996885803
0.0295471761636179
0.0271770053026046
0.0264060264287593
0.0273285077013838
0.029523609123828
0.0270288696237628
0.0264060264287593
0.0261131217910986
0.0249819038801604
0.0293923070448727
0.0270356030637231
0.0293687400050544
0.0265541621075727
0.0281836545745477
0.0268302331453754
0.0281129534550928
0.0283486238532191
0.0270086693039389
0.0266753640266018
0.0275507112195896
0.0272881070617075
0.0267325982661362
0.028654995370772
0.0291600033667407
0.026719131386244
0.0261636225907012
0.0266955643464541
0.0265103947479304
0.0273217742614236
0.0294495412844071
0.0261939230704513
0.0283452571332532
0.0280759195354108
0.0267931992256649
0.0267527985859886
0.027358808181134
0.0289108660887223
0.0257326824341533
0.0281331537749452
0.0288401649692958
0.0282173217742638
0.0267729989058125
0.0284024913727876
0.0300084167999444
0.0268874673849098
0.0268437000252675
0.0256283141149822
0.0279244171366031
0.0260727211514222
0.027251073141997
0.0281297870549793
0.0308803972729663
0.0271231377830361
0.0281196868950531
0.027234239542139
0.0264363269085095
0.0281432539348714
0.0252243077182186
0.027358808181134
0.026062620991496
0.0271669051426784
0.0270255029037969
0.0263353253093328
0.0270692702634392
0.0265575288275386
0.0253859102769241
0.0276651796986869
0.0248034677215685
0.0278503492972106
0.0260525208315983
0.027146704822826
0.0260592542715301
0.0252546081979688
0.0269312347445521
0.0277527144179714
0.0265844625873228
0.0267965659456308
0.0272005723423945
0.0268672670650574
0.0261299553909566
0.0273049406615655
0.0259818197121433
0.0265373285077146
0.0263285918693725
0.026719131386244
0.0260558875515642
0.0262881912296962
0.0261131217910986
0.0268167662654832
0.0257697163538637
0.0254970120360269
0.0265305950677543
0.0253017422776054
0.0274126757007025
0.0278166820974661
0.0273924753808785
0.0273285077013838
0.0256350475549141
0.0303585556771395
0.0283789243329693
0.0247428667620682
0.0279143169767053
0.0262174901102696
0.026241057150088
0.0271399713828941
0.0261838229105251
0.0256619813146983
0.026577729147391
0.025476811716203
0.0261972897904172
0.0259885531521036
0.0250088376399447
0.0259986533120298
0.025173806918616
0.0254599781163165
0.026897567544836
0.0250526049995869
0.0255912801952718
0.0248539685211711
0.0277897483376819
0.0252041073983662
0.0276887467385052
0.0274901102600893
0.0270827371433313
0.0249179362006657
0.0252041073983662
0.0271601717027181
0.025725948994193
0.0259851864321377
0.0255340459557374
0.02822742193419
0.0273655416210943
0.0263521589091908
0.0257528827539772
0.0257360491541192
0.025601380355198
0.0245509637236125
0.0258774513930007
0.0254902785960951
0.0261097550711327
0.0259111185927168
0.0273318744213498
0.0262713576298381
0.0243220267654181
0.0256788149145848
0.0256047470751639
0.025069438599445
0.0254229441966345
0.0253859102769241
0.0252546081979688
0.0291027691271779
0.0257326824341533
0.024517296523868
0.025813483713506
0.0256990152344088
0.0248910024408815
0.0255273125157771
0.0247226664422158
0.0255778133153797
0.0262982913896224
0.0257629829139034
0.0265709957074307
0.0250256712398027
0.0258269505933981
0.0255205790758453
0.0254498779564187
0.0252411413180766
0.0254364110765266
0.024961703560308
0.0256316808349482
0.0256081137951298
0.0236688830906644
0.0253859102769241
0.0272712734618494
0.0251940072384684
0.0252108408383265
0.0254970120360269
0.0268740005050176
0.0253118424375032
0.0258033835535798
0.0254970120360269
0.0247529669219944
0.0260895547512803
0.0246721656426416
0.0264666273882881
0.0237429509300569
0.0252243077182186
0.0251064725191554
0.0241940914064571
0.025796650113648
0.0238843531689383
0.025173806918616
0.024712566282318
0.0270255029037969
0.0254599781163165
0.0270793704233654
0.0259851864321377
0.0240122885278993
0.0271837387425364
0.0270019358639786
0.0253758101169979
0.024429761804555
0.0252546081979688
0.0257124821143009
0.0239449541284387
0.0257730830738296
0.0241065566871441
0.0260188536318537
0.0250593384395188
0.024729399882176
0.0248876357209156
0.0263555256291568
0.0253017422776054
0.0252377745981107
0.0251064725191554
0.0248270347613868
0.0245610638835103
0.0238203854894437
0.0253859102769241
0.0239449541284387
0.0263925595488672
0.0251670734786842
0.0244566955643677
0.0248304014813527
0.0254599781163165
0.0250660718794791
0.0249314030805579
0.0248910024408815
0.0253387761972874
0.0251435064388659
0.0240021883680015
0.025069438599445
0.0255374126757033
0.0246654322026814
0.026025587071814
0.0264565272283619
0.0258538843531824
0.0257865499537218
0.0249347698005238
0.0258707179530404
0.0253017422776054
0.0252849086777189
0.0253859102769241
0.0236554162107723
0.0248674354010632
0.0260861880313144
0.0238944533288645
0.0258841848329325
0.0237092837303408
0.0240055550879674
0.0243859944449127
0.0240459557276438
0.0247428667620682
0.0238574194091541
0.0243590606851285
0.0234231125326119
0.0264598939483278
0.0248135678814947
0.0230494066155984
0.0233928120528617
0.0248506018012051
0.0232749768537985
0.0247091995623236
0.0260895547512803
0.0242715259658439
0.0256249473950163
0.0251098392391214
0.0247395000421022
0.0232446763740484
0.0236857166905224
0.024517296523868
0.0254330443565323
0.0249078360407395
0.0240156552478936
0.0242917262856679
0.0243455938052364
0.0242412254860653
0.0238877198889043
0.0247597003619262
0.024732766602142
0.0245745307634024
0.0245341301237261
0.0249583368403421
0.0256451477148403
0.0256619813146983
0.0243590606851285
0.0236857166905224
0.0241570574867467
0.0234635131722882
0.0232783435737929
0.0255576129955557
0.0234029122127879
0.0241132901271044
0.0255912801952718
0.0241570574867467
0.0249415032404841
0.0247698005218524
0.0248001010016026
0.0239146536486885
0.0246485986028233
0.0255003787559929
