3142.19597380578
704.341612090439
196.644516307985
1056.78399931484
202.050325388281
2714.46513037952
442.69795174876
-52.9758604158189
3049.999443712
388.341795167004
187.721239787342
-375.550301792029
-425.847555080132
330.891903122699
0.726926598706143
2769.19627453354
316.416806313354
2932.1212270566
1195.17716533756
-215.834631876771
3156.95889184572
723.607216085756
-358.33155593531
53.4132685285822
1064.87357240823
685.327637861969
258.355317544825
1776.09827531827
1934.06801817926
-403.439259839124
2872.61649626494
3350.20949946781
1606.87894196347
2786.88917090059
-421.579225610483
-584.140195482214
213.087218242028
199.095120881511
-156.318498363381
3402.23265003461
2981.38936093212
994.498992202839
-254.259519483474
403.393294808239
27.4111280344334
-178.091282376798
203.845765357321
-263.956931087197
864.496069053612
-444.241197014987
1120.26109787697
372.528421285108
2393.28374960383
2569.91826778539
558.396062022623
-306.202046159974
16.4142995053893
-71.4549072244958
477.895441523045
347.988424489672
-68.725217848736
-332.334040721452
-784.666918500685
1647.63297384028
-537.740117296259
35.9996045403535
390.449798949257
3037.59636974318
-598.928326546855
-489.922554512599
795.956378727719
-759.401417281406
-10.0714104382552
2753.62314343183
1920.34205712503
953.637828461738
884.166589551937
3215.26489286218
519.289678633311
235.694953840406
-462.60385974825
162.304127214013
-176.250936217052
1007.79103886181
4186.50637964295
-711.491148519166
2747.50720615198
97.5522409301778
1193.93080696303
3261.46248965269
530.770716071994
829.801432646718
3204.11999394807
149.15265897813
447.218627952979
307.786667676202
-297.369276127654
2974.53239378232
19.7418683858164
-172.468428858345
55.5117451482835
2733.11846069616
510.097436483483
357.568783612955
3495.92184166582
-442.090414808719
2147.4073739862
3682.66793463461
684.68071078731
-464.984450161561
-291.363329614869
221.715094699957
48.3465983146515
613.220582929566
-142.77100407286
-672.176974596032
-890.530691981651
-442.899544212439
-806.864736146926
-180.367276788479
936.26465894695
-310.471590751741
449.305220286354
832.759481932176
658.783877178189
831.243339955902
372.221243466293
-198.759872887775
446.573572080645
464.745999392666
2621.43028332283
590.131458268021
-138.245793778315
-471.542853868917
351.988993995451
-101.943843885195
-554.112761629711
-102.728514468233
-876.153297218049
2394.91545907772
2392.79806006184
2257.49023381432
518.853046214648
157.218557426265
-547.993585499644
-777.994199570267
432.357593502938
-365.057958484576
302.775318454206
287.31153742297
1017.50584548896
193.126724449245
2117.62911558735
1046.89582053359
-827.852255649357
2290.67586541562
2796.41561327223
1128.93215158548
320.249251112857
42.1795970391954
629.069020156906
3064.64546154422
988.583737286294
-53.0031495217739
3467.24186739612
1133.8121540338
-149.416697707206
115.04281991264
3616.36947390563
548.417136899211
915.71106845551
45.2416458461706
-293.949715451515
-962.868433111548
-814.354850203183
451.478985570931
-657.960158785296
540.9751546677
-272.463003310929
22.5089792604103
-802.225747795985
3938.02804698504
946.37569619385
329.175704500876
792.268457891669
196.040063028678
2954.0330988647
3485.35797116179
22.3329726186265
-175.712406852779
-546.129308916171
-755.557712197862
2577.21149687173
-390.089194776734
0.751587031323993
139.424254860602
-452.760944168327
3006.47428149148
145.037632867388
2695.59715879855
-257.129277664178
582.507492301789
149.139086372142
669.715660691688
2355.30856885946
2839.37952744663
703.49151510688
-500.359465218714
-31.2642439832625
183.439212070521
-168.952590698274
2601.70262652842
412.066683332271
-266.626159292417
-1209.15474034166
630.224753574629
74.1735878076062
2719.14742365645
439.935020710794
2470.46664354576
934.736304613216
8.91303579028735
1510.64107930101
153.280252798331
678.012204594888
-32.356690384872
3287.97130540157
669.077665824199
2517.32246079846
63.8942400396121
2967.78366099023
234.470861467265
-912.017585683525
-36.8124123865826
237.496225263441
-505.074235880119
175.934890005272
382.631535967797
1111.78643436773
2713.68033417577
915.990015751972
3416.97925225194
-95.4085538213336
-580.244566188776
3472.36117694136
-241.134238058967
-116.31494446995
1395.71341174683
579.325926576994
-703.952344864665
3005.70767932961
2984.06692335232
70.9251646013863
694.906904461912
83.18201411422
2613.87036433833
829.111391573098
104.866918178965
-706.734422442335
350.179417164995
1049.28502181878
1149.28945844008
-833.76387123251
935.638242961311
3462.62656961849
-249.663307194961
-247.849584716547
270.868346267019
3182.83019368134
617.7121979068
3052.93498117385
347.658591061242
242.967675809375
282.038227450832
-725.309778573698
3370.22094978754
-807.118646673662
1526.78409640565
652.430972640784
5.22352244960996
-182.560328087575
-450.311651831855
54.7744037620332
3246.85991559305
-103.822153905557
666.000596543571
-607.567104951807
-626.715230545843
-664.866952281216
-92.6684908600831
3096.35759796641
3139.84883516958
-492.784310335603
-87.1175594616512
3024.22338643793
-135.776158588566
-139.498459079606
919.636231442096
612.91810093321
1302.41698457856
287.627936657474
-513.950805062127
1029.11966905926
576.625475821039
202.340252680879
305.84635604092
811.932474495954
3217.7342180743
703.879460615244
722.019103633143
659.351010815559
448.850432038596
-715.756380664068
449.60768157503
3030.19198346945
-34.0168325848668
-432.681901190871
2943.98806309933
1210.04206098769
-672.779455883346
3754.33446049774
-471.211036888394
150.784181843036
3006.07344111486
826.955263845604
134.812895240757
-456.143885141507
98.4197166010948
2687.33914513011
352.098433107191
70.1146026065901
2613.14754181904
839.772714578979
2764.37868496022
641.779868312353
400.418665582698
517.775121518579
3432.45744317103
289.394308919346
2828.46200173515
25.1825949410452
25.5270498025615
3214.46193461422
1216.76266589055
2742.40382804194
1103.06004575881
2837.69322523741
273.776102565992
2585.37953764979
-485.882649111614
119.78028319152
3815.37877245095
157.744353919641
729.354276092954
-178.170881806394
887.759903589942
-671.380922851143
-235.820855479901
110.560905101988
554.0878903542
-151.912344458681
2480.18545027428
520.191874614459
238.780211439175
949.602528690083
1378.78389594224
-145.90994277646
2960.215714099
13.3878760267488
548.993320227294
3018.72289492563
124.36767852154
1622.56185109138
3661.07427814341
-237.629310030116
-14.6036296492056
656.11527054051
813.608383869395
824.612080190739
285.401107776123
954.724841539183
-230.406867917342
949.782788113104
514.463523532935
254.194017644447
2268.78399943413
538.332164042803
292.697746225808
2465.53020313604
-70.6219326631183
3235.64166395422
175.168418211433
3399.38015522402
-475.80193604495
2489.68553280161
2579.86698198171
3730.79354853313
235.821813568798
-533.300153270647
2348.44060026519
212.134574847192
781.07189322766
-9.82244116312377
66.94391017284
-35.9754875971072
4449.68721504738
477.969366043075
2401.01969029156
-1.26006655184494
417.3326060898
275.550835114568
158.195263093908
-400.714990782469
278.821585998352
60.148761422508
1107.32284755652
1314.55620992526
2755.04900219411
1174.14643596236
316.107033666639
288.371777661729
273.707653842248
3513.34888175036
2628.92396685608
402.871077393015
-102.421699843454
3024.36997557817
-336.078850052643
1112.96054447176
842.996846081764
309.556412384882
-271.181227072876
827.471321996566
709.445838960107
783.734289659087
2732.85448550774
2406.20547333295
-219.742156911108
3238.27845491958
1162.69036868191
-720.262474412709
3390.72554717662
868.052702400226
1283.412642464
772.033619886006
-293.298040855125
-83.1749677182332
-382.949039962289
3241.11418651082
3441.30640361938
-362.954858742591
16.2407272118294
877.053419394818
639.714607321243
3376.96602288101
3044.29361809863
680.272494585505
712.008585471852
69.1491113409763
-469.293874047386
580.965122605496
11.1939679890923
-6.66129049533356
2770.60860720576
82.7746338143451
-192.171977750284
231.675474567278
1434.98945917648
375.629911358902
759.419579825111
477.651331531325
2766.02486481531
-819.662477948596
547.123792573744
-711.834951697235
-589.84978042645
29.8512142224715
3122.29265271499
414.610785703229
2558.36379860063
868.266719149768
2108.2227997084
-688.511856700258
751.164816999517
2414.90332467928
2546.40349781091
-638.574096930465
3973.96235070708
-5.11885849235822
251.442592274381
-467.068702210088
746.008943703113
217.681425777995
1475.64344057291
758.893489264836
682.377168028894
-57.639774246109
1165.843838242
616.924747826867
594.200178534882
683.786017751721
669.659056977422
-21.6407592965576
36.430739018355
308.420129544154
2431.79531173318
113.605003846757
2993.94432466796
83.6029716952936
-20.6396661156259
266.23191407533
608.790921408347
530.51661953215
4110.52204311012
588.107134124429
-198.594038214012
485.753507299682
2855.11121796625
269.245265798343
-267.001269841342
585.666270164387
2904.01365867927
1696.91855292247
258.353728410549
-410.964695172179
185.522215653433
2241.21008452409
842.933339412592
227.647426120217
866.224724009821
-78.2069239943944
693.138637613648
248.562907630945
-628.951510740688
-540.651748826208
-897.812740205924
-13.7795975313512
287.928401862728
214.871274249579
2125.6532776564
549.460012567075
-901.049963692661
2142.45906314886
514.320154998396
189.779075374942
