11.3292518057052
5.84589801966139
8.62204322137988
8.36360693378291
10.1560545519244
11.8226946496182
14.7051219395713
9.05265142402482
5.72505383632794
14.3684822400957
9.4927661699581
11.3498631219481
13.0152282855828
12.2172139104244
7.43591207728387
7.2231488269977
6.41215248600556
8.05284411003207
6.85123421625371
12.5156253047772
11.8943607327306
14.4961997825702
5.58251277505758
11.0012644699758
9.0371171388306
11.3098685193917
5.51907775901492
6.35454455797676
11.2090659121422
12.3313185390078
13.1445615786798
8.0984508790368
14.4384757896435
11.6034950034907
9.30094970515792
7.08618548003648
7.45438768821722
14.1844240846326
11.0953268390593
14.6943075444497
6.51433056144978
13.9041576536753
8.03140051649019
10.7730905954523
13.9419515473658
9.1196497957792
8.76719429728993
7.10935796192824
6.95039236431268
5.0217411641566
13.4595974422128
9.9085986089378
12.642582567224
12.0861212488094
14.8334334689332
5.8252372615569
5.8144639115401
10.2948551393534
12.722700687697
5.00856807414134
11.1318697490425
12.935838055767
10.5615442789927
9.17115459866637
12.523815638924
6.01801046933998
8.18267737710084
13.0280742412564
7.56947920281591
14.2306474113327
13.0173981559035
14.6915185700302
9.88761290669796
7.86240751220757
14.4025383557709
6.63048086802853
10.8779785210568
13.1401284046278
6.80708268395473
14.0388658355409
14.8688078394341
13.1557826573384
13.0033947453864
8.36389147590887
5.43151634991161
14.8591602399546
12.2606606431667
12.9743693099788
7.69398811261962
12.4808689118521
6.6060308365073
12.9653047932627
5.64086808311026
10.3076873277673
8.10406738282272
9.6925101798236
8.384468439559
7.03702831577685
14.2506700750519
7.81498197235732
10.7086534558618
11.969314662748
14.2383273249237
8.88468125172598
8.63203827337068
10.9902783189606
14.4637393146927
12.1273098064909
11.8731395444013
13.2120049238067
12.522504087429
7.04679460460311
14.9443344213786
5.07085613238665
5.25722148749204
12.6539755504549
6.07909474985022
10.6671923148302
8.83824549534515
9.25144287238957
11.3019354579987
7.08027271298347
10.0683216659343
11.5166818267447
9.63899637824246
12.2846169729627
14.1174529787489
14.9986573074152
9.12533914329775
5.72696172715588
9.98830632207832
13.824801111412
13.8230862781027
12.1249606140033
12.3377216037831
13.1278706506734
13.7418425221682
13.0477481868445
12.4331817504425
9.18085321513044
5.34029673268499
13.691120559587
5.75098673703064
9.68185636555852
14.1104403531713
7.667042979655
10.73730965051
5.61306583295923
10.5051488373657
14.9328341534284
8.99190092182264
9.03346143363265
14.9753850534678
6.44298592426692
5.18303348562943
12.9187660490449
12.8783857292946
7.16169035816026
10.6375320659227
5.97330802350702
5.56932913929071
14.9758845826902
12.7600990980426
11.5031270841177
14.4870984820786
5.65988166886432
9.05753581660909
7.64093223130002
5.02230997455473
5.22650191593115
10.0028380355065
9.56565133737032
13.7734281868329
14.7515549274751
8.61526177815259
10.1004587088708
8.29637030059638
5.38288906333645
13.4059254688857
8.94988978289503
12.7118630421281
13.3918536443174
7.1600846890733
8.827328229199
6.68866316366282
13.5954519651416
6.97883117676197
6.65538973111242
12.0039854324441
11.8773580785659
9.34335870552884
10.7448131616189
11.985439054986
11.3865663888054
12.3636170687147
11.635215340892
13.5884736526283
14.3937323506441
14.1032010108219
6.63186942884435
5.13185978593987
6.5653163911263
13.613119862555
5.06042049989966
11.7999899469692
8.73389954481527
10.4023119666478
14.3461516139858
12.5860419721145
8.90587307426657
10.5683221579957
13.8762241604141
6.19262213211792
12.8995180840738
5.43350015957859
8.86891991696579
11.0850633326392
5.97141081542009
8.39824935179602
9.85773897378545
14.8573879160295
14.3226991805171
10.7419780919722
12.3068979646329
5.31976672640961
7.52416727547595
6.89481495010518
10.8294585398972
7.48452152743513
6.05975831220841
7.34864360245926
7.53918566079296
13.1971305009646
7.61004565760647
9.63231585166353
10.2266223935084
7.80800834894553
10.2748088230391
14.6946205421597
11.591739048923
7.42196028763312
6.68727302546982
10.7856265224074
14.7386299308022
10.6762487306302
14.7996297244912
14.268705732202
11.4918500528775
6.42159218171597
7.11606179255382
9.05586148008561
5.09155147881639
12.183308858222
9.27258899878582
8.09610052399122
7.70610093231745
6.07415159922616
13.0271637763114
5.3575367501745
14.1151257212348
11.7870217047967
14.2086772929966
6.12311483897107
8.27004944965527
10.9603390919514
7.2336310991914
10.8819840518312
10.3823806508368
9.16703943300679
11.0981741190927
7.95685836605292
11.9450288068675
9.15113301606676
6.23194701370838
11.3806626641583
6.00778944147878
7.47949213693662
12.550083728909
5.38076690822529
9.71121420725306
7.71796686449086
9.20653069078635
8.86015770060692
8.2323259770958
6.98940111275391
12.5625027278205
5.91679206446237
13.9184447096774
7.64749053904728
7.89955697645498
10.6754738234066
8.57299742378234
10.0183129146861
14.4196143169972
7.52452277301485
5.44363762153143
8.80392065503796
8.02829224743435
14.4068467666203
8.27071499288269
8.95515022791034
11.3698736455638
7.64759538258599
12.2904661028097
14.3495686766756
7.8540919630753
13.1834459781858
12.6126570037201
7.90783254431887
6.78387647240339
10.253123966196
9.47258913383699
6.65108091293222
10.707181960208
11.2437594305633
11.3772059727354
8.21197561235587
11.5717247612543
6.1632030486359
13.2889801822844
13.0510677994303
8.68464184881517
7.77795798238882
12.8464878451924
11.9459709629737
14.3240552243485
9.01004616898846
13.6291928067442
9.89441136508868
10.1217560341301
9.89015532134702
7.76751166202119
13.8377790707882
7.09877018465269
7.39885957091994
11.4393006464884
8.35401947846403
13.2251568485648
14.196187728411
11.3235902172386
14.7648325078284
13.3398678812566
14.2413473185707
5.93094393303932
6.24705308416454
13.2292693835641
8.18657743973024
8.73909076896672
11.7102884054882
5.50680965297757
14.0156471797081
12.4350711191517
9.93852793709114
8.53339679238079
14.1149546015612
11.446410716959
8.51796139405198
9.91436252767007
14.0100822481865
8.86656663060297
10.1941023092689
14.1025972271542
5.05952730838797
10.9560529179943
13.5602371227106
11.4326799525394
6.56684120150875
13.1045620832822
13.3655868166752
9.29351921825761
6.51807671590391
14.2569105689075
5.88510730458323
13.4445322534548
13.2476122915759
14.741106918244
8.62293417515907
7.29959066203254
5.7239057326604
13.4601445355364
12.3242148355961
5.23059926322599
10.9772599795926
5.27559425447118
11.8007869707849
9.01173883205233
14.7838356661811
14.6870805804349
7.37465862875505
6.86570581805352
8.01807973208748
12.5127381222772
10.9487641345558
10.6309377546494
14.232495647661
12.4369497979321
7.92662257551679
5.35701347201718
7.27257315142895
11.1704634274388
10.0425722895188
8.45870682979115
12.146781111867
5.96803359781603
13.1917159794433
13.3847678485911
12.6237622070397
14.1648087551915
8.66244110709744
12.2520704198179
5.97547943654228
12.1716019204347
11.9022381482441
12.4726923818839
14.6231034498063
9.55960365416121
12.1839129494055
14.5873584949366
13.431261506873
5.1692610467641
5.17002245424551
11.3356427965522
12.242455655698
14.5094082559306
11.6837817191834
13.5767946377403
10.8707309093367
10.1086108619371
12.4009030725397
13.2563356959386
13.7818968426181
10.976830320866
14.4495520834123
6.17069904433994
7.16592708428471
9.53208279808276
11.1817771811983
9.22051445960283
12.0303436694503
13.303901666394
6.08789234715729
13.9979268760506
12.2952922168158
8.54698235852909
13.9273559611344
14.9555167006559
8.81398032347326
5.6768812940814
11.6210680948855
11.6887883044165
11.1944602394182
14.1657340334096
9.90757436009427
14.2637717486245
6.69278975303636
5.86680434992364
11.0762317665951
8.18426785770412
10.5767389097177
7.63276866394665
7.96910395042635
5.30006122957245
7.23703156329553
9.70712636055257
6.92388747435248
11.5761183179196
7.83446619079651
10.3913046659742
6.02231745271446
7.91739191574347
13.8991326686525
13.8562459404857
7.17010357458625
5.15634008690544
10.3895878242081
5.66920546924332
14.9352546405015
11.6500550712382
9.86157897043749
6.46381818529946
13.3312830849768
10.013564700646
11.1618251909439
14.5958183782017
13.7050193533292
6.04605823770422
8.75120965654016
5.11422346221491
8.63769995771469
12.311563156064
11.4740792264163
8.41241621035414
13.7351867182806
9.5829219857905
8.26217283756527
8.2933180244901
11.7115095009967
5.05150606392688
9.56187419102026
10.289086730623
8.87377569374077
9.45426754057791
11.3458454842089
12.3492057261452
10.4289573704978
13.186848191711
10.9948381300086
10.5128751958749
6.45092196289516
11.4024776541424
14.3125776762963
10.5583023193386
12.0453752079548
12.4117966381623
10.0539304406813
8.78700514467859
5.55225564289348
11.2012823664533
10.5524987881026
7.35381944710505
10.4922851113468
7.30913527349441
11.4833516214465
6.26973698091096
10.0818366711898
10.157510856622
8.41946724352332
14.4548999310986
9.7989592585825
11.701950738578
8.94791204722273
13.8446103335271
9.37341456685951
14.7252279766482
9.33038832379228
14.3953600294942
10.5541294496412
13.3479164436317
8.81208691657256
5.1946661412894
14.2799253945172
13.2261081055607
12.0606612272583
5.60781470853878
11.266314142034
