0.131589091827294
0.189415874084688
0.178298964733614
0.102783435737734
0.0427009510983964
0.166468310748257
0.641286928709718
0.373289285413705
0.181392980388864
0.055551721235588
0.596358050669153
0.541773419745823
0.203108324215151
0.0649314030805499
0.0971374463429129
0.210720478074251
0.222844036697268
0.0692273377661934
0.452743876778044
0.0321866846225021
0.194694891002456
0.278223213534233
0.0395598013635379
0.0681196868950451
0.13767612153859
0.0767182897062639
0.423931487248552
0.0439331706085397
0.106981735544167
0.0982652975338851
0.085488595236086
0.611181718710554
0.0206388351149087
0.347742614258067
0.158492551132071
0.472254019021989
0.133430687652549
0.280347613837222
0.257386583620928
0.391493140308057
0.210040400639684
0.212979547176161
0.22903206800774
0.0217060853463522
0.255605588755174
0.143012372695921
0.0381626125746948
0.302389529500886
0.0639954549280333
0.0614939819880647
0.03653985354768
0.0742639508459035
0.137440451140492
0.14835872401315
0.0320621159835071
0.0329643969362792
0.0677729147378159
0.093336419493312
0.150668293914663
0.228079286255365
0.102349128861221
0.0371121959431093
0.0937134921302913
0.178857840249151
0.320610217995124
0.17964228600286
0.126848750105211
0.0434685632522474
0.279516034003876
0.167030552983761
0.0578343573773452
0.0179521925763879
0.0736141738910874
0.122926521336609
0.0656215806750424
0.0312507364700139
0.09265970877874
0.0999082568807523
0.120788654153699
0.126064304351502
0.0451047891591827
0.0408761888729998
0.41538001851697
0.249797996801618
0.0746780574025934
0.0841250736470158
0.0629686053362661
0.0785733524114107
0.05661897146706
0.112940829896473
0.0934677215722672
0.118034677215718
0.0360988132312059
0.249276155205791
0.0812700951098577
0.123502230451976
0.325845467553251
0.436442218668475
0.0582821311337511
0.391311337429528
0.030752461913977
0.0727691271778497
0.0544609039643262
0.0154877535561013
0.0521580675027451
0.0305403585556974
0.0434786634121735
0.0635678814914513
0.0543902028448997
0.0824248800606142
0.0392668967258771
0.0664666273882801
0.0614670482282804
0.0314729399882197
0.116304183149566
0.0558479925932147
0.0330653985354843
0.0618037202255834
0.0323112532615255
0.020807171113546
0.172511573099911
0.173531689251746
0.0448994192408065
0.04680161602559
0.0596658530426737
0.0699949499200443
0.0709376315124928
0.0239584210083308
0.0599250904806183
0.0184235333726122
0.0317658446258804
0.0372165642622804
0.0404923827960602
0.073466038212274
0.126071037791434
0.103386078612914
0.0511211177510518
0.031371938389043
0.100164127598703
0.0687088628903325
0.0594840501641443
0.0257225822742271
0.0342942513256617
0.0472594899419221
0.181510815587927
0.0450172544398697
0.0469800521841535
0.0804923827960806
0.0623962629408368
0.0363647841090824
0.0541208652470289
0.080761720393923
0.0746140897230987
0.0760853463513342
0.0241705243666388
0.0653825435569502
0.0334963386920322
0.03653985354768
0.0334054372527532
0.0374488679404124
0.0185582021715334
0.0759372106725209
0.0556964901944355
0.0320957831832516
0.0668302331453674
0.0224905311000896
0.018480767612175
0.0255273125157771
0.028991667368075
0.0408155879134711
0.0497441292820611
0.0359439441124607
0.028675195690596
0.0853236259574146
0.0196557528827555
0.030516791515879
0.0414283309485768
0.0824215133406483
0.0284698257722482
0.0271601717027181
0.0679277838565895
0.108314956653487
0.112280952781759
0.0672712734618415
0.0278705496170346
0.0308467300732218
0.0439331706085397
0.0910807171113674
0.030752461913977
0.0290522683275753
0.115401902196794
0.0832901270936759
0.106254524029964
0.0779000084168047
0.0464380102685027
0.031371938389043
0.0329643969362792
0.018837639929302
0.02450046292401
0.0451889571585014
0.076166147630687
0.0485960777712364
0.129292988805673
0.137989226496103
0.0443641107650876
0.0165819375473575
0.0942083999663339
0.0580228936958349
0.0694832084841437
0.0560129618719145
0.0560499957915965
0.0757857082737132
0.0269716353842284
0.03545576971635
0.0591743119266255
0.0249381365204897
0.0337488426900165
0.0273891086608842
0.0237496843700171
0.0939659961282757
0.0810041242319812
0.0147235081222163
0.0531007490951936
0.0631032741351873
0.0129526134163882
0.0249246696405976
0.0173663833010664
0.0511413180708757
0.0621370255029206
0.018480767612175
0.0346982577224253
0.0279547176163817
0.033378503492969
0.0519695311842554
0.0567839407457313
0.0588679404090726
0.0305807591953737
0.0458421008332834
0.0378091069775337
0.018837639929302
0.028675195690596
0.0405967511152312
0.0293620065651226
0.024732766602142
0.029631344162965
0.0643354936453306
0.0410478915916315
0.0459027017927838
0.116960693544314
0.0862966080296417
0.0555719215554404
0.0312372695901217
0.041987206464114
0.0153025839575776
0.0802163117582779
0.0579757596161983
0.0224905311000896
0.0201607608787242
0.104985270600139
0.0758867098729183
0.0498821648009482
0.029543809443652
0.0255071121959531
0.0448792189209826
0.0179387256964958
0.0184403669724702
0.0583258984933934
0.0349844289201258
0.0139828297281497
0.0342673175658774
0.0386642538506976
0.037940409056489
0.0242041915663833
0.0262141233903037
0.0249246696405976
0.0282038548943717
0.0353413012372812
0.0278638161771028
0.0245644306035047
0.0205546671155616
0.0315705748674304
0.0363614173891165
0.0289512667283987
0.0647395000420943
0.0432025923743993
0.0253185758774634
0.0302407204780764
0.0133532530931859
0.03476222540192
0.0274901102600893
0.017628987458977
0.0590430098476702
0.0929054793367641
0.0599654911202947
0.0255542462755614
0.0252074741183606
0.0333852369329293
0.0192012456863893
0.0355500378755949
0.0234601464523223
0.0292340712061332
0.0263521589091908
0.037496002020049
0.0173764834609926
0.0184370002525043
0.0301397188788997
0.0305437252756633
0.0468588502651244
0.0653859102769161
0.0176222540190167
0.0583393653732855
0.01796565945628
0.0137471593300234
0.0913567881491417
0.0220562242235474
0.0265002945880042
0.0237261173301988
0.125522262435823
0.0999654911202867
0.0778629744970942
0.0554507196364114
0.0124880060600958
0.0164910361080786
0.0211842437505254
0.0625847992593265
0.0210967090312408
0.0359170103526765
0.021571416547431
0.0149760121202007
0.0196119855231132
0.030324888477395
0.0558412591532829
0.034654490362783
0.0774556013803647
0.0494545913643663
0.0139828297281497
0.0161240636310254
0.0264295934685777
0.0295976769632205
0.0495993603232137
0.0375667031394755
0.0178680245770693
0.0199621244003083
0.035970877872245
0.0291128692871041
0.0170465449036215
0.0313046039895823
0.0293014056055938
0.0237294840501647
0.0369371265045118
0.0221875263025026
0.0205513003955957
0.0213929803888675
0.0158277922733987
0.0125519737395905
0.0196490194428236
0.0669245013046122
0.0440442723676426
0.055002945879977
0.0284563588923561
0.0208913391128647
0.0158109586735122
0.0347352916421357
0.0286213281710275
0.025049238279621
0.0310049659119613
0.0166863058665285
0.0368529585051931
0.0401489773588253
0.0165045029879707
0.0211606767107355
0.0500101001599376
0.0221942597424629
0.0265709957074307
0.044848918441204
0.0236217490110278
0.0259582526723534
0.0313921387088669
0.0113904553488737
0.0515385910277075
0.0470945206632507
0.0460676710714552
0.0873200909014429
0.0299579160003418
0.0788460567292475
0.0715975086272351
0.0429736554162048
0.027234239542139
0.0268201329854492
0.023544314451641
0.0129526134163882
0.0192551132059577
0.0184572005723567
0.040886289032926
0.0413811968689686
0.0179117919367116
0.0222447605420371
0.0437884016496923
0.0164439020284419
0.0219316555845523
0.0310015991919954
0.0669750021042148
0.03323373453415
0.0487846140897261
0.0230696069354508
0.0159826613921439
0.0279513508963873
0.0149760121202007
0.0150972140392298
0.0384454170524577
0.0971744802626233
0.0369202929046537
0.0230292062957744
0.0201607608787242
0.0198207221614553
0.025156973318758
0.0247462334820341
0.0207297365541592
0.0179151586566775
0.0171206127430423
0.0665339617877407
0.0613525797491832
0.0606758690346112
0.0219821563841549
0.0241368571669227
0.0173764834609926
0.0327691271778576
0.0125519737395905
0.0335636730914928
0.0283115899335087
0.0205344667957377
0.0172586482619295
0.0150938473192639
0.0211909771904857
0.0197803215217789
0.018056560895559
0.017948825856422
0.0267056645063519
0.0154877535561013
0.0124880060600958
0.0346241898830044
0.0164809359481524
0.0348733271610229
0.0152621833179012
0.0279547176163817
0.0150904805992695
0.024517296523868
0.0451451897988591
0.0179723928962403
0.0177198888982559
0.0452461913980358
0.0343649524450882
0.0208475717532224
0.0273857419409183
0.0204267317566007
0.00786886625706984
0.0213795135089754
0.0167570069859551
0.0314561063883616
0.0405933843952653
0.027341974581276
0.0220663243834736
0.0252983755576111
0.0212886120696965
0.053349886373212
0.0416000336672084
0.0159456274724334
0.0279143169767053
0.0228575035771428
0.0244768958841917
0.0285337934517429
0.0130165810958829
0.012477905900198
0.0126529753387956
0.0408526218331815
0.0493603232051214
0.0160365289117124
0.0152251493982192
0.0367990909856246
0.0244768958841917
0.0174034172207769
0.0309712987122452
0.0167233397862105
0.0153833852369303
0.0492626883259106
0.0313450046292587
0.026490194428078
0.0324459220604467
0.0151376146789062
0.0347958926016361
0.021766686305881
0.0107272115141939
0.025281541957753
0.0180700277754511
0.0156897567544831
0.0393678983250538
0.0264800942681802
0.0180329938557406
0.0150938473192639
0.0184740341722147
0.0215175490278625
0.0191945122464574
0.0285068596919587
0.0254027438767821
0.0142521673259921
0.0333919703728611
0.0246957326824315
0.0252041073983662
0.0205007995959932
0.0234399461324983
0.0080001683359967
0.0142151334062817
0.0158614594731148
0.0151477148388324
0.0506127430351171
0.0434449962124575
0.0169792105041608
0.0205209999158456
0.0407684538338629
0.0304427236764582
0.0223827960609526
0.0200227253598371
0.0124038380607772
0.0153833852369303
0.039273630165809
0.0606354683949348
0.0316917767864595
0.0447075162023509
0.0299208820806314
0.0213896136689016
0.0107002777544096
0.0116833599865345
0.0241334904469284
0.0332472014140421
0.0307659287938691
0.0249314030805579
0.014130965406963
0.0333919703728611
0.034018180287859
0.0541511657268074
0.00924922144602647
0.0239988216480072
0.017753556097972
0.0148514434812057
0.0194806834441579
0.0225780658193742
0.0213256459894069
0.0143094015655265
0.0126900092584776
0.0201035266391898
0.0129627135763144
0.0117001935863925
0.0207364699941195
0.046710714586311
0.0401624442387174
0.00960609376315347
0.0185582021715334
0.0210462082316383
0.0163395337092993
0.0256619813146983
0.0400244087198018
0.0332068007743658
0.0479126336167042
0.0535586230115257
0.0187400050500912
0.0230898072552748
0.0361560474707687
0.042876020536994
0.0827985859776277
0.0932791852537775
0.019069943607434
0.0143363353253108
0.0182619308139067
0.0182484639340146
0.0179084252167456
0.01841006649272
0.0207937042336539
0.021143843110849
0.0176592879387272
0.0154978537160275
0.0311598350307349
0.0119055635047687
0.0156897567544831
0.0138717279690468
0.0152554498779693
0.0111985523104181
0.0543733692450132
0.0146292399629715
0.0134407878124705
0.0704730241562288
0.0230224728558142
0.0175279858597719
0.0250795387593712
0.0548750105210161
0.0376946384984365
0.0560735628314148
0.0348733271610229
0.0297155121622836
0.0471685885026716
0.0698670145610834
0.0197432876020684
0.0198813231209556
0.035098897399223
0.0149423449204562
0.011717027186279
0.0559691945122438
0.0331967006144396
0.0329475633364211
0.0143397020452767
0.0127741772578247
0.0445627472435035
0.0331933338944737
0.0335636730914928
0.0139323289285471
0.0393072973655535
0.0123668041410667
0.0107002777544096
0.0112153859102762
0.0120974665432243
0.0142151334062817
0.0179892264960984
0.0171037791431843
0.0267696321858466
0.0180632943354908
0.0161476306708153
0.0210293746317802
0.0147672754818586
0.0133364194933279
0.0252175742782583
0.0130435148556671
0.0150433465196613
0.0651435064388579
0.0214232808686177
0.108641528490864
0.0194369160845156
0.0248506018012051
0.0266416968268857
0.010508374715954
0.0148649103610978
0.0275776449793739
0.0318533793451934
0.0230628734954905
0.0419838397441481
0.0172249810622134
0.0412768285497975
0.00786886625706984
0.0109662486322861
0.0383814493729631
0.0223457621412422
0.0446536486827824
0.0308332631933297
0.0153227842774299
0.0464346435485368
0.0125923743792669
0.0121984681424294
0.0410411581516712
0.0843304435653636
0.0490270179277843
0.018181129534554
0.0173529164211743
0.024412928204697
0.026685464186528
0.0290219678478252
0.0241166568470703
0.0263555256291568
0.033486238532106
0.00885531520916061
0.0109797155121782
0.0154035855567827
0.0189386415285071
0.0205277333557774
0.0448926858008747
0.0304359902365263
0.0126395084589035
0.011754061105961
0.0192483797660259
0.0155382543557039
0.0120907331032925
0.0076668630586596
0.0115890918272896
0.018588502651312
0.0127842774177225
0.0126428751788694
0.0223322952613501
0.0166425385068578
0.0120166652638716
0.0110504166316048
0.011858429425132
0.014558538843545
0.00805740257555954
0.0142050332463555
0.0102727043178277
0.0134037538927885
0.0226790674185793
0.0157806581937621
0.0498787980809823
0.0493603232051214
0.0135922902112782
0.00993939904049057
0.0141242319670027
0.0122792694217821
0.0155618213955222
0.00789243329685974
0.0109595151923259
0.0129728137362122
0.0109999158320022
0.0292340712061332
0.0466029795471741
0.0436840333305213
0.0200631259995134
0.0225410318996921
0.0308433633532559
0.0706615604747185
0.0330014308559896
0.0246317650029653
0.0134205874926465
0.0233019106135828
0.0123062031815664
0.0223087282215317
0.0141578991667473
0.0411657267906946
0.0318264455854091
0.0156022220351986
0.00821227169430472
0.0131344162949461
0.00891591616868936
0.0113332211093393
0.0112524198299866
0.0168950425048422
0.0112961871896289
0.0554776533961956
0.0597230872822365
0.0599284572005843
0.0092424880060662
0.0586558370507646
0.0103703391970384
0.0105521420755963
0.0227666021378639
0.00888898240890512
0.0462764077097972
0.0348901607608809
0.0363176500294742
0.0177838565777222
0.0239887214881094
0.0206321016749484
0.0142791010857763
0.00977779648178512
0.0200833263193374
0.0278806497769608
0.0090539516875765
0.0113130207895153
0.0101750694386169
0.011397188788834
0.0148985775608139
0.0340484807676091
0.040586650955305
0.0629820722161583
0.0173293493813844
0.0403105799175307
0.0246923659624656
0.00903375136772411
0.00816850433466243
0.0120907331032925
0.00841764161265246
0.00757932833937502
0.00816850433466243
0.0107541452739781
0.0133902870128964
0.0207263698341933
0.0257663496338694
0.0203795976769641
0.0450340880397277
0.0231672418146616
0.0294764750441914
0.00979799680160909
0.0170162444238713
0.0118718963050242
0.00904048480768438
0.013067081895457
0.0117069270263528
0.00888224896894485
0.0086196448110627
0.00986196448110377
0.00864657857084694
0.0101616025587248
0.012498106220022
0.0187433717700571
0.0279749179362057
0.00922565440620815
0.0130435148556671
0.00891591616868936
0.0106666105546651
0.0109931823920704
0.016228431950168
0.0145013046040106
0.00891254944869502
0.00926268832591859
0.00979126336167724
0.0123466038212428
0.00994949920041677
0.00910108576718471
0.00864657857084694
0.0078419324972856
0.0134239542126124
0.0157436242740516
0.00812473697502014
0.00822573857419684
0.00871727969027347
0.010420839996641
0.0159456274724334
0.0161139634710992
0.0132320511741568
0.0151712818786507
0.00958926016329542
0.0190800437673602
0.0167469068260289
0.0118617961451264
0.0127371433381143
0.0144811042841582
0.00861291137110243
0.00873074657016559
0.00717868866257732
0.00821563841427064
0.00903375136772411
0.00757932833937502
0.0126698089386537
0.0151241477990141
0.00789916673682001
0.00798333473613866
0.00812810369498607
0.0092424880060662
0.00991246528070633
0.00876778048987603
0.0167671071458813
0.00892264960862121
0.0127203097382562
0.0157133237943015
0.0123533372611746
0.0104848076761357
0.0159422607524675
0.00815840417473623
0.0124274051005955
0.0102188367982592
0.0101784361585828
0.00768369665854607
0.00921892096624788
0.00863984513088667
0.0162587324299466
0.0138481609292285
0.0147268748421823
0.00950845888394269
0.00843784193250485
0.0363849844289348
0.0406876525545101
0.00803720225570714
0.00901018432793421
0.00763319585894351
0.00840754145275469
0.00911455264707683
0.00753219425973839
0.0100336671997354
0.0084445753724367
0.00761299553909112
0.00810453665516775
0.00917178688663967
0.00871391297030755
0.00785203265718337
0.0076769632185858
0.00792273377663832
0.00786886625706984
0.00892264960862121
0.00798333473613866
0.00834020705329408
0.00760962881912519
0.0370852621833251
0.00850517633196546
0.00851190977192573
0.0074109923407093
0.00825940577394135
0.00916168672671347
0.0287862974497273
0.00849844289203361
0.00838734113290229
0.00884858176922876
0.00968689504250619
0.0070440198636561
0.00788906657689381
0.00864657857084694
0.00793620065653045
0.0081651376146965
0.0087206464102394
0.00836714081307832
0.00898661728811589
0.0078419324972856
0.00806076929552546
0.00946469152430041
0.0079328339365361
0.00783856577729125
0.00825267233398108
0.0095858934433295
0.00748506018013018
0.00866341217070499
0.00752882753977246
0.00778469825772277
0.010208736638333
0.00749516034005637
0.00899671744804209
0.00872401313020532
0.00872401313020532
0.00800353505599105
0.00771063041833031
0.00733355778135092
0.00895631680836573
0.00862301153102862
0.00770389697837004
0.00815167073480438
0.00854894369160775
0.00804056897567307
0.0077543977779726
0.00781499873750136
0.00821563841427064
0.00820553825437287
0.00807760289538351
0.00787559969700169
0.00830990657351549
0.00779816513761489
0.00862974497096047
0.00710798754315078
0.0080001683359967
0.00813483713491792
0.00727295682182216
0.00838734113290229
0.00789243329685974
0.00783519905732533
0.0078419324972856
0.00771736385826216
0.00711472098308263
0.00746485986027778
0.0077644979378988
0.00735712482114081
0.00759616193923307
0.00862974497096047
0.0078217321774332
0.00747832674016991
0.00802710209578095
0.00755239457959078
0.00727295682182216
0.00805740257555954
0.00782509889739913
0.00796986785624654
0.00880144768959212
0.00833684033329973
0.00919872064642391
0.00955895968354525
0.00743119266056169
0.0082863395337256
0.00753892769969866
0.00759616193923307
0.00703055298376398
0.00839070785286822
0.00774766433801233
0.00740762562074337
0.00821563841427064
0.00780826529754108
0.00776113121790445
0.00758606177930687
0.00794966753642257
0.00777796481779092
0.0069665853042693
0.00754229441966459
0.00786213281710957
0.00772409729822243
0.00882164800944452
0.00824593889404923
0.0073099907415326
0.00921218752631603
0.00974749600203495
0.0078419324972856
0.00762982913897758
0.00744465954045381
0.00756249473951698
0.00761299553909112
0.00770053025840411
0.00840080801279441
0.00956905984344303
0.00735375810117489
0.00709788738322459
0.00928625536570848
0.00966332800268788
0.00785876609714364
0.00726285666189597
0.00810116993520182
0.0074109923407093
0.00768369665854607
0.00751536065988034
0.00772073057822809
0.00769379681844384
0.00754902785962486
0.00746822658027213
0.00702718626379806
0.00834357377326
0.00694638498444533
0.00753219425973839
0.00659624610725018
0.00799680161603078
0.00734365794124869
0.00718542210253759
0.00880818112955239
0.00719888898242971
0.00752882753977246
0.00753892769969866
0.00792610049660425
0.00736722498106701
0.0095858934433295
0.00783519905732533
0.0082661392138732
0.0075658614594829
0.00744465954045381
0.00749516034005637
0.00753892769969866
0.00705075330358795
0.00710798754315078
0.007155121622759
0.00712818786297476
0.00694975170441126
0.00751536065988034
0.00733355778135092
0.00851527649189165
0.00735039138120897
0.00780153185758081
0.00699351906405354
0.00729315714167456
0.00860281121117623
0.00816177089470216
0.00792946721657017
0.00705748674354822
0.00727295682182216
0.00821900513426499
0.00712145442304291
0.00744465954045381
0.00888898240890512
0.00711135426311671
0.00794630081642822
0.00700361922397974
0.00782509889739913
0.00762982913897758
0.00748169346016425
0.00776786465786472
0.00721908930225368
0.00812137025502579
0.00685211682520048
0.00714838818282715
0.00873074657016559
0.00712145442304291
0.00709115394326432
0.00742445922060142
0.00708778722329839
0.00716185506271927
0.00691271778470082
0.00729315714167456
0.00892264960862121
0.00691608450466674
0.00760626209915927
0.00762646241898324
0.0085321100917497
0.00724602306203792
0.00666021378671644
0.00735039138120897
0.00746485986027778
0.00732345762142472
0.00743455938052762
0.00701708610387186
0.00843784193250485
0.0073099907415326
0.00898998400808182
0.00705075330358795
0.00732682434139065
0.0074985270600223
0.007242656342072
0.00822910529416276
0.00943102432455589
0.00911455264707683
0.00750862721994849
0.00820890497433879
0.00713155458294068
0.00714165474286688
0.00674438178606351
0.00738405858092506
0.00843784193250485
0.00841090817272061
0.00725948994193004
0.0074210925006355
0.00746485986027778
0.00673428162613732
0.00737395842102728
0.00717868866257732
0.00769716353843819
0.00767022977865395
0.0068655837050926
0.00722918946217987
0.007155121622759
0.00726959010185624
0.00670398114638715
0.00760626209915927
0.00702045282383779
0.00743119266056169
0.00790253345678593
0.00705748674354822
0.00729652386164048
0.00681844962545597
0.00743455938052762
0.00732345762142472
0.00748169346016425
0.0069766854641955
0.00843784193250485
0.00717868866257732
0.00691608450466674
0.00728979042168021
0.00662317986703442
0.00798333473613866
0.00684201666527429
0.00851190977192573
0.00725275650199819
0.00694975170441126
0.0069665853042693
0.00717868866257732
0.0073200909014588
0.00708442050333247
0.00713492130293503
0.00740089218081152
0.0069665853042693
0.00687905058498473
0.00659287938725583
0.00728305698174836
0.00747159330023806
0.0103299385573621
0.00710125410319051
0.00726622338189031
0.00720898914232748
0.00780153185758081
0.00797660129620681
0.00785203265718337
0.0068655837050926
0.00679488258563765
0.00692618466459294
0.00685548354516641
0.00781163201750701
0.00863311169095482
0.00789916673682001
0.00777459809779657
0.00692618466459294
0.00673091490617139
0.00681171618552412
0.00812810369498607
0.00726622338189031
0.00652554498779523
0.00736049154113516
0.00628650786970297
0.00707432034340627
0.00687905058498473
0.00686221698509826
0.00672418146621112
0.0073099907415326
0.00741772578066957
0.00706085346351415
0.00665348034678459
0.00699688578401947
0.00677131554584776
0.00711472098308263
0.00957242656343738
0.00706422018348007
0.00961956064304559
0.00840754145275469
0.00668041410656883
0.00821563841427064
0.00669388098646095
0.0069665853042693
0.00699351906405354
0.00807086945545166
0.00792946721657017
0.00712145442304291
0.00717868866257732
0.0073099907415326
0.0070541200235823
0.00773083073815428
0.00691608450466674
0.00666694722667671
0.00653564514772143
0.00661981314704008
0.00745812642034593
0.00690598434476897
0.00698005218416142
0.00727969026178243
0.00743119266056169
0.00708778722329839
0.00731672418146445
0.00677131554584776
0.00723928962210607
0.00826277249390728
0.00685548354516641
0.00687905058498473
0.0079328339365361
0.00701371938390594
0.00664674690682432
0.00693628482451913
0.00665011362681867
0.00660297954718203
0.00700361922397974
0.00736049154113516
0.00741435906070365
0.0072325561821458
0.0065221782678293
0.00612490531099752
0.00784529921725152
0.00729989058160641
0.0066097129871423
0.00676121538592156
0.00698005218416142
0.00732682434139065
0.00650197794800533
0.00721572258228775
0.00678478242573988
0.00704738658362203
0.00747159330023806
0.00685211682520048
0.00699688578401947
0.00925932160592424
0.00695985186433745
0.00690598434476897
0.00792946721657017
0.00655584546757382
0.00718878882250351
0.00656257890750567
0.00869707937042108
0.00750526049995415
0.00654574530764762
0.00701035266391159
0.00606430435149719
0.00757932833937502
0.00803383553574122
0.00696995202423523
0.00752882753977246
0.00754902785962486
0.00676458210588748
0.00721908930225368
0.00717868866257732
0.0073874253009194
0.00675448194596129
0.00695985186433745
0.00737732514099321
0.00680498274556385
0.00638414274894217
0.00751872737984627
0.00803046881577529
0.00698341890412735
0.00728642370171428
0.00607103779142903
0.00668378082653476
0.00734365794124869
0.00668378082653476
0.00718542210253759
0.00663664674692654
0.00727295682182216
0.00651207810790311
0.00622927363016856
0.00695985186433745
0.00650534466797126
0.00664338018685839
0.00691271778470082
0.0074109923407093
0.00653564514772143
0.00771736385826216
0.00686895042505853
0.00611817187106567
0.00628987458969732
0.00673091490617139
0.00589260163286554
0.00708442050333247
0.00637067586905005
0.00655247874757947
0.00662654658700035
0.00621580675027644
0.00721572258228775
0.00656594562747159
0.00629324130966324
0.00650197794800533
0.00645147714840277
0.0066097129871423
0.00743119266056169
0.00658951266728991
0.00674774850602944
0.0064548438683687
0.00740762562074337
0.00700361922397974
0.00679488258563765
0.00659287938725583
0.00710798754315078
0.00694638498444533
0.00667704738660291
0.00735375810117489
0.00722918946217987
0.0063437421092658
0.0061888729904922
0.00708105378336654
0.00709452066325866
0.00658614594732398
0.00709452066325866
0.00628314114973705
0.0070541200235823
0.00634037538927146
0.0069766854641955
0.0058320006733652
0.0064447437084425
0.00773083073815428
0.00647504418822109
0.00654911202761355
0.00765339617876748
0.00646831074826082
0.00719215554246944
0.00641444322869233
0.00716522178268519
0.00866004545073906
0.00629324130966324
0.00642117666862418
0.00734702466124304
0.00626294082991308
0.00718205538254324
0.00648514434811887
0.00662654658700035
0.00686895042505853
0.00635047554919765
0.00655584546757382
0.00672418146621112
0.00646831074826082
0.00653564514772143
0.00721572258228775
0.00650534466797126
0.00680161602559792
0.00649187778807914
0.00615520579077611
0.00643464354851631
0.00641780994865826
0.00585893443314944
0.00609797155121328
0.0063437421092658
0.0074109923407093
0.00621244003031052
0.00614510563084991
0.00708778722329839
0.00684201666527429
0.0068992509048087
0.00661644642707415
0.007242656342072
0.00624947395002096
0.00623600707012884
0.00826950593383913
0.00646831074826082
0.00675111522599536
0.00629660802962917
0.00664674690682432
0.00590270179279173
0.00609797155121328
0.00648514434811887
0.00625957410991873
0.00580170019358661
0.0072325561821458
0.00641107650872641
0.00605420419157099
0.00611817187106567
0.00635047554919765
0.00702045282383779
0.00702718626379806
0.00616530595067388
0.00680834946552977
0.00614847235081584
0.00573099907416008
0.00638414274894217
0.00614510563084991
0.00609797155121328
0.00611817187106567
0.00607777123138931
0.00642117666862418
0.00606767107146311
0.00646494402829489
0.00698678562412169
0.00660297954718203
0.00648851106811321
0.00666694722667671
0.00624947395002096
0.00617540611060008
0.00632690850937934
0.00634710882923173
0.00647504418822109
0.00641780994865826
0.00725948994193004
0.0067208147462452
0.00636057570912385
0.00606430435149719
0.00616530595067388
0.00609797155121328
0.006710714586319
0.00645821058833462
0.00616530595067388
0.0062764077098052
0.00598350307214446
0.00829980641361772
0.00904048480768438
0.00543136099656749
0.00638750946890809
0.0060003366720025
0.00693291810455321
0.00648177762815294
0.005821900513439
0.00623937379009476
0.00609797155121328
0.00632690850937934
0.00592963555257597
0.00639087618887402
0.00613163875095779
0.00603063715175267
0.00647841090818702
0.00619223971045813
0.00633700866930553
0.00647504418822109
0.00639424290883994
0.00632690850937934
0.00646831074826082
0.00615520579077611
0.00626294082991308
0.00635720898915793
0.00684875010520614
0.00604073731167887
0.00616193923070796
0.00605757091153691
0.00614173891088399
0.0058320006733652
0.0061989731504184
0.00635384226916358
0.00621244003031052
0.00649861122801099
0.00639424290883994
0.00638414274894217
0.00589260163286554
0.00613163875095779
0.00615857251074203
0.00633700866930553
0.00605083747160506
0.00573099907416008
0.00606430435149719
0.00622927363016856
0.00603063715175267
0.0058320006733652
0.0065221782678293
0.00703391970372991
0.00633364194933961
0.00613837219088964
0.00597676963218419
0.00599023651207631
0.00632017506944749
0.00636394242908978
0.00576466627387617
0.00620907331034459
0.00628987458969732
0.00610133827120762
0.00638414274894217
0.00583873411329705
0.00612490531099752
0.00605757091153691
0.00604073731167887
0.00587576803300749
0.00595993603232614
0.00568049827455752
0.00601380355189463
0.0059229021126157
0.00674438178606351
0.00645821058833462
0.00586903459304722
0.00663664674692654
0.0066097129871423
0.0064447437084425
0.00791936705664398
0.00639424290883994
0.00588250147293934
0.00591953539264978
0.00620233987038432
0.00650871138793718
0.00648851106811321
0.00549196195606783
0.00601717027186055
0.00558623011531267
0.00668714754650068
0.00601717027186055
0.00613500547092372
0.00578486659372857
0.00568049827455752
0.00596330275229207
0.00613163875095779
0.00644137698847658
0.00642791010858446
0.00578486659372857
0.00613500547092372
0.00653901186768735
0.0060205369918549
0.00599360323207065
0.00602390371182082
0.00562999747495496
0.00634037538927146
0.0059229021126157
0.00573099907416008
0.00577139971383644
0.00602390371182082
0.00607777123138931
0.00565356451477328
0.00584883427322325
0.00574109923408628
0.00586230115311537
0.00541789411667537
0.00614847235081584
0.00603400387174702
0.00641444322869233
0.005821900513439
0.00553909603570446
0.0061114384311054
0.00631344162948722
0.00691608450466674
0.00610470499117355
0.00675111522599536
0.00583536739333113
0.00676458210588748
0.00608113795135523
0.00590270179279173
0.00581853379347308
0.0061114384311054
0.00683191650534809
0.00587240131304156
0.00668714754650068
0.00578823331369449
0.00594646915243402
0.00572763235419416
0.00650197794800533
0.00599696995203658
0.00762982913897758
0.00593636899250782
0.00617203939063415
0.005821900513439
0.00630334146958944
0.0054111606767151
0.00635720898915793
0.00690261762477462
0.00587576803300749
0.00573099907416008
0.00569733187441557
0.00608450467132116
0.00649524450804506
0.00656594562747159
0.00566029795473355
0.00615857251074203
0.00604073731167887
0.00553572931571011
0.00585220099318917
0.00665011362681867
0.00580170019358661
0.0068891507448825
0.00555929635552843
0.00626967426984493
0.00602727043178675
0.00588923491289961
0.00543809443649934
0.00543136099656749
0.00588250147293934
0.00635384226916358
0.00587913475297341
0.00555929635552843
0.00598013635217853
0.00560306371517072
0.00665684706675052
0.00638750946890809
0.0053101590775384
0.00623937379009476
0.00658951266728991
0.00587913475297341
0.00576803299387052
0.00633027522937368
0.00603063715175267
0.00557276323542055
0.00552899587577826
0.00551889571585207
0.00679488258563765
0.00660297954718203
0.00576129955391025
0.00613837219088964
0.00613837219088964
0.0067208147462452
0.00589933507282581
0.00700025250401382
0.00578149987376264
0.00606767107146311
0.00585220099318917
0.00606767107146311
0.0054212608366413
0.00576129955391025
0.00700025250401382
0.00554246275567039
0.00729652386164048
0.00575793283394432
0.00598350307214446
0.0060878713913155
0.0059229021126157
0.00649861122801099
0.00569733187441557
0.00654911202761355
0.0060205369918549
0.00553572931571011
0.00610133827120762
0.00544819459642554
0.00553909603570446
0.00563673091491523
0.00588250147293934
0.00661307970710823
0.00594646915243402
0.00648177762815294
0.00604747075163914
0.00564683107484143
0.00516875683865692
0.00602390371182082
0.00559296355527295
0.00546839491624951
0.00577813315376829
0.00659961282721611
0.00661307970710823
0.00574783267401813
0.00553909603570446
0.00571753219426796
0.00570406531437584
0.00642791010858446
0.00571416547430204
0.00611817187106567
0.00586566787308129
0.0060878713913155
0.00574109923408628
0.0060878713913155
0.00531352579750433
0.0065423785876817
0.00619560643045247
0.00569059843448372
0.00599023651207631
0.00827287265383347
0.0058555677131551
0.00574783267401813
0.00757932833937502
0.00573436579412601
0.00564683107484143
0.00548522851613598
0.0054212608366413
0.00582863395337085
0.00553572931571011
0.00524955811800965
0.00579496675365476
0.0056771315545916
0.00557949667538082
0.00656257890750567
0.00634710882923173
0.00560643043516507
0.00543472771653342
0.00559633027523887
0.00556266307549436
0.00551216227592022
0.00587576803300749
0.00650197794800533
0.00580843363354688
0.00548186179614163
0.00551552899588614
0.00558286339534675
0.00545829475635173
0.00573773251409193
0.00541789411667537
0.00570406531437584
0.00556266307549436
0.00587913475297341
0.00561316387509692
0.00546502819628358
0.00589933507282581
0.00605757091153691
0.00621244003031052
0.00536402659710689
0.00547176163624385
0.00601380355189463
0.00518895715850931
0.00655921218753974
0.00552899587577826
0.00567039811463133
0.00586903459304722
0.00559633027523887
0.00573436579412601
0.00606767107146311
0.00521589091829355
0.0056771315545916
0.00515865667873072
0.00553572931571011
0.00577139971383644
0.00580506691355254
0.00561316387509692
0.00552226243581799
0.0054784950761757
0.00507112195944615
0.00546502819628358
0.00547512835620978
0.00536402659710689
0.00554246275567039
0.00537076003703874
0.00639760962883429
0.00578486659372857
0.00547176163624385
0.00571079875430769
0.00613837219088964
0.00611480515109974
0.00591616867268385
0.00583873411329705
0.00618213955056035
0.00543472771653342
0.00610133827120762
0.00651544482789745
0.00560979715513099
0.00579160003366042
0.00611817187106567
0.00576466627387617
0.00568049827455752
0.00553236259574419
0.00552226243581799
0.00514855651883295
0.00561316387509692
0.00537076003703874
0.0054986953960281
0.00566029795473355
0.00552899587577826
0.00548186179614163
0.00577139971383644
0.00551216227592022
0.00546502819628358
0.00651207810790311
0.0058555677131551
0.00540779395674917
0.00559969699520479
0.00543472771653342
0.00533035939736237
0.00524955811800965
0.00605757091153691
0.00654911202761355
0.00591280195271793
0.00537412675700466
0.00560306371517072
0.00674101506606917
0.00545156131639146
0.00543136099656749
0.00521589091829355
0.00536739331707281
0.00551552899588614
0.00587240131304156
0.00539096035689113
0.00513845635890675
0.00536402659710689
0.00539096035689113
0.00531689251747025
0.0056771315545916
0.00583873411329705
0.00578486659372857
0.00500042083999119
0.0054986953960281
0.00539432707685705
0.0056569312347392
0.00567039811463133
0.00554246275567039
0.00492298628063281
0.00548522851613598
0.00519905731840709
0.00560979715513099
0.00585220099318917
0.00610470499117355
0.00534045955728857
0.0057545661139784
0.00547512835620978
0.00543472771653342
0.00605083747160506
0.00502398787980951
0.00525629155796992
0.0054111606767151
0.00598350307214446
0.00556939651545463
0.006710714586319
0.00566366467469948
0.00572426563419981
0.00610470499117355
0.00529669219764628
0.00576129955391025
0.00531352579750433
0.00547176163624385
0.00548522851613598
0.00538422691693086
0.0054885952361019
0.00619560643045247
0.00547176163624385
0.00542462755660722
0.0051350896389124
0.00484218500128009
0.00525965827793584
0.00547512835620978
0.00602390371182082
0.00630670818955537
0.00607777123138931
0.00596666947228641
0.00518895715850931
0.00572089891423389
0.0048792189209621
0.00550206211599402
0.00533035939736237
0.00524619139804372
0.00564346435484708
0.00537412675700466
0.00515192323879887
0.00520579075836736
0.00516539011869099
0.00516202339872507
0.00689251746487685
0.00498022052016722
0.00551889571585207
0.00512835619898055
0.00608113795135523
0.00592963555257597
0.00576466627387617
0.00526975843786204
0.00601717027186055
0.00616193923070796
0.00519232387847524
0.00536739331707281
0.00577139971383644
0.00580506691355254
0.00573773251409193
0.00538422691693086
0.00511825603905436
0.00558623011531267
0.00510815587912816
0.0057545661139784
0.00588250147293934
0.0054986953960281
0.00576129955391025
0.00568723171451779
0.0051350896389124
0.00564683107484143
0.00523609123811752
0.00586566787308129
0.00491961956063847
0.00542799427657314
0.0060878713913155
0.00531352579750433
0.00494318660045678
0.00511488931908843
0.00597676963218419
0.0049768538002013
0.00551552899588614
0.00573099907416008
0.00525292483797557
0.00521925763825948
0.00515865667873072
0.00529669219764628
0.0050677552394518
0.00517885699858311
0.00561653059506284
0.00532699267739645
0.00521925763825948
0.00575119939398405
0.00569733187441557
0.00499368740005934
0.00565019779480735
0.00527985859775981
0.0054986953960281
0.00507448867941207
0.00521252419829921
0.00575119939398405
0.00542462755660722
0.00477821732178541
0.00512162275902028
0.00519905731840709
0.00546839491624951
0.00519569059844116
0.00517549027861719
0.00560979715513099
0.00564346435484708
0.00536065987711254
0.00493981988049086
0.0056771315545916
0.00514855651883295
0.00510815587912816
0.00512162275902028
0.00516539011869099
0.00516202339872507
0.00518895715850931
0.00503072131976978
0.00507448867941207
0.00521252419829921
0.00524619139804372
0.00549196195606783
0.00524955811800965
0.00493981988049086
0.00493645316052493
0.00603737059171294
0.00582526723340493
0.00519232387847524
0.0055660297954887
0.00493981988049086
0.00506438851948587
0.00608113795135523
0.00477485060181948
0.00610133827120762
0.00468058244257463
0.00552899587577826
0.00537749347699901
0.00475128356200116
0.00553572931571011
0.00508122211934392
0.0053000589176122
0.00577139971383644
0.00516539011869099
0.00516202339872507
0.00584546755325732
0.00538422691693086
0.00521925763825948
0.00523945795808345
0.00567039811463133
0.00491961956063847
0.00512162275902028
0.00685548354516641
0.00510478915916224
0.00484218500128009
0.00555256291559658
0.00578823331369449
0.0057444659540522
0.0051350896389124
0.00509805571923039
0.00508795555930419
0.00520242403840143
0.00632354178941341
0.00483208484135389
0.00619560643045247
0.00527649187779389
0.00494318660045678
0.0052226243582254
0.00521252419829921
0.00507448867941207
0.00508458883933827
0.00527649187779389
0.00495328676038298
0.00512498947901463
0.00523945795808345
0.00545156131639146
0.00535392643718069
0.00552226243581799
0.00565356451477328
0.00502398787980951
0.00474455012204089
0.00475128356200116
0.00486911876106433
0.00499032068009342
0.00507112195944615
0.00500715427995146
0.00500042083999119
0.00489268580085422
0.00595320259239429
0.00573436579412601
0.00550879555592587
0.00500042083999119
0.00475801700193301
0.00605083747160506
0.00531352579750433
0.0049566534803489
0.00505092163959375
0.00531352579750433
0.00513845635890675
0.00564346435484708
0.00521589091829355
0.00550206211599402
0.00524619139804372
0.00446174564430635
0.00514855651883295
0.00505765507955402
0.00509805571923039
0.00493645316052493
0.00587913475297341
0.00474118340207497
0.00606430435149719
0.00503745475970163
0.00548522851613598
0.00494318660045678
0.00502735459977544
0.00485228516117786
0.00481525124149584
0.00585220099318917
0.00501725443987766
0.00479841764160938
0.0048792189209621
0.00489268580085422
0.00522935779818567
0.00516202339872507
0.00461324804311403
0.00474118340207497
0.00491288612070662
0.00538759363689678
0.00660297954718203
0.0064447437084425
0.00535729315714661
0.0049768538002013
0.00525965827793584
0.00487585220099618
0.00474118340207497
0.0048118845215015
0.0048893190808883
0.00550206211599402
0.00524955811800965
0.00574783267401813
0.00492635300059874
0.00527649187779389
0.00473781668210904
0.00486238532110406
0.00502062115984359
0.00535729315714661
0.00526975843786204
0.00535055971721476
0.00502398787980951
0.00503408803973571
0.00493645316052493
0.00496002020031483
0.00492635300059874
0.0047007827623986
0.00527649187779389
0.00490615268074635
0.00483881828128574
0.00474118340207497
0.00461661476307995
0.0049768538002013
0.00485565188117221
0.00500378755998554
0.00438094436495362
0.0051451897988386
0.00472771652218285
0.0050441881996619
0.00490951940074069
0.00501052099991739
0.00478495076171725
0.00486238532110406
0.00488595236092237
0.00501725443987766
0.00473108324214877
0.00464018180289827
0.00559296355527295
0.00466038212272224
0.00473108324214877
0.00469068260247241
0.00466038212272224
0.00482198468142769
0.00466038212272224
0.00477821732178541
0.00455264708358527
0.00517212355862284
0.00501052099991739
0.0047883174817116
0.00482198468142769
0.00457958084336951
0.00483545156131981
0.00475465028196709
0.00449204612408494
0.00480515108156965
0.00512162275902028
0.00459304772326163
0.00496002020031483
0.00562999747495496
0.00465701540275631
0.00479841764160938
0.00486911876106433
0.00529669219764628
0.00503072131976978
0.00508458883933827
0.00494318660045678
0.00480178436160372
0.00474791684203524
0.0047108829223248
0.00518222371854904
0.00472434980221692
0.005077855399378
0.00520242403840143
0.00429677636563497
0.0059229021126157
0.00551889571585207
0.0048893190808883
0.00477148388182513
0.00455264708358527
0.00494655332042271
0.00465701540275631
0.00498022052016722
0.00511488931908843
0.00509132227927012
0.00487248548103025
0.00466038212272224
0.00483208484135389
0.00459304772326163
0.00477485060181948
0.00474455012204089
0.00489605252084857
0.00518895715850931
0.0063774093089819
0.00482871812138796
0.00696321858430338
0.00465701540275631
0.0047108829223248
0.0043775776449877
0.00488258564095645
0.00514855651883295
0.00481525124149584
0.00559969699520479
0.00436411076509557
0.00550542883595995
0.00443817860448803
0.00506102179951995
0.00523945795808345
0.005077855399378
0.00532025923743618
0.0047108829223248
0.00429340964566904
0.00483881828128574
0.00440451140477194
0.0047883174817116
0.00559969699520479
0.00500715427995146
0.00498022052016722
0.00431360996549301
0.00445164548438015
0.00491961956063847
0.00484891844121194
0.00475801700193301
0.00534719299722042
0.00444154532448238
0.00490951940074069
0.0054010605167889
0.00452571332380103
0.00467721572258029
0.00443144516455618
0.0047883174817116
0.00477821732178541
0.00429677636563497
0.00491288612070662
0.00480515108156965
0.00446511236427227
0.00468394916254056
0.00449877956401679
0.00453581348372722
0.00495328676038298
0.0054212608366413
0.0050441881996619
0.00468731588250648
0.00484218500128009
0.00447857924419282
0.00503072131976978
0.00460988132311968
0.00472771652218285
0.00469404932246675
0.00467384900261436
0.00478158404175133
0.00476811716185921
0.00469068260247241
0.00478158404175133
0.00572763235419416
0.00447521252419847
0.00445164548438015
0.00462671492300615
0.00520242403840143
0.00438767780491389
0.0044449120444483
0.00471761636225665
0.00463008164297207
0.00446847908426662
0.00465701540275631
0.00478158404175133
0.00465028196279604
0.00440114468480601
0.00434054372527726
0.00457958084336951
0.00484555172124601
0.00479841764160938
0.00432707684538514
0.00484218500128009
0.00455938052354554
0.00500715427995146
0.00442134500462998
0.00492635300059874
0.00451224644390891
0.00496002020031483
0.00442134500462998
0.00432371012541921
0.0042900429256747
0.00483881828128574
0.00415537412675349
0.00447521252419847
0.00451561316387483
0.00455938052354554
0.00439104452487982
0.0045324467637613
0.00433381028534541
0.00488595236092237
0.00450551300397706
0.00468394916254056
0.0047108829223248
0.00430687652556117
0.00450887972394298
0.00425974244592453
0.00413854052689544
0.00437084420502742
0.00523945795808345
0.00503072131976978
0.00448194596415874
0.00506438851948587
0.00452571332380103
0.00447857924419282
0.00457284740343766
0.00481861796146177
0.00490951940074069
0.00476811716185921
0.00443481188452211
0.00463008164297207
0.00417220772663995
0.00424627556603241
0.00479841764160938
0.00446511236427227
0.0041991414864242
0.00442471172459591
0.00522935779818567
0.00490278596078042
0.00424290884606648
0.00470751620235887
0.004720983082251
0.0044449120444483
0.00428667620570877
0.00456611396347739
0.00546839491624951
0.00451224644390891
0.00441461156469813
0.00432034340545329
0.00499368740005934
0.00473444996214312
0.00517885699858311
0.00486575204106998
0.00476811716185921
0.00442134500462998
0.00420587492635605
0.00528322531775416
0.0047883174817116
0.00510142243919631
0.00498695396009907
0.00483881828128574
0.00430014308560089
0.00434054372527726
0.00449204612408494
0.00418230788653773
0.00424627556603241
0.00495328676038298
0.00459978116322191
0.00413854052689544
0.0044449120444483
0.00456611396347739
0.00432371012541921
0.00448194596415874
0.00450887972394298
0.00453581348372722
0.00449541284405086
0.00426310916589046
0.0046233482030118
0.00416210756671376
0.00430687652556117
0.00448194596415874
0.00417220772663995
0.00420587492635605
0.00469068260247241
0.00446511236427227
0.00419577476642985
0.00433381028534541
0.0042900429256747
0.00517549027861719
0.00444154532448238
0.00419240804646392
0.00484218500128009
0.00436411076509557
0.00464691524283012
0.00509132227927012
0.00432707684538514
0.00446847908426662
0.00448531268412466
0.00478495076171725
0.00431024324552709
0.00444827876441423
0.00434054372527726
0.0041789411665718
0.00439104452487982
0.00456611396347739
0.00414190724686136
0.0043674774850615
0.00424290884606648
0.00440114468480601
0.00407457284740076
0.00437421092502177
0.00459641444322756
0.00445837892434042
0.00422944196617436
0.00427994276577692
0.0042900429256747
0.00422270852621409
0.00409140644728723
0.00415200740678756
0.00442807844459026
0.00426310916589046
0.00460988132311968
0.00421934180624817
0.00476811716185921
0.00432371012541921
0.00438431108491955
0.00446511236427227
0.00460988132311968
0.00509132227927012
0.00441461156469813
0.00433717700531133
0.00428330948574285
0.00452571332380103
0.00439104452487982
0.00428330948574285
0.00443817860448803
0.00420924164632197
0.00395673764836602
0.00424964228599833
0.00481525124149584
0.00470751620235887
0.00493645316052493
0.00425974244592453
0.00442134500462998
0.0040341722077244
0.00432371012541921
0.0041789411665718
0.00397693796818999
0.00452571332380103
0.00433717700531133
0.00477485060181948
0.00427320932581665
0.00382880228937665
0.00477148388182513
0.00419577476642985
0.00443144516455618
0.0045223466038351
0.00416884100664561
0.00422607524620844
0.00464018180289827
0.00532362595743052
0.00452908004376695
0.00464691524283012
0.0041116067671112
0.00410487332717935
0.00406447268750298
0.00424627556603241
0.00428667620570877
0.00445164548438015
0.00427320932581665
0.00415537412675349
0.00405773924754271
0.00446511236427227
0.00429340964566904
0.00412844036696924
0.00451897988386918
0.00408467300732696
0.00412844036696924
0.00449204612408494
0.004101506607185
0.0040005050080083
0.00436411076509557
0.00402743876779255
0.00418230788653773
0.00429677636563497
0.00415200740678756
0.00425974244592453
0.00443817860448803
0.00436074404512965
0.00432034340545329
0.00418567460653207
0.00474455012204089
0.00473781668210904
0.00426310916589046
0.00423954212610056
0.00404090564768467
0.00399377156804803
0.00427657604578258
0.00436411076509557
0.00457284740343766
0.00418567460653207
0.00423280868614029
0.00407793956739511
0.00438094436495362
0.00421934180624817
0.00396010436833194
0.00385910276912682
0.00452908004376695
0.00435401060516938
0.00395673764836602
0.00360659877114244
0.00418230788653773
0.00397693796818999
0.00469404932246675
0.0041116067671112
0.00421260836631632
0.00411834020707147
0.00414190724686136
0.00398030468815591
0.00394663748843982
0.00423617540610621
0.00426984260585073
0.00464018180289827
0.0042664758858848
0.00395000420840574
0.00419577476642985
0.00396683780826379
0.00413180708696359
0.00414527396685571
0.00427320932581665
0.00425974244592453
0.00414527396685571
0.00414864068682164
0.00434727716523753
0.00425974244592453
0.00390960356872938
0.00476138372192736
0.00413854052689544
0.0041991414864242
0.00385910276912682
0.00485228516117786
0.00401397188790042
0.00415537412675349
0.0042900429256747
0.0042900429256747
0.00395673764836602
0.00412844036696924
0.0042900429256747
0.00377830148977409
0.00446174564430635
0.00418230788653773
0.0040005050080083
0.00423280868614029
0.00398703812811618
0.00418567460653207
0.00415537412675349
0.00380860196952426
0.00414864068682164
0.0037682013298479
0.00399377156804803
0.00410824004714527
0.00399377156804803
0.00405437252757679
0.00419240804646392
0.00343489605253922
0.00401397188790042
0.00389613668883726
0.00426310916589046
0.00387256964901894
0.00433381028534541
0.00381196868951861
0.00413180708696359
0.00390960356872938
0.00411497348707712
0.00434391044524318
0.00350223045199982
0.00420924164632197
0.00403080548775847
0.00406447268750298
0.0043573773251353
0.0040106051679345
0.00389950340880318
0.00405100580761086
0.00403080548775847
0.00418567460653207
0.00428330948574285
0.00407120612743483
0.00427657604578258
0.00396010436833194
0.00398030468815591
0.00395337092837167
0.00395673764836602
0.00387930308897921
0.00393990404847955
0.00378503492973437
0.00413517380692952
0.00409477316725315
0.00413517380692952
0.00412844036696924
0.00412507364700332
0.00400387172797423
0.00379850180962649
0.00396683780826379
0.00382543556941073
0.00377830148977409
0.00394327076847389
0.00384900260922905
0.00415874084674783
0.00426310916589046
0.00386920292905302
0.00397357124822406
0.00394327076847389
0.00403753892771874
0.00399377156804803
0.00408130628736103
0.00379850180962649
0.00381196868951861
0.00364699941081881
0.00389950340880318
0.00400723844794015
0.00387593636901329
0.00399377156804803
0.00374800101002393
0.00390960356872938
0.00397357124822406
0.00396010436833194
0.00408130628736103
0.00380186852959241
0.00343489605253922
0.00394327076847389
0.00389950340880318
0.00348203013214743
0.00422944196617436
0.00375473444995578
0.00377830148977409
0.00379850180962649
0.00412170692703739
0.00362679909099484
0.00388603652891106
0.00363353253092669
0.00428667620570877
0.00364026597088696
0.00409477316725315
0.00380523524955834
0.00365036613081315
0.00374126757006366
0.00424964228599833
0.00384226916926877
0.00399377156804803
0.00391297028869531
0.00397020452825814
0.00398703812811618
0.00413180708696359
0.0038557360491609
0.00397357124822406
0.00389613668883726
0.00387593636901329
0.00369750021042137
0.00390287012879753
0.00364699941081881
0.00382543556941073
0.00372780069017153
0.00369076677048952
0.00402407204782662
0.00368066661056332
0.00406783940746891
0.0041789411665718
0.00343489605253922
0.00376483460988197
0.00361669893106864
0.00398030468815591
0.00380186852959241
0.0037682013298479
0.00394327076847389
0.00374126757006366
0.00421260836631632
0.00387930308897921
0.00390960356872938
0.00341806245265275
0.00372443397020561
0.0035796650113582
0.00378503492973437
0.00378840164970029
0.00396347108829787
0.00365373285077908
0.00402407204782662
0.00379850180962649
0.0038557360491609
0.00413517380692952
0.00343489605253922
0.00377830148977409
0.00380860196952426
0.00381533540948453
0.00377493476980817
0.00386246948912117
0.00382880228937665
0.00386583620908709
0.00335072805319214
0.00386920292905302
0.00390287012879753
0.00379176836966622
0.00391633700868965
0.00386920292905302
0.00382543556941073
0.00383216900934258
0.00353926437168184
0.00380860196952426
0.00376146788991605
0.00365373285077908
0.00415537412675349
0.00367393317060305
0.00381196868951861
0.00346856325225531
0.00343489605253922
0.00365036613081315
0.00392980388858177
0.00367056645063712
0.00350223045199982
0.00379850180962649
0.00353589765171591
0.00360996549113679
0.00368066661056332
0.0035796650113582
0.00362006565103457
0.00369750021042137
0.00334399461326029
0.00391297028869531
0.00374126757006366
0.00413517380692952
0.00362679909099484
0.00364363269085288
0.00386583620908709
0.00351569733189194
0.00374800101002393
0.0036671997306712
0.00364699941081881
0.00336082821311834
0.00430687652556117
0.00398030468815591
0.00397693796818999
0.00378166820974002
0.00361669893106864
0.00354263109167619
0.00370760037034756
0.00343489605253922
0.0034786634121815
0.00363353253092669
0.00375810116995012
0.00380860196952426
0.00404763908761652
0.0038220688494448
0.00364026597088696
0.00357629829139228
0.00359986533121059
0.0040341722077244
0.00355273125157396
0.00395000420840574
0.00343489605253922
0.00333726117330002
0.00334399461326029
0.00342816261257894
0.00357629829139228
0.00377156804984224
0.00382543556941073
0.00346519653228938
0.00395000420840574
0.00361333221110272
0.00343489605253922
0.00336082821311834
0.00355609797156831
0.00374126757006366
0.00353926437168184
0.00366383301070528
0.00387930308897921
0.00379850180962649
0.00368403333052925
0.00349886373200548
0.00371096709031349
0.00368403333052925
0.00352579749178972
0.00372443397020561
0.00343489605253922
0.00363689925092103
0.003744634290058
0.00336419493308426
0.00346519653228938
0.00342142917264709
0.00367056645063712
0.00352243077182379
0.00359986533121059
0.00343489605253922
0.003744634290058
0.00352916421178406
0.00343489605253922
0.00336419493308426
0.00365036613081315
0.00375136772998985
0.00386583620908709
0.00344836293243134
0.00347192997222123
0.00358303173135255
0.00346182981232346
0.00343152933254487
0.00343152933254487
0.00346856325225531
0.00355609797156831
0.00357629829139228
0.00343152933254487
0.00345846309232911
0.00337766181297638
0.00350559717196575
0.00314872485481033
0.00371096709031349
0.00357293157142635
0.00347192997222123
0.00339449541286285
0.00351906405185787
0.00346856325225531
0.00355273125157396
0.00334399461326029
0.00359986533121059
0.00352916421178406
0.00339449541286285
0.00349213029207363
0.00340796229275497
0.00346856325225531
0.00375473444995578
0.00343489605253922
0.0035796650113582
0.00335746149315241
0.00334062789329437
0.00322615941419713
0.00368066661056332
0.0035897651712844
0.00339112869286851
0.00347529669221558
0.00343489605253922
0.00348203013214743
0.0034887635721077
0.0034012288527947
0.00346519653228938
0.00346519653228938
0.00327329349383376
0.00362679909099484
0.00361669893106864
0.00355946469153423
0.00348539685211335
0.0034113290127209
0.00346519653228938
0.00345172965239726
0.00369076677048952
0.00343826277250514
0.00347192997222123
0.00336419493308426
0.00339786213282878
0.00352579749178972
0.00364699941081881
0.00323625957412332
0.00343489605253922
0.00336082821311834
0.00334399461326029
0.00345846309232911
0.00341469573268682
0.00325645989394729
0.00330359397358393
0.00349213029207363
0.00331706085347605
0.00337766181297638
0.00336756165307861
0.00340459557276063
0.00338102853297073
0.0032227926942312
0.00328339365373154
0.00342816261257894
0.00339449541286285
0.00333726117330002
0.00338102853297073
0.00340796229275497
0.00366046629071093
0.00346856325225531
0.00328002693376561
0.00342479589261302
0.00345172965239726
0.0034887635721077
0.00332042757344198
0.00357293157142635
0.00333052773336817
0.00352579749178972
0.00340796229275497
0.00335409477318649
0.00342142917264709
0.00346856325225531
0.00324299301405517
0.00343489605253922
0.00350896389193167
0.00342142917264709
0.0033338944533341
0.0034012288527947
0.0034887635721077
0.0031453581348444
0.00345846309232911
0.0034887635721077
0.00378503492973437
0.00338776197290258
0.00348539685211335
0.00328676037372588
0.0033237942934079
0.00341469573268682
0.00315209157480467
0.00352916421178406
0.0034113290127209
0.00334399461326029
0.00337092837304454
0.00336419493308426
0.003657099570745
0.00331706085347605
0.003300227253618
0.00366383301070528
0.0033338944533341
0.00337429509301046
0.0033237942934079
0.00341469573268682
0.00326992677383942
0.00334399461326029
0.00318239205455484
0.00317902533458891
0.00333052773336817
0.00336419493308426
0.00342816261257894
0.00324972645401544
0.00308812389530999
0.00342142917264709
0.00332042757344198
0.00336419493308426
0.00325982661394164
0.00317902533458891
0.00332042757344198
0.00316892517466272
0.00337766181297638
0.00332042757344198
0.00331706085347605
0.00321605925427093
0.00318575877452076
0.00329349381365773
0.00363016581096076
0.00341806245265275
0.00352916421178406
0.00337092837304454
0.00333052773336817
0.00321605925427093
0.00325982661394164
0.00343489605253922
0.00357293157142635
0.00345172965239726
0.00335746149315241
0.00319922565441289
0.00338102853297073
0.00328339365373154
0.00339786213282878
0.00326319333390757
0.00319922565441289
0.00320595909437316
0.00327329349383376
0.0031453581348444
0.00333726117330002
0.00323625957412332
0.00320595909437316
0.00314199141487848
0.00335072805319214
0.00333726117330002
0.00334736133322622
0.00312852453498635
0.00353926437168184
0.00325645989394729
0.00325982661394164
0.00313189125495228
0.00299722245603107
0.00318912549448669
0.00329349381365773
0.00328676037372588
0.00355946469153423
0.00328339365373154
0.00344836293243134
0.00321605925427093
0.00334062789329437
0.00328676037372588
0.00317229189462864
0.00335746149315241
0.00327329349383376
0.00362343237102891
0.00334399461326029
0.00341806245265275
0.00317565861459457
0.00329686053362366
0.00323962629408925
0.0032227926942312
0.00333052773336817
0.00328676037372588
0.0031554582947706
0.00335409477318649
0.0034113290127209
0.00329349381365773
0.00335409477318649
0.00354936453160803
0.00329349381365773
0.00344499621243699
0.00335746149315241
0.00312515781499201
0.00319585893444696
0.00326992677383942
0.00315882501473652
0.00323962629408925
0.00336756165307861
0.00319585893444696
0.00310832421513396
0.00355273125157396
0.00318239205455484
0.00313862469488413
0.00325309317398137
0.00337766181297638
0.00329349381365773
0.00306455685549167
0.00324972645401544
0.00318912549448669
0.00313189125495228
0.00323962629408925
0.00333726117330002
0.00319922565441289
0.00337766181297638
0.00325982661394164
0.00327329349383376
0.00315882501473652
0.00329012709369181
0.00326656005387349
0.00315882501473652
0.00318912549448669
0.00322615941419713
0.00333726117330002
0.00318239205455484
0.00317902533458891
0.00321605925427093
0.00335746149315241
0.00322952613416305
0.0031554582947706
0.00328676037372588
0.00315882501473652
0.00313862469488413
0.00311505765509423
0.00328002693376561
0.00320932581433908
0.00317565861459457
0.0031453581348444
0.00318239205455484
0.00328339365373154
0.00340459557276063
0.00318239205455484
0.00325309317398137
0.00318912549448669
0.00302752293578124
0.00307802373538379
0.0032227926942312
0.00324299301405517
0.00342142917264709
0.00315882501473652
0.00317565861459457
0.00325645989394729
0.00326319333390757
0.00306455685549167
0.0031453581348444
0.0031453581348444
0.00313189125495228
0.00318239205455484
0.00313862469488413
0.00310832421513396
0.00315209157480467
0.00317229189462864
0.00326319333390757
0.00323962629408925
0.00306455685549167
0.00332042757344198
0.00358639845131847
0.00339786213282878
0.00315882501473652
0.00333052773336817
0.00323625957412332
0.00343489605253922
0.00321605925427093
0.00304435653563928
0.00320259237437881
0.00330696069354985
0.00323962629408925
0.00346182981232346
0.00310159077520211
0.00315882501473652
0.00301742277585504
0.00304435653563928
0.00308475717531564
0.00314872485481033
0.00313189125495228
0.00331369413351013
0.00312852453498635
0.0032328928541574
0.00304098981567336
0.00319249221448104
0.00315209157480467
0.00308475717531564
0.0031352579749182
0.00322952613416305
0.0031453581348444
0.00311505765509423
0.00304098981567336
0.00319585893444696
0.00309485733524184
0.00322952613416305
0.00301068933592319
0.00312515781499201
0.00314199141487848
0.00308475717531564
0.00315882501473652
0.00318575877452076
0.00309149061527592
0.00313189125495228
0.00304435653563928
0.00321269253430501
0.00320595909437316
0.00309485733524184
0.00321269253430501
0.00321942597426528
0.00320595909437316
0.00302415621581531
0.00305108997559955
0.00313189125495228
0.00304772325563363
0.00304098981567336
0.00304772325563363
0.00316219173470245
0.00322615941419713
0.00303088965574716
0.00309485733524184
0.00320259237437881
0.00307802373538379
0.00310159077520211
0.00310159077520211
0.00337092837304454
0.00312852453498635
0.00320595909437316
0.00326656005387349
0.00309485733524184
0.00326992677383942
0.00308812389530999
0.00326656005387349
0.00306455685549167
0.00302752293578124
0.00324635973404952
0.00325645989394729
0.00325645989394729
0.00302415621581531
0.00325309317398137
0.00309149061527592
0.00299385573606514
0.0030578234155314
0.00313189125495228
0.00319922565441289
0.00299385573606514
0.00310495749516804
0.00306119013552575
0.00308475717531564
0.00298038885617302
0.00303425637574151
0.00308812389530999
0.00317902533458891
0.0032227926942312
0.00304435653563928
0.00302078949584939
0.00302415621581531
0.00305445669556548
0.00301068933592319
0.00323625957412332
0.00294335493646258
0.00320595909437316
0.00309149061527592
0.00290295429678622
0.00308812389530999
0.00321942597426528
0.00306455685549167
0.00322615941419713
0.00304098981567336
0.00309149061527592
0.00304098981567336
0.0033338944533341
0.00309485733524184
0.00308475717531564
0.00354263109167619
0.00298712229610487
0.00332716101340225
0.0029568218163547
0.00316555845469679
0.0030578234155314
0.0030578234155314
0.00312852453498635
0.00296018853632063
0.0035897651712844
0.00304435653563928
0.00307465701541787
0.00308475717531564
0.00297028869624683
0.00287602053700198
0.00301742277585504
0.00311505765509423
0.00302078949584939
0.00298038885617302
0.00322615941419713
0.00304435653563928
0.00301405605588911
0.00303088965574716
0.00303088965574716
0.00316892517466272
0.00304098981567336
0.00299722245603107
0.00302752293578124
0.00305108997559955
0.00299385573606514
0.0031453581348444
0.00293998821649666
0.0029669219762809
0.00314199141487848
0.0030578234155314
0.00290295429678622
0.00306455685549167
0.00297028869624683
0.00298375557613895
0.00307802373538379
0.00303762309570743
0.00285918693714393
0.00297702213617868
0.00302415621581531
0.00309149061527592
0.00318239205455484
0.00325645989394729
0.00303762309570743
0.00298375557613895
0.00306455685549167
0.00310159077520211
0.00312852453498635
0.00325309317398137
0.00309149061527592
0.00306455685549167
0.00298038885617302
0.0030578234155314
0.00304098981567336
0.00330359397358393
0.00310495749516804
0.0030679235754576
0.00320932581433908
0.00300732261595726
0.00301405605588911
0.00305445669556548
0.00306455685549167
0.00298038885617302
0.00300395589596292
0.00298712229610487
0.00301405605588911
0.00355273125157396
0.00349886373200548
0.00294672165642851
0.0030679235754576
0.00304772325563363
0.00297365541621275
0.00296355525628655
0.00287602053700198
0.0032227926942312
0.00291978789664427
0.00290632101675214
0.00292988805657046
0.00304772325563363
0.00298038885617302
0.00286928709704171
0.00312852453498635
0.00327666021379969
0.00316555845469679
0.00303762309570743
0.00308812389530999
0.00298038885617302
0.00297365541621275
0.0029669219762809
0.00298375557613895
0.00298038885617302
0.00302752293578124
0.00317229189462864
0.00296018853632063
0.00302752293578124
0.00309822405520777
0.0028793872569679
0.00308812389530999
0.00298038885617302
0.00303425637574151
0.00291642117667834
0.00312515781499201
0.00300395589596292
0.00284908677721774
0.00284235333725746
0.00316219173470245
0.00323962629408925
0.00290295429678622
0.00304098981567336
0.00306119013552575
0.00297702213617868
0.00291305445671242
0.00308139045534972
0.00288275397693383
0.00297028869624683
0.00303425637574151
0.00278511909772305
0.00286592037707578
0.00292652133660454
0.0031554582947706
0.00288612069692817
0.00286928709704171
0.00312179109502608
0.00295345509638878
0.00300732261595726
0.00295008837639443
0.00301068933592319
0.00314199141487848
0.00312852453498635
0.00300732261595726
0.00292988805657046
0.00295345509638878
0.00301742277585504
0.0029568218163547
0.00303762309570743
0.00306119013552575
0.00293998821649666
0.0029669219762809
0.00293998821649666
0.00291642117667834
0.00292652133660454
0.00302078949584939
0.0032328928541574
0.00290968773671807
0.00289285413686002
0.00297365541621275
0.00298038885617302
0.00306119013552575
0.00302078949584939
0.00284235333725746
0.0030578234155314
0.00303425637574151
0.00330696069354985
0.00298712229610487
0.00304435653563928
0.00286592037707578
0.00287265381703605
0.00300395589596292
0.00309822405520777
0.00297028869624683
0.00286928709704171
0.00291305445671242
0.00289285413686002
0.00285245349718366
0.00301742277585504
0.00297028869624683
0.0028793872569679
0.00302415621581531
0.00295345509638878
0.00291642117667834
0.00296018853632063
0.00287265381703605
0.00288612069692817
0.00311169093509989
0.00286928709704171
0.00284572005725181
0.0028995875768203
0.00310159077520211
0.00286928709704171
0.00301405605588911
0.00287602053700198
0.0029669219762809
0.00297365541621275
0.00282215301743349
0.00302415621581531
0.00291978789664427
0.00294672165642851
0.00277501893779686
0.00285245349718366
0.00296355525628655
0.00287265381703605
0.00311505765509423
0.00299385573606514
0.00298038885617302
0.00288612069692817
0.00292988805657046
0.00297365541621275
0.00298038885617302
0.00284572005725181
0.00298712229610487
0.00302078949584939
0.00303088965574716
0.00282551973739942
0.00298712229610487
0.00301742277585504
0.00284908677721774
0.00295008837639443
0.0029568218163547
0.00292315461661019
0.00287602053700198
0.00307802373538379
0.00287265381703605
0.00284908677721774
0.0027783856577912
0.00292988805657046
0.00290295429678622
0.00291642117667834
0.00274135173808077
0.00282551973739942
0.00293998821649666
0.00303088965574716
0.0028995875768203
0.00288275397693383
0.00271778469826245
0.00305108997559955
0.00290295429678622
0.00281541957747322
0.00285918693714393
0.00319249221448104
0.0031352579749182
0.00284235333725746
0.00267738405858609
0.00290968773671807
0.00286928709704171
0.00288275397693383
0.00292652133660454
0.00289285413686002
0.0028120528575073
0.00285582021714959
0.00291978789664427
0.00284908677721774
0.0029904890160708
0.00295008837639443
0.00302752293578124
0.00285918693714393
0.00297702213617868
0.00299722245603107
0.00288275397693383
0.00298712229610487
0.00279521925764925
0.00293662149650231
0.00279521925764925
0.00284572005725181
0.00282215301743349
0.00281878629746757
0.00283561989732561
0.00309485733524184
0.00301742277585504
0.00287265381703605
0.00283561989732561
0.00271441797829652
0.00279521925764925
0.00294672165642851
0.00276155205790474
0.00285918693714393
0.00284572005725181
0.00272115141822837
0.00294335493646258
0.00300058917599699
0.0028019526975811
0.00301068933592319
0.00300732261595726
0.00284908677721774
0.00301742277585504
0.00290632101675214
0.0027783856577912
0.00292652133660454
0.00316892517466272
0.00286255365710986
0.00277165221783093
0.00294672165642851
0.0028120528575073
0.00279185253768333
0.0028894874168941
0.00284235333725746
0.00273798501811484
0.0032328928541574
0.00272115141822837
0.00295345509638878
0.00294672165642851
0.00303088965574716
0.0029904890160708
0.00284572005725181
0.00308139045534972
0.00292988805657046
0.00269085093847821
0.00290632101675214
0.00277165221783093
0.0027783856577912
0.0027783856577912
0.00295345509638878
0.00266728389865989
0.00284908677721774
0.00281878629746757
0.00287602053700198
0.00297365541621275
0.00273461829812049
0.00286592037707578
0.0028995875768203
0.00283225317735969
0.00287265381703605
0.00287265381703605
0.00263024997897787
0.00286592037707578
0.00274135173808077
0.00269085093847821
0.00276155205790474
0.00273125157815457
0.00265045029880184
0.00287602053700198
0.00274808517801262
0.00289285413686002
0.00288275397693383
0.00312179109502608
0.00273125157815457
0.0028995875768203
0.00275818533793881
0.00282888645736534
0.00282215301743349
0.00279858597761518
0.00288612069692817
0.00265045029880184
0.00290632101675214
0.00279521925764925
0.00295345509638878
0.00269758437843848
0.00311505765509423
0.00285582021714959
0.00274808517801262
0.00287602053700198
0.0028019526975811
0.00282888645736534
0.00288275397693383
0.00275481861797289
0.00279185253768333
0.00268411749854636
0.00276155205790474
0.0028019526975811
0.00304772325563363
0.00263698341890972
0.00268748421851228
0.00304772325563363
0.00274135173808077
0.00275818533793881
0.00279521925764925
0.00267738405858609
0.00272115141822837
0.00286592037707578
0.00262688325898353
0.00278175237775713
0.00284572005725181
0.00292652133660454
0.00275818533793881
0.00273798501811484
0.00269085093847821
0.00272451813822272
0.00275145189800696
0.00283225317735969
0.00277501893779686
0.00269421765844413
0.00276828549786501
0.00274808517801262
0.00279858597761518
0.00251578149988063
0.00278175237775713
0.00281878629746757
0.00277501893779686
0.0027009510984044
0.00266728389865989
0.00302415621581531
0.00269085093847821
0.00269421765844413
0.00272788485818865
0.00285582021714959
0.0028793872569679
0.00286592037707578
0.00275818533793881
0.00292652133660454
0.00270768453833625
0.00276491877789908
0.00264371685886999
0.00285918693714393
0.00263698341890972
0.00267401733862016
0.00266391717869396
0.00271441797829652
0.00282888645736534
0.00274471845804669
0.00277501893779686
0.00265045029880184
0.0027783856577912
0.00271441797829652
0.00262014981905168
0.00276491877789908
0.00267401733862016
0.00272451813822272
0.00290968773671807
0.00255954885952292
0.00284908677721774
0.00272115141822837
0.00271441797829652
0.00266391717869396
0.00276155205790474
0.00273125157815457
0.00267401733862016
0.00268411749854636
0.00273125157815457
0.00269085093847821
0.00259994949919928
0.00265718373876211
0.00281878629746757
0.00290632101675214
0.00275481861797289
0.00259321605926743
0.00263024997897787
0.00260668293915955
0.00269085093847821
0.00263698341890972
0.00273461829812049
0.00264371685886999
0.00259321605926743
0.00276155205790474
0.00284908677721774
0.00279185253768333
0.00260668293915955
0.00276491877789908
0.00278511909772305
0.00299385573606514
0.00269421765844413
0.00274135173808077
0.00265381701876777
0.00264708357883592
0.00274808517801262
0.00259994949919928
0.00250568133995444
0.00269085093847821
0.00278175237775713
0.00265381701876777
0.00285582021714959
0.00255281541959107
0.00281541957747322
0.00270431781837033
0.00269758437843848
0.00262688325898353
0.00285582021714959
0.00275818533793881
0.00258984933930151
0.00282888645736534
0.00283225317735969
0.00265381701876777
0.00256291557951727
0.0026235165390176
0.00274808517801262
0.00266055045872804
0.00272788485818865
0.00272451813822272
0.0027009510984044
0.00266728389865989
0.00262014981905168
0.0028120528575073
0.0027783856577912
0.00257301573941504
0.00283561989732561
0.00247538086020427
0.00282551973739942
0.00261004965912548
0.00288275397693383
0.00267401733862016
0.00270431781837033
0.00270431781837033
0.00271778469826245
0.00251241477991471
0.00278511909772305
0.00297702213617868
0.00274471845804669
0.00264708357883592
0.00264371685886999
0.00265381701876777
0.00271778469826245
0.00271778469826245
0.00271778469826245
0.00289285413686002
0.00247874758017019
0.00257638245940939
0.00269758437843848
0.0026235165390176
0.00270431781837033
0.00257301573941504
0.00250568133995444
0.00267065061865424
0.00264708357883592
0.00267738405858609
0.00281878629746757
0.00279521925764925
0.00261678309908575
0.00271778469826245
0.00261004965912548
0.00269421765844413
0.00273125157815457
0.00265718373876211
0.00265045029880184
0.0026235165390176
0.002556182139557
0.00262014981905168
0.00272788485818865
0.00256964901944912
0.00261678309908575
0.0026134163790914
0.00247874758017019
0.00260331621919363
0.00265045029880184
0.00259321605926743
0.00252924837977275
0.0026235165390176
0.00253934853969895
0.0027110512583306
0.00262014981905168
0.00242151334063578
0.00269421765844413
0.00261004965912548
0.00262014981905168
0.00274135173808077
0.00265045029880184
0.00258984933930151
0.00276828549786501
0.002556182139557
0.00254271525966487
0.00254944869962515
0.002468647420244
0.00267401733862016
0.00276491877789908
0.00267065061865424
0.00254944869962515
0.0025460819796308
0.00255954885952292
0.00265718373876211
0.00283898661729154
0.00260668293915955
0.00265045029880184
0.00245854726034622
0.00258984933930151
0.00269758437843848
0.00260331621919363
0.00240804646074366
0.00276155205790474
0.00257974917937531
0.00267401733862016
0.00274808517801262
0.0026235165390176
0.00264035013887565
0.00267401733862016
0.00250231461998851
0.0025460819796308
0.00255281541959107
0.00251914821984656
0.00266728389865989
0.00251914821984656
0.00266391717869396
0.0025460819796308
0.00252924837977275
0.00259658277923336
0.00264708357883592
0.0025225149398409
0.0025460819796308
0.00250568133995444
0.00268075077855201
0.00256964901944912
0.00261678309908575
0.00251578149988063
0.00259994949919928
0.00259994949919928
0.00263024997897787
0.00276491877789908
0.00257974917937531
0.00254944869962515
0.0026235165390176
0.00268411749854636
0.0026336166989438
0.0025225149398409
0.00248548102013046
0.0025460819796308
0.00251241477991471
0.00249894790002259
0.00270431781837033
0.00252924837977275
0.00264708357883592
0.00258311589934124
0.00254944869962515
0.00255281541959107
0.00258648261930716
0.00257974917937531
0.0025460819796308
0.00254944869962515
0.00248884774009639
0.00238447942092535
0.002556182139557
0.00257974917937531
0.00257974917937531
0.00251241477991471
0.0028019526975811
0.0024450803804541
0.00251914821984656
0.00249221446006231
0.00255281541959107
0.0026235165390176
0.00258984933930151
0.00253934853969895
0.00246191398031215
0.00265381701876777
0.0023777459809935
0.00250568133995444
0.0025460819796308
0.00247874758017019
0.00247538086020427
0.00254271525966487
0.00254271525966487
0.0025460819796308
0.00251914821984656
0.00264035013887565
0.00250568133995444
0.0025225149398409
0.00261004965912548
0.00254944869962515
0.00248548102013046
0.00244171366045975
0.00268075077855201
0.0026134163790914
0.00266728389865989
0.00249894790002259
0.00251914821984656
0.00253261509973868
0.00267738405858609
0.00243834694049383
0.00247538086020427
0.00242151334063578
0.002556182139557
0.00238111270095942
0.00272115141822837
0.00234407878124898
0.0025225149398409
0.00257638245940939
0.00248884774009639
0.00244844710042003
0.0025460819796308
0.00246528070027807
0.00250904805994878
0.00246191398031215
0.00253934853969895
0.00251578149988063
0.00249221446006231
0.00267738405858609
0.00248211430016454
0.00251578149988063
0.00253934853969895
0.00235417894117518
0.00234744550121491
0.00257974917937531
0.00258311589934124
0.00252924837977275
0.00234744550121491
0.00238784614089127
0.00242824678056763
0.00242824678056763
0.00252924837977275
0.00237101254103322
0.00245518054035188
0.00246528070027807
0.00249894790002259
0.00255954885952292
0.00238784614089127
0.002468647420244
0.00241477990067551
0.00267065061865424
0.00241141318070959
0.00274135173808077
0.00245518054035188
0.00255954885952292
0.00259994949919928
0.00254271525966487
0.00261004965912548
0.00247201414023834
0.00249221446006231
0.00259994949919928
0.0023575456611411
0.00270431781837033
0.00259321605926743
0.00242488006060171
0.00249558118005666
0.00252924837977275
0.00242151334063578
0.00246191398031215
0.00251578149988063
0.00268748421851228
0.00248211430016454
0.00229357798164642
0.0023777459809935
0.00256291557951727
0.00249558118005666
0.0023777459809935
0.00239457958085154
0.00257974917937531
0.00238447942092535
0.00234071206128306
0.00227337766182245
0.00276155205790474
0.00240467974077774
0.00250568133995444
0.00250231461998851
0.00242824678056763
0.00249221446006231
0.00239794630081747
0.00235081222120925
0.00256628229948319
0.0024349802205279
0.00247538086020427
0.00248211430016454
0.002556182139557
0.00251914821984656
0.00249221446006231
0.00233734534131713
0.00257301573941504
0.00239794630081747
0.00257301573941504
0.00242488006060171
0.0022902112616805
0.00231714502146474
0.00256964901944912
0.00242488006060171
0.0024349802205279
0.00251241477991471
0.00244844710042003
0.00239121286088562
0.00247201414023834
0.00239121286088562
0.00232051174143066
0.00265718373876211
0.00256291557951727
0.0023777459809935
0.00255954885952292
0.00248548102013046
0.002468647420244
0.00267401733862016
0.00245854726034622
0.00255954885952292
0.00241477990067551
0.00232724518139094
0.00247201414023834
0.00240804646074366
0.00255954885952292
0.0023777459809935
0.00235417894117518
0.0023676458210673
0.00241814662066986
0.00238111270095942
0.00269421765844413
0.00226664422186218
0.00252924837977275
0.00236091238110703
0.00248211430016454
0.00230367814157262
0.00246191398031215
0.00231377830149881
0.00250568133995444
0.00248884774009639
0.00236091238110703
0.00257974917937531
0.00225654406196441
0.0028019526975811
0.00248884774009639
0.00220940998232777
0.00247201414023834
0.0023575456611411
0.00224307718207228
0.00260668293915955
0.00247874758017019
0.00250231461998851
0.00238447942092535
0.00239457958085154
0.00233734534131713
0.00259994949919928
0.00240131302078339
0.00231714502146474
0.00240467974077774
0.00242488006060171
0.0024450803804541
0.00234407878124898
0.0022902112616805
0.00238111270095942
0.00253598181973302
0.00234407878124898
0.00252924837977275
0.00254944869962515
0.00248211430016454
0.00237437926099915
0.00259321605926743
0.00242824678056763
0.00259658277923336
0.00241814662066986
0.00257301573941504
0.0024349802205279
0.00249558118005666
0.00249558118005666
0.00240131302078339
0.00223297702214609
0.00250904805994878
0.00224981062200413
0.00233734534131713
0.002468647420244
0.00212187526304319
0.00239794630081747
0.00236091238110703
0.00240804646074366
0.00229694470164077
0.00235081222120925
0.00250904805994878
0.00240467974077774
0.00227337766182245
0.00227674438178838
0.00243161350056198
0.00243161350056198
0.00247201414023834
0.00240804646074366
0.00227001094185653
0.00236091238110703
0.00234407878124898
0.002468647420244
0.0023575456611411
0.00245181382038595
0.00220940998232777
0.00223634374211201
0.00236427910110137
0.00233397862132279
0.0022902112616805
0.00240804646074366
0.00247874758017019
0.0023575456611411
0.00234071206128306
0.00245854726034622
0.00256964901944912
0.00252924837977275
0.00231041158153289
0.00225991078193033
0.00233734534131713
0.00230704486153854
0.00225654406196441
0.0024349802205279
0.00249221446006231
0.00223297702214609
0.00249558118005666
0.00233061190135686
0.00229694470164077
0.0022801111017543
0.00224307718207228
0.00234071206128306
0.00236091238110703
0.00220267654239592
0.0021892096625038
0.00236091238110703
0.00225654406196441
0.00219594310243565
0.00235417894117518
0.00226664422186218
0.00234407878124898
0.00238784614089127
0.00224307718207228
0.00224307718207228
0.00249558118005666
0.00223971046207794
0.00251578149988063
0.00227337766182245
0.0022801111017543
0.00240131302078339
0.00247538086020427
0.00227337766182245
0.00249558118005666
0.00243161350056198
0.00235081222120925
0.00239121286088562
0.00227674438178838
0.00245518054035188
0.00233061190135686
0.00245518054035188
0.00225654406196441
0.00231377830149881
0.00224307718207228
0.00222287686221989
0.00229694470164077
0.00224307718207228
0.00243834694049383
0.00228347782174865
0.00230704486153854
0.00239121286088562
0.00224981062200413
0.00232051174143066
0.00238111270095942
0.00235081222120925
0.00222961030218016
0.00227337766182245
0.0023575456611411
0.00230367814157262
0.00226327750189625
0.00226664422186218
0.00227674438178838
0.00227337766182245
0.00225991078193033
0.00225654406196441
0.00218247622254353
0.00226664422186218
0.00220267654239592
0.0022801111017543
0.00242824678056763
0.00230704486153854
0.00228684454171457
0.00227001094185653
0.00235417894117518
0.00233397862132279
0.0023676458210673
0.0023777459809935
0.00234071206128306
0.00238111270095942
0.00225317734197006
0.00224307718207228
0.00250231461998851
0.00222961030218016
0.00216227590271956
0.00241814662066986
0.0022127767022937
0.00220940998232777
0.00242151334063578
0.00220940998232777
0.00232387846142501
0.00218584294250945
0.00213870886290124
0.00229357798164642
0.00225654406196441
0.00240804646074366
0.00216564262268548
0.00227674438178838
0.00246191398031215
0.00212860870297504
0.00231714502146474
0.0021791095025776
0.0021892096625038
0.00226664422186218
0.00222287686221989
0.00240804646074366
0.00222624358218582
0.00234407878124898
0.00227337766182245
0.00258311589934124
0.00222624358218582
0.00218247622254353
0.00243161350056198
0.00242824678056763
0.00231377830149881
0.00225991078193033
0.00224307718207228
0.00230367814157262
0.00216564262268548
0.00210840838315107
0.00216900934265141
0.00216564262268548
0.00226664422186218
0.00211850854304885
0.00216564262268548
0.00234071206128306
0.00228347782174865
0.00222287686221989
0.00234071206128306
0.0021791095025776
0.00234071206128306
0.00225991078193033
0.00208484134333276
0.00225317734197006
0.00212860870297504
0.00226664422186218
0.00218247622254353
0.00212187526304319
0.00222287686221989
0.00247538086020427
0.00223634374211201
0.00219257638246972
0.00256628229948319
0.00238784614089127
0.00228347782174865
0.00235081222120925
0.00236091238110703
0.0022902112616805
0.00213870886290124
0.00226327750189625
0.00230704486153854
0.00221614342228804
0.00240804646074366
0.00219930982240157
0.00216564262268548
0.0021892096625038
0.00221951014225397
0.00228347782174865
0.00221614342228804
0.0021892096625038
0.00218247622254353
0.00217237606261733
0.00220940998232777
0.00215217574279336
0.00207810790337248
0.00227001094185653
0.0023777459809935
0.002111775103117
0.00211514182308292
0.00219594310243565
0.00220267654239592
0.00226664422186218
0.00224981062200413
0.0022127767022937
0.00219594310243565
0.00219257638246972
0.00214544230283309
0.0021791095025776
0.0021892096625038
0.00217237606261733
0.00231377830149881
0.00217574278261168
0.00229694470164077
0.00214207558286716
0.00214544230283309
0.00230031142160669
0.00244844710042003
0.00227001094185653
0.0021791095025776
0.00223971046207794
0.00222287686221989
0.00239457958085154
0.00246528070027807
0.00221951014225397
0.00219257638246972
0.00225991078193033
0.00238111270095942
0.00214207558286716
0.00235417894117518
0.00225654406196441
0.00228347782174865
0.00236427910110137
0.00245518054035188
0.00213534214293531
0.00215554246275929
0.00216227590271956
0.00214880902282744
0.00228684454171457
0.00220267654239592
0.0023777459809935
0.00216564262268548
0.00204107398369047
0.00218247622254353
0.00227001094185653
0.00217574278261168
0.00222287686221989
0.00225317734197006
0.00210504166315673
0.00206800774347471
0.00222287686221989
0.0022801111017543
0.00218247622254353
0.00214544230283309
0.00223297702214609
0.00216564262268548
0.0022801111017543
0.00215890918272521
0.00226664422186218
0.00236427910110137
0.00217237606261733
0.00221614342228804
0.00231714502146474
0.00224644390203821
0.00213534214293531
0.00224644390203821
0.00217574278261168
0.00209494150325895
0.00217237606261733
0.00213870886290124
0.00208820806329868
0.00229357798164642
0.00215890918272521
0.00206800774347471
0.00221951014225397
0.00223297702214609
0.00214880902282744
0.00214207558286716
0.00214544230283309
0.00221951014225397
0.00226327750189625
0.0020915747832646
0.00269758437843848
0.00211850854304885
0.0020915747832646
0.00214544230283309
0.0022127767022937
0.00229694470164077
0.0022127767022937
0.00227337766182245
0.00215554246275929
0.00233734534131713
0.00215554246275929
0.00209494150325895
0.00213197542294097
0.0023676458210673
0.00221614342228804
0.00205790758354851
0.00208820806329868
0.00222287686221989
0.00218247622254353
0.00223634374211201
0.00222624358218582
0.00212524198300912
0.00214880902282744
0.00208147462336683
0.00209830822322488
0.00217237606261733
0.00220604326236185
0.00242824678056763
0.0022902112616805
0.00209494150325895
0.00214880902282744
0.00236091238110703
0.00210504166315673
0.002556182139557
0.00216227590271956
0.00214544230283309
0.00207137446344063
0.00214207558286716
0.0022801111017543
0.00217574278261168
0.00211514182308292
0.00215890918272521
0.00219930982240157
0.00215554246275929
0.00243834694049383
0.00213534214293531
0.0020343405437302
0.00218247622254353
0.00215890918272521
0.00198383974412764
0.00218584294250945
0.00233061190135686
0.00206800774347471
0.00221951014225397
0.00215554246275929
0.00211514182308292
0.00214544230283309
0.00223634374211201
0.00210504166315673
0.0021892096625038
0.00209494150325895
0.00227001094185653
0.00228684454171457
0.00207810790337248
0.00213870886290124
0.00207137446344063
0.00212524198300912
0.00209494150325895
0.00216900934265141
0.00218247622254353
0.00216227590271956
0.00212524198300912
0.00208484134333276
0.00206464102348036
0.00218247622254353
0.00208484134333276
0.00208820806329868
0.00214880902282744
0.00217574278261168
0.00215554246275929
0.00219930982240157
0.00231714502146474
0.00211514182308292
0.00220604326236185
0.0021016749431908
0.00232387846142501
0.0022127767022937
0.00208484134333276
0.00212187526304319
0.0021791095025776
0.00222287686221989
0.00215890918272521
0.00205117414358824
0.00211514182308292
0.00212187526304319
0.00211514182308292
0.00207810790337248
0.00231714502146474
0.00206127430351444
0.00209494150325895
0.00202087366383807
0.00207474118340656
0.00211514182308292
0.00225991078193033
0.00219930982240157
0.00214880902282744
0.00217574278261168
0.00211514182308292
0.00210504166315673
0.00204444070365639
0.00249558118005666
0.00210840838315107
0.00208147462336683
0.00207474118340656
0.00205117414358824
0.00206127430351444
0.00213197542294097
0.00213534214293531
0.00211514182308292
0.00202760710379835
0.00233397862132279
0.00229694470164077
0.00204107398369047
0.00208484134333276
0.00206800774347471
0.00208820806329868
0.00218247622254353
0.00207474118340656
0.00220267654239592
0.00212187526304319
0.00216564262268548
0.00214880902282744
0.00209830822322488
0.00211514182308292
0.00215217574279336
0.00222624358218582
0.00207137446344063
0.00207474118340656
0.00218584294250945
0.0020915747832646
0.0021791095025776
0.00202087366383807
0.00211850854304885
0.00220267654239592
0.00211514182308292
0.00210840838315107
0.00215217574279336
0.00204444070365639
0.00206800774347471
0.00205117414358824
0.00212187526304319
0.00214880902282744
0.00210840838315107
0.00207474118340656
0.00212524198300912
0.00213197542294097
0.00222624358218582
0.00211850854304885
0.00206800774347471
0.00209830822322488
0.00207137446344063
0.00207810790337248
0.002111775103117
0.00206800774347471
0.00212524198300912
0.00212860870297504
0.00213534214293531
0.00208484134333276
0.002111775103117
0.00219594310243565
0.002111775103117
0.00208484134333276
0.00205790758354851
0.00208820806329868
0.00216900934265141
0.00204444070365639
0.00216227590271956
0.002111775103117
0.00202760710379835
0.00202760710379835
0.00201077350391188
0.00238784614089127
0.00206464102348036
0.00219930982240157
0.00204444070365639
0.0020343405437302
0.00215217574279336
0.00208820806329868
0.00212524198300912
0.00205790758354851
0.0020915747832646
0.0021892096625038
0.00197037286423551
0.002024240383804
0.002111775103117
0.00214880902282744
0.00207810790337248
0.00205117414358824
0.00205117414358824
0.00216564262268548
0.00222624358218582
0.00207474118340656
0.00198047302416171
0.00212524198300912
0.00230031142160669
0.00238111270095942
0.0020915747832646
0.00206464102348036
0.00220940998232777
0.00197037286423551
0.00207474118340656
0.00216564262268548
0.00218247622254353
0.00224644390203821
0.002111775103117
0.00206127430351444
0.0021791095025776
0.00227001094185653
0.00207810790337248
0.0022801111017543
0.00201077350391188
0.00203097382376427
0.00211514182308292
0.00200404006398003
0.00227337766182245
0.00220604326236185
0.00205117414358824
0.002111775103117
0.00203097382376427
0.00209830822322488
0.00204444070365639
0.00205454086358259
0.00203097382376427
0.00205454086358259
0.002468647420244
0.00209494150325895
0.00198383974412764
0.0021892096625038
0.0020915747832646
0.00210840838315107
0.00215890918272521
0.00202087366383807
0.00202087366383807
0.00211850854304885
0.00220940998232777
0.00220604326236185
0.00224644390203821
0.00203097382376427
0.002024240383804
0.00234407878124898
0.00206800774347471
0.00215554246275929
0.00205454086358259
0.00198047302416171
0.00207810790337248
0.00211850854304885
0.00204780742362232
0.00201414022390622
0.00223297702214609
0.00199730662401976
0.00202760710379835
0.00206800774347471
0.00201414022390622
0.00203770726369612
0.00195017254441154
0.00206800774347471
0.00202760710379835
0.00201750694387215
0.00212187526304319
0.0020915747832646
0.00198047302416171
0.00216564262268548
0.00191313862470111
0.00209494150325895
0.00202087366383807
0.00202760710379835
0.00210504166315673
0.00207810790337248
0.00208820806329868
0.00210504166315673
0.00208147462336683
0.00206464102348036
0.00203770726369612
0.00210840838315107
0.00204780742362232
0.00203770726369612
0.00202087366383807
0.00207810790337248
0.00198383974412764
0.0021016749431908
0.00210504166315673
0.00200740678394595
0.00195353926437747
0.00207810790337248
0.00204107398369047
0.00213197542294097
0.00219930982240157
0.00203097382376427
0.00214544230283309
0.00195017254441154
0.00212187526304319
0.00211514182308292
0.00234407878124898
0.00231041158153289
0.00221614342228804
0.00206464102348036
0.0020915747832646
0.00212860870297504
0.00207810790337248
0.0019232387846273
0.00199730662401976
0.00214544230283309
0.00201077350391188
0.00213870886290124
0.00192997222455915
0.002024240383804
0.00197373958422986
0.00198383974412764
0.002024240383804
0.002024240383804
0.00203097382376427
0.00207474118340656
0.00207137446344063
0.00199393990405383
0.00208484134333276
0.00205117414358824
0.00195017254441154
0.00197373958422986
0.00201750694387215
0.00196027270433774
0.00207810790337248
0.00204107398369047
0.00194680582444562
0.00201077350391188
0.00205454086358259
0.00206800774347471
0.00204780742362232
0.00201750694387215
0.00213197542294097
0.00217574278261168
0.00198720646412198
0.0020006733440141
0.00201077350391188
0.00213534214293531
0.00203097382376427
0.0020006733440141
0.00201750694387215
0.0021016749431908
0.00199730662401976
0.00198383974412764
0.00209830822322488
0.00215217574279336
0.00200740678394595
0.00232724518139094
0.00205454086358259
0.00201077350391188
0.002024240383804
0.00196363942430366
0.00201077350391188
0.00215217574279336
0.00201414022390622
0.00200404006398003
0.00216227590271956
0.00194680582444562
0.00192660550459323
0.00195690598434339
0.00201077350391188
0.00207137446344063
0.00194007238448535
0.00198047302416171
0.00198047302416171
0.0020006733440141
0.00200740678394595
0.00209830822322488
0.00195017254441154
0.00197373958422986
0.00204444070365639
0.00201077350391188
0.0022801111017543
0.00204107398369047
0.00205454086358259
0.00192660550459323
0.00220604326236185
0.0021016749431908
0.00204444070365639
0.00203097382376427
0.00199057318408791
0.00197710630419579
0.00201077350391188
0.00199057318408791
0.00196027270433774
0.00195017254441154
0.00203097382376427
0.00197373958422986
0.00203770726369612
0.00192997222455915
0.00214544230283309
0.00209494150325895
0.00199730662401976
0.00198047302416171
0.00208484134333276
0.00198383974412764
0.00201414022390622
0.0019232387846273
0.00203770726369612
0.00201077350391188
0.002024240383804
0.00196027270433774
0.00203097382376427
0.00197373958422986
0.00208484134333276
0.00209830822322488
0.00197710630419579
0.00215890918272521
0.00209494150325895
0.00201750694387215
0.00198720646412198
0.00201077350391188
0.00188957158488279
0.00214544230283309
0.00199057318408791
0.00205454086358259
0.00195017254441154
0.00198720646412198
0.00198047302416171
0.00198383974412764
0.0020343405437302
0.00195017254441154
0.00196027270433774
0.00197373958422986
0.0020915747832646
0.00224307718207228
0.00184243750527457
0.00201750694387215
0.002024240383804
0.00214544230283309
0.00188283814495094
0.00222624358218582
0.00203770726369612
0.00208147462336683
0.00194343910445127
0.00197373958422986
0.00196700614426959
0.00197037286423551
0.00198047302416171
0.0019333389445535
0.00191987206466138
0.00197037286423551
0.00211514182308292
0.00194343910445127
0.00225317734197006
0.00190303846477491
0.00195353926437747
0.00194343910445127
0.00227337766182245
0.00195353926437747
0.00206800774347471
0.00209830822322488
0.0019333389445535
0.00202760710379835
0.00219257638246972
0.00199730662401976
0.002024240383804
0.00214544230283309
0.00192660550459323
0.0021016749431908
0.00187273798502474
0.00211850854304885
0.002111775103117
0.00196027270433774
0.00193670566451942
0.00192997222455915
0.00194343910445127
0.00195353926437747
0.00202087366383807
0.00201750694387215
0.00191650534466703
0.00192660550459323
0.00192660550459323
0.00194007238448535
0.00193670566451942
0.00197710630419579
0.00191313862470111
0.00191987206466138
0.00216564262268548
0.00215217574279336
0.00192997222455915
0.00227337766182245
0.00208147462336683
0.00205454086358259
0.00209830822322488
0.00201750694387215
0.00190303846477491
0.00199730662401976
0.00200404006398003
0.00194007238448535
0.00189967174480898
0.00205454086358259
0.00206800774347471
0.00187273798502474
0.00204107398369047
0.00192997222455915
0.00194343910445127
0.00210840838315107
0.00198720646412198
0.00205790758354851
0.00210504166315673
0.00196700614426959
0.00181550374549033
0.00199730662401976
0.00190977190473518
0.00204780742362232
0.002024240383804
0.0019333389445535
0.00182897062538245
0.00201077350391188
0.00182560390541653
0.00203770726369612
0.00204444070365639
0.00198047302416171
0.00192997222455915
0.00199057318408791
0.00194343910445127
0.00188620486491686
0.00196363942430366
0.00194680582444562
0.00199730662401976
0.00195690598434339
0.00197037286423551
0.002024240383804
0.00191313862470111
0.00205790758354851
0.00190640518476926
0.00190303846477491
0.00195690598434339
0.00194343910445127
0.00189293830487713
0.00194680582444562
0.0019232387846273
0.00194680582444562
0.00196027270433774
0.00210504166315673
0.00202760710379835
0.00199057318408791
0.00206800774347471
0.00211850854304885
0.00189293830487713
0.00219594310243565
0.00206127430351444
0.00198383974412764
0.002024240383804
0.00196700614426959
0.00196700614426959
0.00198047302416171
0.00194007238448535
0.0020915747832646
0.00201750694387215
0.0020006733440141
0.00197037286423551
0.00180203686559821
0.00186937126505882
0.00195017254441154
0.00187947142498501
0.00197037286423551
0.00189293830487713
0.00196363942430366
0.0019232387846273
0.00184917094520642
0.00187273798502474
0.00194343910445127
0.00193670566451942
0.00205454086358259
0.00197037286423551
0.00200740678394595
0.00198383974412764
0.00199730662401976
0.00187947142498501
0.0018559043851667
0.00202760710379835
0.0018357040653143
0.00188283814495094
0.00192660550459323
0.00204444070365639
0.00207137446344063
0.002111775103117
0.00185253766520077
0.00250904805994878
0.0019232387846273
0.00184917094520642
0.00197037286423551
0.00183907078530865
0.00189630502484306
0.00197373958422986
0.0019232387846273
0.00189293830487713
0.00189967174480898
0.00187273798502474
0.00183907078530865
0.00185253766520077
0.00204107398369047
0.00191987206466138
0.0018559043851667
0.00203770726369612
0.00191987206466138
0.00190640518476926
0.00197710630419579
0.00203097382376427
0.00197037286423551
0.00191987206466138
0.00194007238448535
0.00192997222455915
0.00183233734534838
0.0018559043851667
0.00189967174480898
0.00209494150325895
0.00196363942430366
0.00174143590606946
0.00195353926437747
0.00187947142498501
0.00188283814495094
0.00188620486491686
0.00188620486491686
0.00186263782509855
0.00191987206466138
0.0018357040653143
0.00189630502484306
0.0018559043851667
0.00211514182308292
0.00191650534466703
0.00192997222455915
0.00187947142498501
0.00189293830487713
0.00199730662401976
0.00191650534466703
0.00207474118340656
0.00206127430351444
0.0018357040653143
0.00194680582444562
0.00190303846477491
0.00176163622592185
0.00189630502484306
0.00191650534466703
0.00186600454509289
0.00180540358556414
0.00198720646412198
0.00201750694387215
0.00190977190473518
0.00189293830487713
0.00191650534466703
0.00204444070365639
0.00191987206466138
0.00188283814495094
0.0018357040653143
0.00193670566451942
0.00190977190473518
0.0018559043851667
0.00190977190473518
0.0018458042252405
0.00187610470499067
0.00183233734534838
0.00180203686559821
0.00185253766520077
0.002024240383804
0.00185927110513262
0.00189293830487713
0.00196700614426959
0.00189630502484306
0.0018357040653143
0.00188620486491686
0.00189293830487713
0.0018458042252405
0.00187947142498501
0.00183233734534838
0.00205790758354851
0.00206800774347471
0.00195353926437747
0.0018458042252405
0.0018357040653143
0.0018357040653143
0.00190303846477491
0.00177846982577989
0.00176163622592185
0.00188283814495094
0.00190640518476926
0.00178183654574582
0.002024240383804
0.00179867014560386
0.00208147462336683
0.00184917094520642
0.00173470246613761
0.00185253766520077
0.00200404006398003
0.0019232387846273
0.00191650534466703
0.00184243750527457
0.00176163622592185
0.00216227590271956
0.00187273798502474
0.00184917094520642
0.00186600454509289
0.00198047302416171
0.00189630502484306
0.00184917094520642
0.0019333389445535
0.0018458042252405
0.0021791095025776
0.00193670566451942
0.00181213702549599
0.00183907078530865
0.00187273798502474
0.00187273798502474
0.00181213702549599
0.00195690598434339
0.0018357040653143
0.00176163622592185
0.00186600454509289
0.00187610470499067
0.00179530342563794
0.00182560390541653
0.00186600454509289
0.00187947142498501
0.00186263782509855
0.0018458042252405
0.00178183654574582
0.00172796902617733
0.00190303846477491
0.00178856998570609
0.00180540358556414
0.0017683696658537
0.00180877030553006
0.00185253766520077
0.00199393990405383
0.00201414022390622
0.00191987206466138
0.00175490278596158
0.0017683696658537
0.00179193670567201
0.00183907078530865
0.002111775103117
0.0019333389445535
0.00186263782509855
0.00179193670567201
0.00176163622592185
0.00181213702549599
0.0018559043851667
0.00203097382376427
0.00195690598434339
0.0019232387846273
0.00196363942430366
0.00178183654574582
0.00188620486491686
0.00195017254441154
0.00180540358556414
0.00180203686559821
0.00189630502484306
0.00195017254441154
0.00180540358556414
0.00180203686559821
0.00173470246613761
0.0018357040653143
0.0018357040653143
0.00184917094520642
0.00180540358556414
0.00181550374549033
0.00187610470499067
0.00191313862470111
0.00182223718542218
0.00188957158488279
0.00179193670567201
0.00184917094520642
0.00179530342563794
0.00183233734534838
0.00186263782509855
0.00176163622592185
0.00176163622592185
0.00182223718542218
0.00184917094520642
0.00178520326571174
0.00175153606599565
0.00183907078530865
0.00191650534466703
0.00183233734534838
0.0018357040653143
0.00175153606599565
0.00173470246613761
0.00176163622592185
0.00183233734534838
0.00181213702549599
0.00186937126505882
0.00204444070365639
0.00178183654574582
0.00181887046545626
0.00181887046545626
0.00207810790337248
0.00181887046545626
0.00175490278596158
0.0019333389445535
0.00174816934602973
0.00172796902617733
0.00173470246613761
0.00171113542631929
0.00188957158488279
0.00173470246613761
0.00219930982240157
0.00179867014560386
0.00176163622592185
0.00182223718542218
0.0018357040653143
