8.66512666839901
14.2555140434933
6.14786220889972
8.50135739567277
12.2133905705188
6.91260065910041
11.9986490562022
8.83094453616221
12.5796005350668
14.8260964569712
9.59406450077637
8.60091851848107
10.9861545422195
14.0398378117561
6.80855359685359
13.4760013826366
8.39146510728806
5.6111629952949
9.26251217561135
6.47548944839575
8.10576399313856
8.7735054826317
13.6899363542941
11.580000369438
7.52423069365966
14.4917535175228
9.39777674312534
10.009631159298
5.56679111269361
7.54260894450166
12.786842331207
12.249923096309
11.6569883102053
11.5876240606127
7.65182844246782
10.886075800432
8.33440324710763
13.5434629843391
6.67134559030391
8.21992609830789
7.15807122022107
12.4853094865072
5.30288200239859
14.9958366216638
9.45003125929905
8.2396011177175
7.71935778069605
11.3143188892277
11.7858245671737
12.686396324542
7.11099093519267
9.03879657660858
5.14962781215765
7.16457268621437
11.2410747800471
14.9010843584815
5.56037089322363
9.5773250121759
5.97191990603757
12.7311002257102
12.5242870886893
6.98381110092858
8.25894662749305
10.0317847945896
7.03404732978862
12.3536045771816
11.95339338099
14.407993654321
11.3828025733127
10.9319409691358
10.1363913395534
9.85746529566322
13.9492805777052
6.03737928132791
14.3268814008889
10.6299176793456
8.46541668425757
13.7035629053445
7.12476231416344
14.2940927486564
11.7671889408512
13.0929210266119
13.2332697648385
7.88985796086588
5.42641121333344
8.7428389586229
12.0950884881758
9.48720882801535
5.34134248459003
7.76020725670051
10.3204981112329
13.766541407646
12.566336282326
8.94970853730791
10.7051021823328
5.16905332331694
9.22115606303859
10.2805603805232
12.9565824958996
12.1058898548317
11.2956709094417
8.32082729908926
14.9409794886292
5.84867680206241
7.54479818901304
12.2629888122437
10.0989791716176
14.121711703544
7.84715445803968
5.60595030472599
11.4304608782484
6.86627116059334
7.44735590203691
6.68729033009541
5.95870448888347
14.4408292347916
8.76000450880431
5.36388187065163
9.60016678528059
13.3006715438799
5.25330929303022
7.46097775699913
14.0614443737554
8.61738852063666
5.60623606192739
11.3793131046217
12.3005921860515
9.99436524442176
10.3417402717093
14.1526212815964
6.40355482033147
13.1943194764486
5.74177361346934
10.028335632046
7.99321504323915
8.44115484578641
13.1614047106969
12.3793861668005
5.3398529758773
8.17288557380399
13.6533229597195
12.9828399573461
6.63484757400013
14.7448553525783
11.3392095511663
8.44902015466396
11.3139787096335
10.873839156255
7.98579725244889
11.2737361202554
11.4185119872269
8.85206739641142
5.6751867992671
14.6653741247339
11.8473737658259
8.82948635646702
9.26884609804804
11.318384172017
5.23723394415948
11.1749482571056
14.9718597989064
5.09940713122028
8.77476463585909
8.70399634915749
14.2118586571088
13.2456045745141
6.11929075114845
12.4284834427052
13.7035384595705
12.5270128158113
6.27421772811917
11.390081514718
5.01882209879879
6.42207441550105
14.6568117568746
7.27993250839836
5.82092338702346
14.3260521938914
12.2876421421846
12.1666790799777
5.0601275990126
6.42154623382096
7.00336119599732
14.0774673241681
7.72890249839401
12.5609505966343
12.5139258812059
6.08586266144966
13.1904250389343
14.1731918594864
14.1817719204526
6.83781374270439
12.1369454266655
9.17436789148591
8.2104889476118
13.5487090325237
9.20286852551145
12.9403143975569
5.52778989949396
13.1030681493664
7.32452260753997
13.8949584396426
12.1797638693987
10.4682476093518
9.9943115961607
5.02322367653333
8.82803850163709
14.2625755564803
5.00335557188372
9.56223446145202
8.00335617346802
9.95225707687088
14.0402052025466
8.08001803689606
11.1096138621175
13.5451067691099
13.1055091079372
9.70676048440518
5.96988705478793
6.64570126449893
5.72647189733264
5.02822129372325
14.2475215764851
14.5398097727984
13.3547040680729
14.445867158129
14.2625992607667
10.8539173800271
13.2210486406035
6.10289592837539
13.0865271556011
7.89007216218082
13.7930554984219
14.1940371655324
9.83694967646214
6.17463233208427
9.25124553713645
11.5445767593597
9.07794893203189
7.70047202588514
8.72770529902165
13.2608134974399
6.07730029359039
8.62298378150671
11.1646288900428
9.22430804760617
7.80707171287197
9.05172059379391
13.0742172020827
9.67484535121612
5.43799312861097
14.5055712138205
11.9652205467934
13.8915518077093
12.3713894560583
7.29109451784117
14.6569000358717
12.6494172693146
12.1230067139931
10.5579076107459
5.77008758848087
12.9835842943242
6.03632011990125
13.9099228162226
11.4851704785651
5.10807721531165
11.1686647511632
14.8556312097285
13.2525315331482
9.92977473405765
9.28865443599792
6.55572555260192
5.62360475639775
13.278878201617
12.9274591381915
7.475121572607
13.9603841728471
10.6193309990029
8.36997408678001
9.12518922449121
11.6335886492815
10.2056718709972
12.7891633506587
8.54099649341181
5.65969600378888
13.5904191144949
10.9343147881017
14.9109668634269
6.81744091349856
7.54064836264542
6.52719546892682
11.6112914405361
14.4310332180808
13.5295044940002
6.92517764142872
10.7535841774117
12.2192865815631
7.17684065008206
12.1472764756558
11.0513448787556
13.0651064691572
7.96090367585769
10.80865223336
8.13923567204947
5.38098411924266
13.8917307487233
13.8767596614472
13.6958055178906
5.9588858735422
9.89106108747571
8.34017351770832
9.03236224089327
9.27423638655906
7.99261069352638
13.9337821341787
10.5738788901979
5.18921414769
12.5047867992037
13.2450200164581
12.9042145367845
9.18322559992422
11.2671610604506
13.0329835002544
10.7066763745272
8.39737246915529
12.6868261681761
7.13415550723533
7.10356343511177
11.3484937642127
7.16866816480431
10.2652981637582
11.7783367267895
13.4815176960613
12.3280923807386
11.0695459280483
8.66747817744826
14.4064828103515
9.64472088263365
8.1548055781936
6.77742842777984
14.7231226257619
12.2479724429253
13.9468741939091
11.9358429987371
14.2099380176513
12.5042964007478
7.33184825800146
11.4332157285789
14.6051855325358
11.3607619239451
10.5591632337461
14.7239629550736
8.94128380633815
14.2525251115856
6.86291248285584
6.79273861273105
9.93738334831752
5.09676906285726
14.7513263756084
7.70362112378081
11.7523684455124
11.7679894303599
7.3421049577023
13.7996808814521
14.6352260964318
11.5712999636331
10.5603077175463
11.9556071785347
11.9325279381924
10.2610971607549
11.1768592525606
10.5539564377706
9.34477442503453
11.4623847927028
13.1905550837368
11.9447163297132
12.3297500392557
6.09193370554177
11.5062015295901
10.9025392411218
10.3497711141991
10.7104029513707
7.50784107529023
14.9971950129819
11.6189681037724
10.5507983813988
7.83184612447578
14.2384557571899
10.4599731019072
9.27160051934166
13.739558001845
14.3045069515187
9.90285767973948
5.44597765843724
10.0345231549817
7.94992639942648
9.90066068924743
5.14198651648144
12.3100800750195
7.63343125804272
6.93878188722597
10.385704252181
14.5101509631008
9.33888157580537
5.17869587540893
5
10.3739817340635
12.4883621863496
6.05676323187328
9.9276593258569
9.47245174618957
8.84024284680021
8.60003070598141
8.84358033851111
12.363313182296
6.03675869816619
9.25494155909411
7.35437311743465
7.17550598170416
9.07922091905748
8.73424704318174
11.3313151330706
6.49042728065186
7.65572062287515
11.5310023316241
11.8818154737562
5.64589196205555
8.89358997062175
6.42265484174553
10.2354218883348
7.03884884449019
12.1825567267987
8.79131680323648
8.86756347557181
8.95855055792023
14.9735300347323
11.2097151609841
13.1784226721991
14.8132923415974
11.6137613077969
5.17160985135967
10.3529471108404
13.176485729341
5.5271069800748
14.8086119458663
9.89410835906921
10.6992694495617
6.05407054525282
8.09212764885549
8.99255766083994
13.7044480130466
7.54108077583724
12.9759437074915
8.22565235998649
13.9086473875752
10.6169299268696
8.89007017555363
11.8492235442501
12.8173424168955
8.30634357436697
14.3635712106587
6.47518496746625
11.0605005486286
10.8308045162528
7.88360368539117
12.2993581921051
5.04371924758818
14.7419304031238
14.8944929533051
12.3992463202779
9.8365067098963
11.0859820596093
7.55054394855147
10.5712078466215
8.90240427172227
13.3907631050556
13.1642925764438
5.95811350460152
7.85657184972307
6.63168717657937
6.17733922821893
14.601284589517
5.79625552579071
12.4395603536198
11.5404370480024
14.5072312413672
14.2160761920214
5.56045764727445
9.96837926071083
13.3510838037649
11.0782530632031
14.3699547894483
5.35587345932806
11.5017419712549
12.2596532698524
13.7058880566076
14.3019097349261
7.34047441711274
12.6529664673979
7.50404695778568
9.84518231550549
10.9668022191521
6.16904076466195
10.7023445012918
14.1655141236579
7.6132591574618
15
7.39952906489444
14.3327112609785
5.51267748654409
12.46210052314
7.92674987497656
8.98744489855146
11.1804484443406
7.12379755017249
14.771749793856
5.6737226457
13.630403367723
14.2998306409646
8.38583561673822
13.0927451727979
14.492724773028
9.76834434643745
6.5382023535647
6.31578646109931
10.4760150931623
10.7249018043056
11.0582651500108
13.3210177494833
10.2059793878289
14.0983165428438
10.8186113633555
8.31461020991789
5.34731809596184
11.7959680337881
10.2200001817811
13.4270370288795
10.1033741972132
13.2835094026762
8.92197109456504
14.5166944140814
11.8113403311514
6.23720955901022
9.45049497819119
5.88377648464929
