9.84276337673257
8.05125157452657
6.3282498241667
12.7844098577037
7.43303657024562
8.44521919127092
7.20357619815308
11.8610334829256
9.97704869390776
8.82361787293035
7.98445913950403
8.48120348931687
13.9143799435879
14.0209020800897
9.05203022357266
7.4707100169238
11.75957041049
9.96206088647394
9.63678098846226
9.48366166789582
7.42305161959197
11.0905510868156
7.12491890677564
14.8091610610916
9.14955005120732
8.85087541823387
7.91516174571635
7.93572533531587
9.55165658484025
10.2821518338905
5.9647849834068
8.75743732180501
13.143961873848
9.75346969610605
12.2795543408289
10.1130185998311
10.3592755127569
7.19990060434066
11.2950078408349
7.70115416744607
6.61303348611909
10.7003825453428
8.04487620628426
8.1813269668758
9.09408424595346
12.6580800539945
6.66403050340712
10.4862921319776
8.28205817348501
8.65569893490604
9.99347892366408
6.86334879448191
8.13278140815132
9.35686636673169
8.67800264009145
7.58996560733894
12.2245863407718
7.47197456093114
10.3966733442808
8.96194827958084
11.2101338636297
7.90834075837577
9.8577788746314
9.88929343693674
14.4040173760649
10.2787896590398
11.8586322053002
9.38765196988148
9.62480815544073
9.38953282380408
8.6369884455616
7.02770639765313
6.47843557160198
11.8559847639807
8.29526827302498
14.7567127892435
11.8756070835502
7.46700172866078
9.4868922392656
12.8345022172729
8.73580644653162
7.32695318706086
8.84250039796174
10.5866417814277
12.8288725790583
14.6943907759722
7.81346329544164
11.8610818587002
9.18053759412821
7.78229956183079
8.88309708103308
13.044108505795
8.0777694617621
8.31354670868228
6.95457585360265
13.1174855930705
8.20528138500142
13.1858583474475
9.93692881866025
10.3963238535113
9.63768342173185
8.9613871902764
9.35308523651731
13.1165173442963
13.9006214050376
12.9073684809578
9.37822933762467
9.47888105820314
8.95952741028468
9.59095566123767
5.26851143285295
8.99496616246674
9.37421784168623
13.7754129124582
7.82432022556984
14.2535209191044
10.8023204402785
11.4217434372882
11.7679918705146
11.2728580022253
9.29454218499776
9.17569647842643
7.9904314615417
7.90207095238742
10.7365561106346
7.9673640721442
10.2080974750409
12.4132772387887
12.1106544549517
8.58782608570417
8.11122561516641
12.7085121612112
5.17286656019898
7.78710942125781
8.63036251781835
10.183054148258
11.520178052913
8.74460955447903
14.3047993839247
13.1449561093959
9.06868638654256
10.4248908303925
7.62093195504646
12.1258229694069
9.28419274667424
11.3611154949737
12.4043786787928
7.96408014412394
14.5666357477026
14.503537664122
8.33166245413681
7.41123238641455
13.6831932901477
10.3614781728827
7.62822281718581
8.74933615526212
9.57154688726618
7.10475360521559
8.01400000081506
7.72705318446551
12.0232013736808
7.80638131540055
10.1812686447449
14.4537482354841
6.15281025640242
7.47831635825327
7.53200589217531
8.90705054093604
9.99774996518987
6.32950323939916
7.93639744272125
12.0752670746571
8.46788268102664
8.05548984565636
8.68549070928186
13.8086405317641
9.44000943678022
9.32264790882665
12.8846984862688
8.3717303883683
7.27240379999213
9.39449631451866
10.2453367952901
7.60810366545862
13.1012447743399
7.58710726865922
9.51926187701114
9.98409468513021
9.44034099437947
9.33643114171514
8.25647482379738
14.1952628875892
13.4673316907207
7.3694091073825
9.59439722343813
7.95270917331055
9.27471247009937
9.25682641363054
9.22561071149518
9.04659039148819
12.3710219456509
12.0272360466065
9.28993469566528
11.7314107761696
11.0777218394866
10.1461893663443
8.79819289702172
9.00585591196685
9.09074740118877
8.36713095926902
8.97051840439075
8.809050638554
9.34077241459926
8.57876994670302
8.46701021662925
9.87076240825343
9.30129199148256
8.4359082192792
8.31776430124294
7.27711915364308
10.2066326666862
8.58925089280641
7.27570744309626
7.63376286832815
13.5491771871501
9.13753783241583
9.33004266945198
8.40035796065159
7.29800719445553
13.845792285453
10.0369072574029
8.14880296063959
6.79857544186456
8.00181835402033
10.9776825608903
7.45720845153513
8.86899082550342
8.89752167997228
11.5836035121591
8.87668973423034
8.00912856965789
11.0640347519615
8.65552647540337
8.08720993810243
7.49679986415136
8.93541026671998
8.51783936528615
14.1488708592983
12.3169786823052
9.04629014017552
9.43693300597155
8.4731702992146
6.68820894110456
7.55678506109467
8.32780985370032
8.64075169011953
8.12955825882669
8.91225274970348
7.79673485990526
8.56086198520808
11.259026724889
8.6661870731242
9.17552850328885
7.47359745373789
9.78917159223603
9.52347728024153
10.4002544999188
9.02647293353223
14.8274351251907
10.7180867582816
9.68284657866118
14.5947030376099
12.0409161909167
10.474716746369
8.80101195254999
8.18194880482786
12.153133769802
13.8921104051546
9.55193531641846
7.33835667412648
9.19749660601762
8.75869776354725
10.208502516469
11.949120764811
7.81590190739048
9.1464715791668
13.4191838252721
10.7134506143405
11.6388432185872
7.22401437985778
6.39137717648914
9.44168012512429
10.6888157025756
11.4494082035803
12.9163567227376
9.74478580824979
9.04619158855635
9.99471381507344
8.82942757898455
8.40352043482232
9.07556498589146
7.07501811529179
7.23951458774591
8.9915022041231
5.8191038109601
11.9908106726114
12.3431910225868
11.6381263246665
8.40859458063105
7.87667649019529
10.6800968214007
7.12597663655604
7.67984623133706
10.7435764665775
9.45817434713671
10.4493087948358
9.01846033658485
8.72362569014029
7.67222525453498
9.94166061313148
9.62420403001993
6.10302588548653
9.30495682710471
7.46621928375479
7.35939519097455
7.87803963687268
8.02607651209362
10.6854508488276
9.82085688400265
7.62774489388543
9.48556635485562
8.27326400701316
9.28006407273624
9.58860904336231
7.8404852205181
8.54859951190388
7.79064542734724
11.0052028923926
8.1675994648586
8.20755245945525
11.9562399211519
7.66416865783747
9.83750378844894
8.68221614436229
8.22900257834562
8.97517225720604
9.42036964338226
8.07394044689858
9.04608698500516
9.87134599849929
9.96149770973792
9.17067316152275
8.05901061815381
7.85977752252121
8.68908016382819
9.13789536630594
11.809824951271
6.02537469833751
12.9532854382828
9.42234186874054
8.27449744010933
8.14292187294037
7.45631196279246
12.6390749425889
7.40815640378224
8.572880682941
7.60350949344202
5.22709974017293
12.2630932517542
10.5118950017656
10.509684955301
10.3917029936942
6.34996544094491
6.73923912222175
12.8504643111165
8.71027132878859
7.70507114912532
10.9844124253422
11.9261660846039
12.3303741405505
8.34167714869633
7.06376058895847
6.0048304827671
9.73024226243996
8.27562612757752
8.97618943279527
8.6068502400297
13.0668588565294
9.41172045658274
9.60860879762385
10.1265366496461
9.92413857498582
11.4988702630297
12.302274082877
10.0532997505021
9.47439976838549
13.7789782707577
8.77933324315634
13.1789158089967
13.934341724972
6.58849006033811
7.54266944410943
13.5089271668802
8.19492109700938
7.54056110312407
7.98631816834913
8.46324691234046
9.89175913633631
9.55759793571948
7.63546211423477
9.37231910586075
8.11550286393747
8.08320880854539
13.9054444166873
8.27353408954668
8.84908121423747
11.5947522831554
6.65626277767319
10.1758407886833
11.2367343663485
11.0312041217237
6.84619504657833
7.62552052978287
7.67622267776466
10.7069249548797
10.6932131426826
13.8665398488308
14.9437798873642
11.4661679717269
8.87011276976941
8.6953416565011
9.13642699237175
9.08244200788756
9.22235195035335
9.80863389468615
12.6068898599794
9.3935293269423
10.45818025522
6.54415459866997
11.5261629109929
7.9421923618548
9.14109448858569
8.14363160453233
9.30029398872849
9.85567624876265
9.10498414690096
13.4251095581603
8.60401283339387
8.53320883730781
8.39573219471111
8.35549268206101
12.8425681415475
9.3057443211249
9.23730512247323
13.6831863418256
7.66461016603982
12.2715414969761
9.77387877608599
14.5654426653448
12.062214456042
8.18380543216677
9.25708424476299
10.9688854129121
7.85438451765407
11.8955166919417
8.21248029850972
9.74378705777417
10.803449690746
8.21854328482356
7.97744057794913
8.79508995331577
9.08913279885733
11.8035415931795
8.95285294900528
6.81650350476992
11.9907659606579
7.34193819039895
8.45162123366043
7.06145023755257
6.86483518198865
10.2531474819797
12.4045812136483
7.63633146681246
9.11705761573491
7.52454572753849
8.58567825222116
7.81806639194289
13.5005964110155
7.27106357140671
8.33933976511803
9.02187700794222
6.21920713906208
8.2627178499561
10.397263366472
13.0002359394912
8.4925424380031
8.56211390213451
7.15227901029788
10.4545009623641
14.4875493302618
7.27082053992693
11.5449443829715
12.8127181894919
9.64080768463838
7.66701821855026
9.70993276448714
8.43495305348126
10.511492724057
13.3778368333306
7.2046922776224
9.6430002033368
8.78613154273287
9.5817779036341
8.42924905261243
10.4625558384283
11.4043304392552
5.04100547481422
11.2840580713672
8.90772351100588
7.46297973097236
9.43468779973314
10.1070939101638
8.15047693751146
9.37436904574756
7.07215666575514
7.5834628684239
11.6396247258833
7.58168674712357
10.3566402711838
10.182538825287
10.3077818042662
10.6085080153696
8.54253851241753
7.88167744204454
9.73062774410452
9.20489321572943
7.93677151976087
8.47327647445191
9.72534601638002
8.83620043319675
7.17933419670521
10.1709124189121
11.0419409367036
12.4953521950599
7.92249934121738
