9.84585636794271
8.0664494770327
6.3282498241667
12.7844340696922
7.43208705306448
8.44521344774046
7.20357615407759
11.8610334829256
9.9774601933014
8.82382743172185
7.98445924157328
8.48080843669386
13.9143364138073
14.0209414315584
9.05203203206396
7.47070711005471
11.7595704186855
9.96206088694209
9.58989714833312
9.48363020520652
7.42304091723931
11.0918152841998
7.1249771388332
14.8129872661275
9.14897523784989
8.84929271879697
7.915054181647
7.91701833126429
9.55176679760443
10.2821769825769
5.99830212860782
8.75743647436194
13.1444703359513
9.75346988199152
12.2797347442148
10.11301889017
10.363270754223
7.18228278438851
11.2955663632343
7.7011246086455
6.61304060132025
10.6992380256733
8.04487624260844
8.18133226172917
9.09408424595305
12.526358435162
6.66403083087349
10.4862927910472
8.28205080747009
8.65569892255998
9.99347892366414
6.86334873278566
8.13278126252354
9.35687784059044
8.67800271640666
7.58996557957413
12.2245863373651
7.4651985467025
10.3966735204643
8.96196506885714
11.2101337188353
7.90834074839301
9.85756631480796
9.84767022779024
14.4024576899146
10.2786493255806
11.8454456766529
9.38764908066664
9.62479362222319
9.38848464767812
8.63703303319003
7.02770639764273
6.47844145084189
11.85598476067
8.29527806345824
14.1313788028318
11.8755631674001
7.40676920887132
9.48689229968469
12.8345022243817
8.73580644450242
7.32695318848236
8.84252634190233
10.656916804922
12.8288705411302
14.6943951272378
7.81346312325953
11.8610832895397
9.18053760555622
7.78384599748323
8.87381425645385
13.0440977055193
8.07776968493819
8.31354670992184
6.95919724491071
13.1396308859194
8.20566575602017
13.1858555789906
9.93692919259421
10.3963238313473
9.63808229331983
8.95880793300709
9.35299503486667
13.1164002665238
13.8718820141691
12.9073672482821
9.37814324432453
9.45211253128884
8.96056756006665
9.58090222840963
5.26832955363388
8.99502181419178
9.264049639609
13.7754101134026
7.82426702050677
14.2535210795491
10.8022794553313
11.421728703969
11.7680105131634
11.2728580339343
9.29419579851335
9.17569647843313
8.48085734586792
7.90788891172181
10.7365561103798
7.96743440731339
10.2077826252718
12.4073262161822
12.11056496953
8.58782640923793
8.11122561516641
12.7191943631829
5.17333256450785
7.78700902310172
8.63756155033819
10.1830655792349
11.1801795741281
8.74468976701033
14.2719207030538
13.1451826657862
9.0686863866786
10.4248474293056
7.62093195518336
12.143316253734
9.28451750389109
11.3596508099326
12.4046664566669
7.96408014358133
14.5666398010283
14.4966368890463
8.33174805540433
7.41122797643566
13.6831932908682
10.3614801267097
7.62820115814936
8.74933621932356
9.57131137398851
7.10484112977566
8.01400000086394
7.72689234346754
12.0232033878044
7.80660263240249
10.1816841030736
14.4537482081108
6.15280725229259
7.47831634769132
7.53197594739203
8.90705285014796
9.99774999817777
6.32943608322412
7.93647792654466
12.0757157683184
8.46879714131499
8.05037246943276
8.6852685280099
13.8087545444589
9.43609144509961
9.32264790889286
12.8846990269257
8.37174418980234
7.27240042086844
9.39449499981963
10.2453367973702
7.60863246348228
13.1019523492361
7.58711113063892
9.51926186990388
9.97972530579746
9.44023064605488
9.33657430364795
8.2564784612405
14.1952628864526
12.6477849411597
7.36930996493254
9.59441192937563
7.95270917300208
9.27471246659615
9.25101836768948
9.22560913445454
9.0465903903244
12.3710219331675
12.0271767266804
9.28993469566528
11.6941620733342
11.0777218394866
10.146119287595
8.79819289702184
9.00650724652545
9.07031358115707
8.36711144297235
7.89939526337514
8.88950465976988
9.34076901462231
8.57877508398062
8.46701021662018
9.87076313832401
9.3012914801705
8.44083760280231
8.31776430216277
7.27711915423719
10.2066035383794
8.58649229356806
7.27570850837038
7.63783188892345
13.549176417111
9.13753781841679
9.33004262841125
8.40031583397504
7.29800670308233
13.8457936908969
10.0369019892098
8.14900244094174
6.79857600243535
8.01584131360491
10.8080656392533
7.45722015115946
8.86899082550342
8.89752303419625
11.5836035121591
8.95101584184457
8.00911352217338
11.0640331749263
8.65552789333078
8.08728706924861
7.49611431662665
8.93541025768067
8.51783936489
14.1488519579722
12.340514103974
9.04628994300913
9.4369322312954
8.47316581667391
5.27088233993237
7.55660930717649
8.32798659572167
8.64076890856045
8.12955832375655
8.91225272902109
7.79096163705394
8.56110352122994
11.2874710478638
8.66618358111186
9.17552835903731
7.46704420907729
9.78916969400515
9.52348473355599
10.3992235606857
9.02760200554071
14.8274325633018
10.7181646453373
9.68256541664666
14.5924307824691
12.0409161667936
10.4750801357732
8.80267880952689
8.18189142871267
12.160272983248
13.8921104052054
9.55193531659205
7.33835671403808
9.19749666015231
8.75869827770344
10.0739152856764
11.9476005164429
7.81582366061769
9.091364198775
13.4191796122949
10.7458104913245
11.6388715585826
7.22402060608524
6.39137717447213
9.44168025422888
10.6888111558452
11.4020436212206
12.9163568088859
9.74477623815966
9.04619158886506
9.99312567486899
8.83340535176569
8.40352043449469
9.06687444937698
7.10821054100277
7.23951311644147
8.58987808425521
5.81909855663765
11.9908117780051
12.3431910226221
11.6381287757371
8.40859458646664
7.87667649019529
10.6800968214023
7.1259800237272
7.68484524739572
10.7435764665775
9.45525890166186
10.4493087017722
9.01646369930355
8.72362568559853
7.67222524891914
9.94166099599723
9.62420403001993
6.10301594236922
9.30495682441001
7.46621295808489
7.35942014159793
7.87803967603724
8.02607634779411
10.536191731229
9.83295259924833
7.62774117654933
9.48556635485562
8.27255737478798
9.27948717734786
9.58879375873288
7.8420924229192
8.54859951190388
7.79064550859965
11.005193626253
8.16759984498397
8.19091067204898
11.9731430871974
7.66445816082715
9.8452525888208
8.68221614436229
8.22948389157739
8.99118098227452
9.42037912018172
8.07394090125551
9.04782150285581
9.87134944861493
9.96123946222017
9.17067531786695
8.05901078926206
7.53915676431771
8.68908694529235
9.13789536823229
11.7827343753901
7.00501335965041
12.9532824434826
9.42250377647868
8.2745163733658
8.14292192580141
7.45631196279246
12.9607395065907
7.4081409839119
8.57274425845471
7.60350949343396
5.22705307869483
12.2630932707689
10.5118982335552
10.5068482900587
10.3985520313567
6.35010141721049
6.7392326429966
12.7708492888249
8.71027120051
7.70506831165916
10.9844122825336
11.9261660838702
12.3303726503916
8.34167758843951
7.06373979639685
6.00483148340718
9.73024226243996
8.27562611199746
8.97619076319914
8.60685026718398
13.0671881798265
9.41171996105119
9.60860879762385
10.1789953523873
9.92413857636246
11.4985194379124
12.3022517273973
10.0531692190681
9.47437057467485
13.7789782707154
8.77583738137721
13.2048981956234
13.9343381745162
6.58629603373379
7.54266945980125
13.5088671518884
8.17933032201706
7.53204391463613
7.98495197391404
8.46324691234046
9.8914858784849
9.55730764658954
7.62358736449786
9.37231905326805
8.13526506113852
8.08320962742279
13.8977816581286
8.27353437059847
8.84655547136898
11.5947517983607
6.65854479987959
10.1758407886942
11.236735631053
11.028242048539
6.84619474594778
7.95102624288332
7.67620342944381
10.7069249551085
10.6932033019941
13.866545985117
14.9437651078324
11.4661645748149
8.82734790561942
8.67102572533256
9.1364269923749
9.08244200792893
9.22273265909808
9.80863247105636
12.6068825583165
9.39353539181667
10.4581778441044
6.54463152503281
11.5261624969353
7.95525249518373
9.14109765835352
8.14363160736418
9.30029401870392
9.85541982128021
9.10501944173116
13.4251230087472
8.60249352601047
8.53386241013876
8.39573219477526
8.43188129823347
12.8425681799238
9.30574218073329
9.24060375996029
13.6831863006691
7.66460947392702
12.2715499856623
9.77387735413826
14.5654859014536
12.062214456073
8.18181725126732
9.25708424476299
10.9688853839729
7.85438485869175
11.8955175634354
8.21248031605795
9.74378705777417
10.8041820526666
8.21855145313659
8.09398729654582
8.79518135393864
9.08913099137702
11.8035416162129
8.95285266125805
6.81650317255716
11.9901782907272
7.34193819119472
8.45162126523243
7.06188563074648
6.86483518200184
10.2707010120322
12.404541306187
7.63628122119008
9.17908079234784
7.52454173111074
8.58532058504147
7.8183175888888
13.8649133012778
7.27089587840444
8.3348045519383
9.02182956049517
6.21579902414039
8.26048065485653
10.3209100409369
13.0002371914699
8.34479460401364
8.56251547194361
7.15227671457655
10.4545010525622
14.4875553059518
7.27082052135009
11.5449442838501
12.820548145931
9.64081277003347
7.66701821855026
9.63883467390422
8.32933054729912
10.5115729078566
13.3778368991925
7.20567007975287
9.64281765705255
8.78613155160895
9.58177784186196
8.42923672557639
10.4625613686557
11.4043304392552
5.04100408824544
11.2840669923404
8.90772480844287
7.46292376610394
9.43450452152231
10.1070939099671
8.15050948077022
9.39988030189983
7.06996960757851
7.58366799206663
11.6396247056308
7.58168645274854
10.3567608625055
10.1923395358369
10.3077732920476
10.6084319723658
8.54253843333051
7.88168760014558
9.73062600462026
9.20496669051187
7.87113249996281
8.47327647045249
9.72540343215397
8.83573868007739
7.18134338616144
10.1707806422709
11.0419415056813
12.495349392028
7.92249644767282
