3.02675616530595
3.30880313104959
4.1339020284488
3.96418230788655
4.29821816345427
3.72360659877114
3.14023482871812
3.44320259237438
3.61418483292653
3.68380523524957
4.5963883511489
3.07641191818871
3.90621075667033
2.76780826529753
3.7584252167326
3.09042420671662
3.25249137278007
3.78577308307382
2.97725528154197
2.90532867603739
4.22999831664001
3.63141570574868
3.74876609712987
4.579874589681
3.22136941334904
4.47190388014477
2.51835788233313
4.54213702550291
4.13317818365459
3.63280952781753
5.23393064556856
3.82134921302921
3.40006144263953
3.40313525797492
3.51147967342817
3.69758522009931
4.24571753219428
3.48976432960188
3.64984176416127
4.54894790000841
3.69020536991837
4.42694133490448
4.07446595404429
4.29020536991837
4.25747075162025
3.23821311337431
3.21174396094605
3.1098266139214
4.12719215554247
3.56012204359902
2.84842774177258
3.36679824930562
3.44230704486156
3.91208568302332
3.16800016833599
3.08101085767191
3.2729374631765
3.50355441461159
3.8125620738995
3.17523524955811
2.5362991330696
3.60795303425638
3.22871559633029
3.11407204780744
3.31653312010775
4.16880144768959
4.07996044104033
3.0209384731925
3.28579833347362
4.42129871222963
3.7665625789075
3.11841174985273
2.88876104704991
3.41817776281459
4.03235502062117
3.63969447016245
3.10405942260752
2.88907078528743
2.93255197373958
3.72360659877114
2.90263193333894
3.51198468142414
3.38848665937212
3.38030216311759
3.51070532783436
3.28272788485819
3.49352158909184
3.60762309569901
3.54257469909942
3.64974749600202
3.82379008500968
3.06993434896054
3.26515697331874
3.89597256123221
2.84616867267067
3.3470120360239
3.2376643380187
3.53831916505345
4.02880649776955
2.76259658277922
3.18346351317231
3.4737151754903
2.86741604242067
2.41497264540021
2.79237185422105
2.89053194175574
2.66384395252925
3.46136941334905
3.70258816597931
2.99522346603823
3.28685885026513
3.36848497601213
2.66417725780659
2.83878545576971
2.68778133153776
3.97747075162025
3.13600286171197
2.53709367898327
2.91047975759616
2.86516370675869
3.24244844710043
3.05852790169178
2.87896389192829
3.59976517128189
3.45670987290632
2.56109502567125
3.0316143422271
2.51835788233313
3.07255365709958
3.24951519232388
2.46803215217574
2.98298543893611
2.92288948741688
2.89944364952447
2.77390539516875
3.18345677973235
2.98073310327413
3.41354515613165
3.29648766938811
3.24854221025166
2.49753471929972
3.38936200656511
2.84275145189798
2.80130039558961
2.80880818112954
3.22787728305698
2.82425805908593
3.66585725107316
3.253625957411
3.34382038548944
2.52032741351738
2.96167410150662
2.72552226243582
2.56558623011531
2.5050122043599
2.81884774008921
2.90372948405016
2.89083494655333
2.60449541284405
2.52157309990741
2.51803804393569
2.92211850854306
2.45274724349804
2.22198215638414
3.36307802373537
2.77468647420253
2.30129871222962
2.98293157141654
3.0792769968858
2.42360491541118
2.73865920377074
2.86777628145779
2.63267149229864
3.20250904805994
2.93255197373958
2.54748674354011
2.77826529753389
2.66585388435317
2.76502062115983
2.78846645905227
2.58572258227423
2.54734197458126
2.8474884269001
2.46862132817103
2.47323036781415
2.83112280111104
2.84599360323205
2.60789243329685
2.80070111943439
2.85083494655333
2.62531184243753
2.87507869707937
2.49225906910195
3.1558900765929
2.49805992761551
3.20793956737649
2.84842437505262
2.75335493645318
2.95776533961788
3.08761972897904
2.36040484807677
2.40498358724014
2.30653396178772
2.73261257469912
2.46284066997728
2.63567123979465
2.31392727884858
2.75027775439779
2.51463765676291
2.61033667199732
2.78210335830317
2.55696742698427
2.2493636899251
2.86122801111017
2.88802710209578
2.36992256544062
3.03757006985944
2.01452150492383
2.15738490026092
2.62341974581264
2.85661897146704
2.60398367140814
2.24038128103695
2.41192239710463
2.4602011615184
2.81508711387932
2.36204107398368
2.9494259742446
2.72552226243582
2.62677299890584
2.66457789748338
2.35821648009428
2.29416463260668
2.81422523356622
2.67023398703813
2.46260499957916
2.11422018348625
3.04920882080634
2.8695774766434
2.26231546166147
2.52148556518813
2.18634205874926
2.71153354094773
2.57257217405942
2.37414779900683
2.47995370760037
2.39816261257471
2.47970457032238
2.42488426900093
2.78403585556771
2.40753556097971
2.25865920377075
2.04596330275231
2.44018264455855
2.39742866762057
2.20589933507281
2.14555424627557
2.1776996885784
2.20028364615774
2.66604578739165
2.47047975759617
2.44260668293916
2.40700025250399
2.3743262351654
2.59823331369415
2.37598266139216
2.35005218415958
2.52606093763151
2.64309822405522
2.43212271694301
2.62600538675196
2.28574446595405
2.09881070616953
2.28968689504251
2.46293493813653
2.2493636899251
2.34901523440789
2.4933128524535
1.75559717195523
2.53995202424039
2.12963302752294
2.49210419998317
2.84969699520244
2.30369918357042
2.51835788233313
2.30199225654408
2.01452150492383
2.59179277838567
1.96577476643381
2.50593805235249
2.68493308644054
2.08465701540274
2.18806245265552
2.32077182055383
2.60664338018685
2.42401565524787
2.32184580422523
2.41164295934686
2.33056560895548
2.25811716185507
2.12643464354852
2.38297533877619
2.01239037118089
1.91216985102264
2.55427741772579
2.01452150492383
2.3130384647757
2.25196279774431
2.55112953455097
2.35005218415958
2.04583873411329
1.95551637067587
2.22767864657857
2.23361417389108
2.2493636899251
2.0810882922313
2.18688746738491
2.35248295598015
2.31624021547009
2.06196195606432
2.38031226327752
2.15628061610977
2.31580254187358
1.86576298291391
2.67451308812392
2.20236091238112
1.84230367814158
2.19815251241479
2.3629130544567
2.17736638330106
1.94268916757849
2.46960777712314
2.30202929046376
2.25223213534215
2.34279016917768
2.60685548354516
1.73817439609462
1.96514182307888
2.08931655584547
1.88585556771315
2.09881070616953
2.44376820132987
2.2202886962377
2.43671155626632
2.2586390034509
2.18551721235588
2.49051847487587
2.14487753556099
2.30777628145779
2.12963302752294
2.36717868866259
1.63330780237354
2.03236512078109
1.91116656847066
2.40614847235082
2.31874842185002
2.01929214712567
1.98520747411834
2.14513003955898
1.9103518222372
2.12409477316726
1.86329517717365
1.79415284908677
1.83760710377916
2.05656847066746
1.82876609712989
1.91797070953623
1.88982156384142
2.15807844457538
2.23361417389108
1.85166315966671
2.03488342732095
1.85385826108913
1.86151081558793
1.91778553993771
2.12414864068683
2.01413769884689
2.15982240552142
2.01452150492383
2.01186179614513
1.95173554414612
2.38238279606094
1.95828381449374
2.49867940409058
2.09978032152176
1.81772325561823
2.24802710209579
1.82880313104957
2.16813820385491
2.12549196195607
2.25527228347784
1.89078107903376
2.09327918525378
2.35979210504166
1.95132817102939
2.10282046965744
1.75205874926354
2.0522388687821
1.8578882248969
2.21909351064727
1.86287097045704
1.95735459978118
1.82757427825942
2.00157983334736
1.88065398535477
1.86201919030384
1.77841006649274
2.43201498190388
1.9378511909772
1.86193165558456
1.51742193418062
2.13132312094942
1.89083157983336
1.99465785708276
1.51948573352414
1.94216059254273
1.35616951435065
2.62196195606433
1.84551216227592
2.04087282215303
1.94283056981737
1.79920629576637
2.3175869034593
1.69618129787057
1.90739247538087
1.71953960104369
1.91620654827037
1.79813567881493
1.78021462839828
1.84723592290212
1.77334315293325
2.07897735880817
2.00238111270096
2.07255029037961
1.95842521673259
1.77340038717281
2.00065398535477
1.77693207642454
1.89981735544146
2.11777207305784
1.91574867435401
1.96391633700867
1.8963900345089
2.02356788149146
1.82082063799345
1.9528398282973
1.9408004376736
1.6230999074152
1.92558286339533
1.87098813231211
2.10365541621076
1.75467132396264
1.59635805066915
1.35769127177846
2.12436074404513
1.62864152849087
1.52319922565442
1.8919627977443
1.64933338944533
1.74170608534635
1.63330780237354
1.8660626209915
1.64209494150325
2.21525544987796
2.08678814914569
1.96691945122464
1.59769800521843
1.60129702886962
1.60190303846477
1.76135762982915
1.79493729484051
1.59660045450721
1.67703139466374
1.6469497517044
1.68548522851611
1.74162191734703
2.11531436747748
1.94616362259069
1.92500715427994
1.69482787644139
1.74116741015067
1.89627893274977
1.91299469741605
1.8051754902786
1.56037791431697
1.77647756922818
1.68017254439863
1.73050837471595
1.81302331453583
1.75671155626631
1.43769800521844
1.89413769884692
1.68775439777798
1.60833010689336
1.63320680077436
1.66916337008669
1.89666610554667
1.97401313020791
2.41900934264794
1.42773924753809
1.59367814157059
1.60017254439862
1.3901127851191
1.76474455012206
1.6230999074152
1.64253934853969
1.83224391886205
1.88883174816937
1.44527985859776
1.66635215890918
1.5112642033499
1.76017927783857
1.42264876693881
1.61895884184833
1.6486398451309
1.93310074909519
1.31929383048566
1.44080885447354
1.51948573352414
1.19488342732095
1.77317818365458
1.68530005891762
1.65777375641781
1.30144684790844
1.81673680666611
1.5645863142833
1.68287938725697
1.57225906910193
1.52635384226917
1.94356788149148
1.54358134837136
1.51591701035267
1.50994108240047
1.59745560138037
1.47660718794714
1.62599191987206
1.61394242908847
1.77880060600961
1.70313357461495
1.7231655584547
1.69310411581517
1.41026260415791
1.8866871475465
1.39468479084252
1.43320343405438
1.67574194091407
1.48881828128947
1.43092753135258
1.75323373453415
1.66065566871475
1.33939314872487
1.45032320511743
1.39811547849507
1.66894790000842
1.38155794966755
1.61685464186516
1.48333389445332
1.49975002104202
1.36066071879472
1.4975650197795
1.48531015907753
1.19006901775944
1.3549002609208
1.36212187526303
1.21229946974162
1.55034845551722
1.53131638750946
1.28820217153438
1.69992172376064
1.49584799259321
1.66721740594227
1.42712313778301
1.49096624863228
1.56857924417136
1.47423028364616
1.22318070869457
1.50730157394159
1.61926521336588
1.60654911202761
1.42834189041326
1.52100412423198
1.51742193418062
1.47964733608282
1.46534214291728
1.30254103189966
1.69546418651629
1.49231293662152
1.2713012372696
1.57197289790423
1.47078949583369
1.48975759616195
1.70602895379179
1.62937210672504
1.36161686726706
1.51024745391803
1.43988973992089
1.25393232892856
1.19488342732095
1.3901127851191
1.52319922565442
1.41883427320934
1.24833684033331
1.67024408719806
1.05358555677131
1.24351569733187
1.13547428667621
1.40985523104118
1.38887046544903
1.59678225738574
1.19388014476897
1.14990068176081
1.6533128524535
1.47578907499368
1.19488342732095
1.20511488931908
1.15574194091408
1.29625873242995
1.30561821395506
1.16090985607272
1.32325982661393
1.62060853463515
1.48879471424965
1.11095446511237
1.35617961451058
1.30313694133491
1.36161686726706
1.2030275229358
1.66950340880399
1.44002104199984
1.29908004376736
1.48858597761131
1.32879808096962
1.30429509300564
1.45745055130041
1.12849507617204
1.5954254692366
1.21422860028619
1.44344162949247
1.20522935779817
1.47196448110429
1.30771904721826
1.33234323710127
1.61263614173893
1.10518390707853
1.37930561400557
1.43936116488513
1.47650955306793
1.2058118003535
1.1104528238364
1.46347698005218
1.20589933507281
1.35895715848835
1.10444996212442
1.19532783435739
1.17927868024577
1.23927699688579
1.15625368234998
1.10103947479169
1.10561821395507
1.18839575793285
1.12281541957748
1.62670229778638
1.07502482955982
1.03628398282973
1.13092584799261
1.49966585304267
1.1135872401313
1.07602811211177
1.26115394327078
1.32879808096962
1.01407709788739
1.18628145778976
0.96576803299385
1.19318323373454
0.986368992509057
1.29232640350139
1.18102600791181
1.07047302415623
1.247377325141
1.07351990573184
1.2527775439778
1.13236680414107
1.4121513340628
1.23976180456191
1.41133995454928
1.22860786129115
1.19360407373117
1.1618626378251
1.32952865920379
1.1366896725865
1.15715933002272
1.30952360912383
1.20260668293915
1.19703139466375
1.01565608955477
1.50895463344838
1.34873916337008
1.28324972645402
1.05157899166738
1.34979631344163
0.988991667368083
0.978672670650639
1.2294394411245
1.16402743876779
1.09959515192324
1.32611143843113
1.11320006733442
1.33335998653314
1.2957739247538
1.17180119518559
0.879007659287936
1.03641528490869
1.05652133658785
0.902665600538683
1.23143927278849
1.1549137278007
0.973636057570928
1.06446679572429
0.743450046292395
1.33752798585979
1.09367309149062
1.4446401818029
1.13550795387593
0.904958336840338
1.27707852874337
1.14510983923913
1.11840501641277
1.20501052099993
1.13493897820049
1.11134163790928
1.01044440703646
1.11318323373453
1.17284824509721
1.20323962629408
1.28641444322869
1.08071458631429
1.04653901186771
1.01985775608114
0.849171786886643
1.17011110175912
1.3980750778554
1.01015823583873
1.07271525965828
1.05171702718627
1.11108576719133
1.17050837471595
1.08570069859439
0.950048817439608
1.10018432791853
0.993795976769633
0.869459641444337
0.98303930645568
1.181625284067
0.88047218247624
1.03773503913811
0.825298375557622
0.89408383132735
1.23197458126421
0.973918862048663
0.957421934180644
1.02558454675534
1.05587829307299
1.16364026597088
0.998647420250819
0.967852032657191
0.955654406194782
1.20253261509976
1.09821816345425
1.01989815672081
1.01623179867016
1.01027607103779
0.735528154195777
0.960004208399965
1.12792273377661
0.998172712734629
0.984086356367328
1.05287854557699
1.07047302415623
1.01737648346099
1.0228642370171
1.2083637740931
1.05758185337936
1.04559633027523
1.02238616278092
0.882909687736742
0.99912886120697
0.924788317481699
0.907028869623787
0.919000925847996
1.2287021294504
1.2008627219931
0.935814325393494
1.07172207726623
0.91182307886541
1.22435569396515
0.986897567544816
1.07899755912803
1.04379850180962
1.03988973992088
0.956826024745396
0.785746149314036
0.784709199562343
0.781773419745832
1.07035855567713
1.2192147125663
0.851552057907583
1.16898998400808
0.794590522683279
0.830213786718303
1.03527060011785
0.948883932328926
0.908274556013822
0.995311000757511
0.844458378924344
0.744699099402425
1.13385826108913
0.853811127009521
0.843687400050499
0.869459641444337
0.99792357545661
0.991270936789846
1.073375136773
1.16313189125495
0.859460483124337
0.853747159330027
0.828634795050931
1.01176752798585
1.01349128861207
0.82129534550964
0.65793199225655
0.908378924332965
0.895151081558794
1.02114047639088
0.799132227926947
1.27902112616783
0.907247706422027
0.868796397609628
0.805020621159855
0.841549532867617
1.21393232892854
0.729919198720665
0.979494150324058
0.912543556939653
0.76346519653228
0.904948236680411
0.871944280784447
0.879307297365557
0.894134332126924
1.01315461661477
1.0558143253935
0.837337766181292
0.881704401986383
0.82149061526809
0.649218920966263
0.632681592458567
0.831913980304705
0.844458378924344
0.815605588755176
1.02918693712653
0.902369329181056
0.792742193418064
0.804364110765107
0.791109334231123
0.785520579075836
0.803118424375072
0.740359397357139
0.860419998316644
0.801623600707018
0.83312263277503
0.792243918862056
0.790446090396443
0.914880060600979
0.883997138288038
0.836203181550388
0.895319417557459
0.729919198720665
0.837192997222473
0.936342900429253
0.763754734449975
0.956819291305465
0.732525039979805
0.703402912212795
0.838586819291322
1.01466290716272
0.703894453328843
0.586725864826207
0.787823415537417
0.808825014729393
0.969279521925785
1.14590775187276
0.655262183317916
0.903615015571091
0.65283477821734
0.925034088039723
0.932393737900867
0.770619476475048
0.859443649524451
0.835980978032154
0.787604578739177
0.780160760878715
0.597068428583469
0.744901102600807
0.86135594646916
0.741564683107498
0.792742193418064
0.588961366888327
0.588698762730417
0.716725023146211
0.787183738742527
0.778814072889503
0.666318491709461
0.756095446511239
0.715459136436323
0.66971551216227
0.794098981567203
0.693524955811796
0.767549027859616
0.757401733860803
0.826544061947658
0.755543304435662
0.593647841090814
0.775117414359073
0.804774850601802
0.800563083915506
0.726606346267147
0.899507617203938
0.670897230872839
0.973444154532444
0.724784950761716
0.557755239457975
0.868156720814767
0.811417389108669
0.832408888140748
0.680761720393917
0.845993603232046
0.59586314283311
0.773669724770656
0.886936284824515
0.697612153859097
0.829547176163629
0.688410908172727
0.783584715091337
0.646320175069434
0.743466879892281
0.808649945290796
0.817278848581765
0.799792105041661
0.748897399208829
0.675681339954565
0.758947058328431
0.612666442218682
0.687326824341397
0.655709957074322
0.574275734365813
0.876512919787899
0.650747411834033
0.712971130376246
0.651403922228781
0.700036192239708
0.826961535224314
0.77675364026598
0.682448447100427
0.592240552142073
0.696891675784883
0.645350559717201
0.698504334651972
0.76674774850602
0.576524703307797
0.728821648009443
0.671018432791868
0.680462082316325
0.597068428583469
0.748897399208829
0.811976264624207
0.650131302078961
0.818241730494066
0.527650029458812
0.669018601127846
0.767107987543142
0.82283056981737
0.618245097214043
0.735326150997395
0.630664927194687
0.534494571164061
0.770461240636308
0.70900176752798
0.644404511404758
0.554846393401249
0.642027607103785
0.585503745475989
0.668328423533382
0.694716774682263
0.700911539432724
0.71445248716438
0.604657015402751
0.756748590186021
0.745725948994192
0.504837134921303
0.670028617119783
0.694676374042587
0.612986280616127
0.659992424880073
0.649740762562089
0.552590691019276
0.65248127262015
0.726367309149083
0.703413012372692
0.70461156468312
0.501113542631089
0.56370086693039
0.624237858766094
0.552021715343841
0.556206548270353
0.697861291137116
0.56064388519485
0.612632775018938
0.675482703476149
0.534494571164061
0.612666442218682
0.633593973571266
0.596361417389119
0.632829728137381
0.608027102095804
0.64801700193587
0.500278596077777
0.557755239457975
0.576063462671499
0.590728894874189
0.53748421850014
0.592216985102283
0.614827876441382
0.672412254860717
0.457497685380019
0.618538001851704
0.648599444491225
0.678071711135431
0.588261089133908
0.56310495749517
0.706574362427403
0.644185674606518
0.632065482703496
0.720590017675278
0.621935022304541
0.5256872317145
0.595566871475484
0.550368655837048
0.750069017759444
0.674415453244677
0.592240552142073
0.59828044777376
0.588261089133908
0.501827287265399
0.687878966416974
0.405424627556613
0.594199983166419
0.618426900092601
0.589409140644733
0.558644053530855
0.510745728474035
0.547278006901792
0.551688410066504
0.504837134921303
0.643030889655762
0.438139045534882
0.436327750189378
0.545106472519166
0.559721403922225
0.587661812978723
0.548116320175069
0.57227590270179
0.714937294840496
0.44096372359229
0.580076592879408
0.590506691355955
0.472910529416737
0.717889908256893
0.421958589344342
0.579901523440782
0.524236175406116
0.49248463934012
0.673176500294602
0.627806581937563
0.434614089723084
0.623641949330874
0.527225822742196
0.613555256291562
0.41471004124233
0.666769632185861
0.474900260920805
0.581349213029227
0.66662822994698
0.549432707684559
0.599687736722501
0.53417136604665
0.50975591280195
0.483640265970877
0.616097129871235
0.518869623769064
0.523091490615286
0.634994529080046
0.577841090817287
0.447710630418328
0.589173470246607
0.422567965659454
0.456629071626963
0.592947563336423
0.375329517717375
0.669415874084677
0.408707179530353
0.527225822742196
0.459140644726887
0.49121875263026
0.523000589176007
0.54532194259744
0.534403669724782
0.50105967511152
0.533696658530431
0.485279858597778
0.415911960272723
0.53490867772075
0.471550374547604
0.573097382375238
0.50975591280195
0.41471004124233
0.454912044440704
0.615743624274046
0.50975591280195
0.465631680834946
0.573083915495346
0.383817018769463
0.532999747496007
0.407912633616718
0.524236175406116
0.544234492046144
0.562007406783948
0.432008248463944
0.472385321100916
0.436166147630672
0.602539348539693
0.45511741435908
0.548028785455784
0.692612574699098
0.451548691187611
0.416595404427255
0.561536065987724
0.494817776281451
0.540443565356469
0.393913811968702
0.469281205285768
0.539245013046042
0.40221951014226
0.455911960272715
0.400367814157079
0.454053530847574
0.445034088039733
0.355186432118529
0.377962292736299
0.408707179530353
0.451437589428508
0.456629071626963
0.415571921555426
0.486353842269182
0.459399882164803
0.385739415874099
0.425459978116322
0.435354768117179
0.373817860449464
0.481189293830482
0.493090648935294
0.52349549701205
0.597388266980914
0.402441713660465
0.499228179446192
0.395193165558453
0.417076845383406
0.422594899419238
0.432725359818193
0.432668125578658
0.414497937884022
0.428806497769557
0.455746990994044
0.379335914485324
0.382928204696583
0.435105630839161
0.563458463092331
0.465631680834946
0.455016412759875
0.519209662486332
0.421039474791684
0.463463513172286
0.411454423028374
0.41626883258985
0.279098560727221
0.388247622254028
0.619665853042676
0.486387509468898
0.455316050837467
0.396482619308159
0.563842269169271
0.48729652386163
0.42478326740175
0.422716101338267
0.407882333136939
0.385695648514428
0.379335914485324
0.317859607777137
0.437415200740674
0.41738995034089
0.506634963386915
0.370558875515542
0.526855483545177
0.414235333726111
0.347537244339719
0.320354347277174
0.353388603652888
0.41642706842859
0.44988553152092
0.358283814493745
0.45584799259322
0.383981988048163
0.460584967595338
0.419029542967763
0.373817860449464
0.408653312010784
0.351186768790512
0.445468394916247
0.403593131891256
0.408464775692295
0.443731167410164
0.404626714922983
0.425557612995533
0.409757596161938
0.362485481020116
0.393533372611728
0.479058160087533
0.319303930645589
0.407377325140999
0.412881912296939
0.436775523945812
0.332292736301667
0.460083326319335
0.407222456022225
0.284101506607186
0.587079370423368
0.262251493982006
0.42831495665348
0.398745055130036
0.436068512751461
0.434445753724447
0.323010689335916
0.472846561737242
0.383527480851797
0.317728305698182
0.389671744802627
0.351146368150836
0.377251914821983
0.404434811884528
0.298595236091245
0.485111522599112
0.332902112616779
0.37165979294673
0.362805319417561
0.330885447352927
0.369181887046551
0.426574362427402
0.372333136941336
0.413252251493986
0.358745055130044
0.415258816597941
0.338760205369937
0.386325225149392
0.385739415874099
0.278852790169196
0.452289369581706
0.423854052689165
0.330030300479763
0.389523609123813
0.29414106556689
0.408895715848843
0.373380186852955
0.374777375641798
0.389860281121116
0.353051931655585
0.329629660802965
0.315159498358724
0.362424880060615
0.419510983923914
0.32774429761804
0.338083494655336
0.252568807339458
0.406855483545172
0.412346603821248
0.292878545576968
0.383763151249894
0.319519400723863
0.398253514013987
0.30942597424459
0.320354347277174
0.393913811968702
0.295164548438692
0.306759532025922
0.319236596246128
0.349365373285082
0.288922649608622
0.331137951350911
0.247845299217232
0.412659708778733
0.334898577560807
0.319775271441813
0.253285918693706
0.360660718794719
0.307042336503656
0.295847992593224
0.334161265886706
0.392964396936293
0.264904469320783
0.306964901944298
0.374040063967698
0.286394242908841
0.216928709704575
0.369548859523604
0.328649945290806
0.380191061358488
0.297844457537252
0.249101085767194
0.307480010100164
0.363966837808277
0.254982745560142
0.411242319670066
0.358425216732599
0.339447016244435
0.303685716690524
0.342251493981991
0.321387930308902
0.257689588418486
0.322687484218505
0.328171871054622
0.316304183149583
0.326475044188214
0.324848918441205
0.379541284403672
0.328528743371777
0.274048480767618
0.221935022304535
0.469941082400481
0.251366888309065
0.389163370086692
0.287299890581608
0.348065819375478
0.300867772073076
0.193553572931592
0.356290716269683
0.274348118845211
0.27425721740596
0.251774261425822
0.331578991667385
0.243869202929062
0.263978621328192
0.317293998821668
0.251673259826617
0.277580170019377
0.288717279690275
0.358590186011298
0.242711051258311
0.263611648851111
0.27164464270686
0.285899335072799
0.227823415537415
0.255221782678234
0.258150829054813
0.264035855567727
0.310294587997646
0.254582105883344
0.264904469320783
0.377319249221443
0.279115394327079
0.267921050416646
0.264052689167585
0.228419324972663
0.30697163538423
0.300803804393581
0.25432960188536
0.210151502398787
0.330632943354942
0.236704822826368
0.355991078192091
0.300527733355779
0.260564767275497
0.223615015571085
0.276220015150244
0.296033162191748
0.299285413685737
0.303739584210092
0.320576550795408
0.292009931823941
0.263790085009674
0.30283730325732
0.335746990994039
0.252208568302336
0.287700530258405
0.18442302836462
0.31590017675282
0.175380018516961
0.355172965238637
0.222712734618312
0.228452992172379
0.311829812305376
0.271944280784453
0.268112953455102
0.246384142748923
0.262988805656107
0.249101085767194
0.274573689083411
0.242253177341979
0.231035266391729
0.22397188788824
0.273415537412689
0.2583494655332
0.265049238279602
0.243485396852122
0.211033583031735
0.275647672754815
0.250178436158592
0.262517464859855
0.212743876778063
0.263194175574455
0.197963976096304
0.265396010436831
0.20567713155458
0.277054961703556
0.277640770978877
0.208693712650444
0.262763235417907
0.249959599360324
0.203158825014725
0.272041915663664
0.19975170440199
0.412114300143088
0.246330275229354
0.25194933086442
0.254531605083741
0.292740510058081
0.353573773251412
0.217578486659392
0.237021294503847
0.197580170019364
0.262507364699957
0.228224055214213
0.24190640518475
0.284690682602474
0.17154869118761
0.18133574614933
0.282330611901358
0.26434222708528
0.182709367898326
0.19908846056731
0.23534803467723
0.24130376230957
0.245619897315038
0.186136688830914
0.235220099318241
0.225039138119683
0.27055382543557
0.282142075582868
0.201047891591628
0.232853295177193
0.238697921050431
0.198152512414794
0.301682518306535
0.198159245854725
0.213962629408314
0.286283141149738
0.212841511657274
0.255810958673521
0.229813147041511
0.206343742109254
0.226109755071121
0.216676205706591
0.213026681255798
0.257325982661399
0.206808349465547
0.23076256207392
0.240024408719819
0.300339197037289
0.202677384058575
0.150698594394413
0.2235880818113
0.212289369581697
0.18209662486322
0.318846056729228
0.272314619981501
0.266715764666287
0.256464102348303
0.16674438178606
0.215784024913745
0.213716858850262
0.199489100244108
0.240478915916185
0.22530510899756
0.197842774177275
0.18796818449627
0.148890665768874
0.196523019947819
0.266574362427406
0.201472098308244
0.199536234323716
0.220763403753892
0.161569733187463
0.218090228095292
0.185894284992855
0.149988216480097
0.249161686726723
0.23291726285666
0.224022388687814
0.212841511657274
0.223066240215474
0.190186852958504
0.173565356451491
0.154890160760885
0.153115899335091
0.189739079202099
0.197607103779148
0.206441376988465
0.202828886457382
0.229405773924753
0.224473529164214
0.214178099486588
0.173067081895482
0.229759279521943
0.16174480262606
0.230887130712915
0.19908846056731
0.174238700446097
0.221632017506948
0.214585472603318
0.190207053278357
0.16674438178606
0.142345762141247
0.18209662486322
0.203997138288031
0.226422860028634
0.208400808012811
0.182904637656776
0.191405605588756
0.129616193923084
0.256440535308485
0.174898577560811
0.21698594394411
0.216874842185007
0.191365204949079
0.195792441713678
0.197842774177275
0.155162865078694
0.155425469236604
0.135955727632364
0.228025418735797
0.104500462923994
0.181355946469154
0.174390202844876
0.264692365962475
0.1988258564094
0.228483292652129
0.153284235333729
0.152674859018617
0.155327834357394
0.21348455517213
0.189755912801957
0.185897651712821
0.17215806750275
0.151685043346532
0.217413517380692
0.211259153269936
0.13484471004125
0.165906068512754
0.137851190977187
0.159165895126677
0.191998148304009
0.190146452318828
0.123838902449307
0.219093510647269
0.14421092500632
0.185688915074508
0.170892180792862
0.173235417894119
0.18812642033501
0.178568302331456
0.165545829475633
0.170649776954804
0.192112616783106
0.216824341385404
0.168596077771241
0.150318155037468
0.212363437421089
0.177800690177605
0.157034761383727
0.190207053278357
0.198159245854725
0.204003871727963
0.160202844878398
0.163152091574801
0.16609797155121
0.164020705327829
0.159664169682685
0.153115899335091
0.134895210840853
0.138652470330783
0.129191987206468
0.177800690177605
0.137851190977187
0.152674859018617
0.147005302583977
0.154890160760885
0.161020957831852
0.168966416968289
0.158411749852718
0.149900681760812
0.17964901944282
0.197031394663753
0.138248463934019
0.153785876609732
0.173817860449475
0.153826277249408
0.134410403164736
0.129616193923084
0.141716185506283
0.161741435906066
0.137029711303768
0.162647083578833
0.14204949078362
0.134269000925855
0.154614089723083
0.16100749095196
0.149193670566461
0.148830064809374
0.180201161518397
0.117243498022049
0.149506775523946
0.10664843026683
0.172649608618798
0.0890775187273789
0.146833599865346
0.175450719636387
0.168198804814409
0.17158572510732
0.170892180792862
0.149732345762146
0.211972897904218
0.171467889908257
0.174646073562826
0.102790169177695
0.185503745475984
0.181217910950267
0.141261678309917
0.15934433128524
0.118398282972834
0.134996212440029
0.0925216732598244
0.200620318155046
0.11250652301996
0.205993603232059
0.142359229021139
0.151530174227759
0.157630670818975
0.112304519821578
0.166128272030988
0.121394663748845
0.11633111690935
0.114869960441041
0.132878545576972
0.125172123558627
0.146971635384233
0.101504082147983
0.134898577560818
0.156243582190058
0.133521589091828
0.107678646578592
0.132504839659958
0.13641023482873
0.136090396431285
0.160122043599017
0.142537665179702
0.151442639508474
0.143729484050169
0.174147799006818
0.176026428751783
0.148099486575205
0.159943607440454
0.120728053194171
0.229409140644748
0.16329686053362
0.127761131217909
0.14274976853801
0.12834694049323
0.156960693544335
0.139837555761318
0.113937379008519
0.142419829980639
0.178770305529838
0.124074572847405
0.134740341722079
0.139322447605423
0.0834281626125915
0.124882585640933
0.143231209494161
0.178006060095953
0.121724602306216
0.126710714586324
0.125535729315715
0.13678730746571
0.135077013719382
0.167949667536419
0.10320090901439
0.14185422102517
0.138228263614195
0.166296608029626
0.135784024913733
0.105985186432122
0.156502819627974
0.120748253514023
0.105863984513093
0.127878966416972
0.117428667620572
0.146924501304625
0.0972115141823053
0.118004376735968
0.116018011951866
0.101685885026512
0.140389697836895
0.0765331201077402
0.101504082147983
0.130848413433228
0.0962620991498966
0.142759868697937
0.119647336082835
0.134235333726139
0.0772333978621305
0.12894958336841
0.0859734029122308
0.17681760794548
0.144739500042078
0.102083157983344
0.115028196279781
0.0936394242908989
0.148782930729737
0.126966585304274
0.111644642706864
0.123512330611902
0.117267065061867
0.166306708189552
0.129006817607944
0.0891044524871631
0.113728642370177
0.162290211261677
0.0883637740930965
0.0933229526134198
0.101864321185104
0.0977535560979845
0.10160508374716
0.116435485228521
0.0730754986954025
0.0968647420250761
0.098928541368565
0.104601464523199
0.10606935443144
0.141611817187112
0.118849423449205
0.120391381196868
0.125980136352155
0.0797988384816222
0.110940998232479
0.0986726706506147
0.132791010857687
0.0708534635131741
0.121953539264382
0.109500042083994
0.129919198720643
0.0709982324720215
0.112735459978126
0.102699267738416
0.0942690009258627
0.124784950761722
0.106116488511077
0.100743203434064
0.0860171702718731
0.124088039727297
0.0989655752882754
0.125663664674704
0.0762099149903293
0.113301068933595
0.080000841680004
0.0937168588502857
0.143386078612906
0.124209241646327
0.0922860028617265
0.113045198215644
0.0938481609292126
0.101137109670901
0.0850778553993905
0.127269590101861
0.0834281626125915
0.0790514266475952
0.0694596414443254
0.0955887551552905
0.100935106472519
0.0671568049827442
0.108298123053629
0.109957916000354
0.118630586650966
0.101507448867949
0.0830780237353963
0.078135678814931
0.101864321185104
0.0737421092500767
0.0785161181718763
0.0748295598013726
0.10753724433971
0.0928314114973432
0.130770978873841
0.0881180035350724
0.0815394327077001
0.136437168588515
0.0797988384816222
0.0898518643211901
0.0790985607272319
0.128481609292152
0.0724021547007965
0.104076256207406
0.0845762141233877
0.0941107650871231
0.098679404090575
0.0954439861964431
0.108587660971295
0.0696986785624176
0.0756813399545706
0.0989150744886729
0.0924913727800742
0.093457621412341
0.098272030973817
0.0867410150660817
0.0692744718458016
0.0906430435148593
0.106193923070464
0.125347192997225
0.0741966164464429
0.0708534635131741
0.0699882164801124
0.0889798838481681
0.111833179025354
0.0670423365036754
0.0838995034088157
0.0671568049827442
0.0837682013298604
0.0514207558286444
0.101716185506291
0.0887980809696103
0.096369834189062
0.0622514939819894
0.0622817944617395
0.0952150492382771
0.0721159835030676
0.0927034761383823
0.0889058160087473
0.0550669135594717
0.0738464775692478
0.0966661055466886
0.11776197289791
0.0533128524535016
0.0801523440787832
0.0684597256123425
0.0708601969531344
0.0691398030468804
0.0743009847655856
0.0747150913222754
0.0752638666778864
0.0900303004797536
0.0678200488174525
0.110476390876187
0.0696212440030308
0.0785262183318025
0.084471845804245
0.0837244339702181
0.0912288527901808
0.0960163285918725
0.0664329601885356
0.0796742698426272
0.0785161181718763
0.0699242488006178
0.0730754986954025
0.0763715175490347
0.0942723676458286
0.0681432539348634
0.0671568049827442
0.0797988384816222
0.0709982324720215
0.0617936200656573
0.0852596582779199
0.0643624274051149
0.109641444322875
0.0721260836629938
0.126060937631507
0.0566694722666625
0.0839399040484921
0.0634938136520589
0.0639011867687884
0.0886263782510071
0.0470069859439377
0.073553572931587
0.0692037707263751
0.127074320343411
0.0691566366467669
0.0741528490867722
0.0727354599781336
0.0635140139718828
0.078829223129361
0.0761930813904712
0.0613357461493251
0.0766745223466216
0.0883839744129489
0.0719173470246801
0.0948076761215475
0.0632514098140007
0.0848960525208327
0.0845492803636034
0.06143001430857
0.0787484218500083
0.071267570069864
0.0655980136352241
0.0705706590354396
0.0693822068849386
0.0677257806582077
0.053349886373212
0.0969691103442472
0.0547100412423163
0.0831318912549648
0.0795261341637854
0.0679951182560501
0.0686953960104404
0.0687357966501168
0.0709982324720215
0.0671568049827442
0.067234239542131
0.0884479420924151
0.0741528490867722
0.0682846561737165
0.0775532362595754
0.0638574194091461
0.103763151249893
0.0754961703560468
0.0781457789748288
0.0724459220604388
0.08156299974749
0.0543094015655186
0.0854414611564778
0.0702238868782104
0.0615141823078886
0.0603795976769845
0.0800749095193964
0.0342740510058093
0.0684731924922346
0.0572283477821713
0.066365625789075
0.0619383890245047
0.0443775776449797
0.085364026597091
0.0764624189883136
0.0559826613921359
0.0582551973739669
0.0709005975928108
0.0568984092248286
0.0734121706927056
0.05573015739418
0.0722338187021307
0.0662814577897564
0.0680355188957265
0.0513399545492916
0.0858320006733493
0.0527270431781801
0.0547403417220949
0.0632514098140007
0.092979547176185
0.0604401986364849
0.0541309654069551
0.0671938389024547
0.0893670566450737
0.0869362848245032
0.0444785792441849
0.0658841848329246
0.0789201245686399
0.061978789664181
0.140335830317326
0.0854077939567333
0.0642748926858019
0.0509325814325337
0.0615310159077467
0.0818525376651849
0.095534887635722
0.0793544314451822
0.0515890918272817
0.0720520158236013
0.0701599191987157
0.0444785792441849
0.0553194175574561
0.0436436326908449
0.055215049238285
0.0505521420755883
0.0516530595067763
0.0857545661139625
0.0605748674354061
0.0704292567965865
0.0601540274387844
0.069951182560402
0.0640930898072725
0.0522658025418821
0.0372906321016728
0.0614401144684962
0.0556863900345093
0.047013719383898
0.0443775776449797
0.0579185253766639
0.0730182644558681
0.0589891423281017
0.0651805403585684
0.0581777628145801
0.0573327161013424
0.0710217995118398
0.0490404848076764
0.0509931823920624
0.0600866930393238
0.0348026260415963
0.0640425890076699
0.0662814577897564
0.063702550290401
0.0606691355946509
0.0881281036949702
0.0490270179277843
0.0633625115731036
0.0526967426984299
0.0550669135594717
0.0421084083831431
0.0737185422102584
0.0791793620065846
0.0492559548859504
0.069846814241231
0.0689377998484986
0.0412633616699054
0.0689344331285326
0.0508046460735727
0.0742875178856934
0.0572620149819159
0.0526159414190772
0.0492357545661264
0.0541780994865917
0.0483536739331782
0.0634466795724222
0.0571778469825972
0.0444482787644347
0.0509325814325337
0.0497205622422428
0.0470372864237163
0.0452428246780698
0.042111775103109
0.0522523356619899
0.0497811632017715
0.0407617203939026
0.0454212608366333
0.0517102937463108
0.0421488090228195
0.0520772662233924
0.0441385405268875
0.038472350812242
0.055194848918461
0.050491541116088
0.0530502482956194
0.0736781415705821
0.0444247117246164
0.0530906489352958
0.0624770642201895
0.0625780658193946
0.052568807339469
0.0451519232387909
0.0521513340627848
0.0470810537833586
0.0741663159666643
0.0548447100412375
0.0614771483881782
0.047582695059333
0.0280994865752007
0.0506632438346912
0.0518449625452604
0.0505790758353726
0.0507810790337544
0.0361863479505189
0.0477543977779646
0.0510807171113754
0.0302137867182921
0.0592551132059782
0.0780212103358338
0.0467208147462372
0.0485624105715203
0.0645677973234626
0.0366980893864195
0.0669985691440047
0.0786642538506896
0.0340451140476432
0.048754313609976
0.0421185085430693
0.0457814998737547
0.0473200909014508
0.0420579075835406
0.0401725443986152
0.0490674185674607
0.0529627135763064
0.0506060095951568
0.0444482787644347
0.0382097466543314
0.0383814493729631
0.0502895379176778
0.032809527817534
0.0445526470835773
0.0424821143001566
0.0444785792441849
0.0466366467469186
0.0376138372190837
0.0600900597592897
0.0502020031983932
0.0457040653143679
0.0447344499621352
0.0441048733271714
0.0427581853379309
0.0355971719552315
0.0530704486154434
0.0477476643380328
0.0497979968016296
0.0513702550290418
0.0667830990657308
0.0495320259237531
0.0473200909014508
0.045485228516128
0.0350147293998759
0.0660154869118799
0.0585649356114857
0.0450879555592962
0.0406304183149757
0.0401388771988991
0.0460609376315233
0.0400984765592227
0.0517877283056976
0.0423878461409117
0.0568580085851522
0.0326613921387207
0.0332573015739399
0.0438220688494368
0.0514544230283605
0.0382299469741554
0.0455828633953388
0.0474008921808036
0.0440611059675291
0.0309679319922509
0.0378899082568864
0.0383275818533946
0.0307928625536533
0.0371054625031775
0.039485733524117
0.048666778890663
0.037533035939731
0.0355466711556289
0.0466871475465211
0.0320924164632572
0.037159330022746
0.0524947395000481
0.0471753219426034
0.0418323373453404
0.0438692029290451
0.0447445501220614
0.0387989226496188
0.0349339281205232
0.0385396852117026
0.0375263024997992
0.035526470835805
0.039681003282567
0.0270928373032575
0.0316783099065674
0.0453101590775304
0.033890244928898
0.0320082484639386
0.0611404763908752
0.0387955559296529
0.0324829559801572
0.0545854726033213
0.0350955306792571
0.0453741267570251
0.0367418567460618
0.0411892938304845
0.035311000757531
0.0394722666442249
0.064715933002276
0.0440813062873531
0.0400614426395123
0.047437926100514
0.0550399797996874
0.0409132227927103
0.0358968100328241
0.0316412759868854
0.0365465869876402
0.0479631344163067
0.0377417725780731
0.0423777459809855
0.0354423028364579
0.0542690009258422
0.0437109670903055
0.0341629492467064
0.0254263109166004
0.02366551637067
0.0381760794545869
0.0387248548101979
0.0403274135173888
0.0302609207979287
0.0383646157730766
0.0257192155542612
0.0582922312936773
0.0492694217658425
0.0433776618129968
0.0385295850517764
0.0415562663075661
0.0343447521252358
0.0295202424038337
0.0443068765255532
0.0314123390287193
0.0306884942345107
0.0444078781247583
0.0393577981651561
0.0404923827960602
0.0459330022725339
0.0277055803383632
0.0351729652386155
0.0308635636731083
0.02956064304351
0.031637909266891
0.0378798080969602
0.0422902112616725
0.0338868782089037
0.0320755828633992
0.0365566871475664
0.036964060264296
0.0499326656005508
0.0341326487669562
0.0338229105294374
0.0388022893695847
0.0359473108324266
0.0524745391802242
0.031496507028038
0.0287930308896591
0.0334997054119981
0.0239314872485465
0.0372434980220646
0.0322405521420706
0.0295875768032943
0.0365129197878957
0.0273487080212078
0.0282846561737244
0.0321664843026781
0.0355466711556289
0.0331562999747632
0.0257495160340113
0.03609544651124
0.0316783099065674
0.0403139466374967
0.0328633953371025
0.034991162360086
0.0367485901860221
0.0663790926689671
0.0280994865752007
0.0343009847655935
0.0353648682770995
0.0299309822405576
0.0271332379429339
0.0244196616446573
0.0354019021967815
0.038492551132066
0.0431386246949046
0.0334020705327873
0.0367957242656303
0.0364489521084295
0.0319308139045518
0.041579833347356
0.0387349549701241
0.0311362679909166
0.034014813567893
0.0341124484471038
0.0389133911286876
0.0327388266981075
0.0401826445585414
0.0308972308728244
0.0301599191987236
0.0324088881407363
0.0264363269085095
0.0296145105630785
0.0283789243329693
0.031405605588759
0.0310083326319273
0.0342942513256617
0.025813483713506
0.029011867687899
0.029328339365378
0.0410411581516712
0.0340989815672117
0.0300454507196548
0.0420511741436087
0.0229383048564955
0.0269110344247281
0.0293047723255597
0.0253993771568162
0.030516791515879
0.0285438936116691
0.0348968942008412
0.028318323373469
0.0245307634037601
0.0322742193418151
0.0280220520158423
0.0297121454423177
0.0265373285077146
0.0303349886373212
0.0268335998653413
0.0344760542041911
0.0310352663917115
0.0268807339449495
0.0259111185927168
0.0324492887804126
0.0244937294840497
0.0432901270936839
0.033997979968035
0.0228911707768873
0.0320924164632572
0.0348834273209491
0.0345433886036517
0.0338565777291535
0.0295875768032943
0.0299814830401601
0.0283317902533611
0.0329946974160578
0.0353244676374231
0.0285842942513455
0.0351628650787177
0.0294024072047989
0.0298400808012786
0.0346443902028568
0.0337825098897611
0.0343986196448043
0.0328667620570684
0.0268807339449495
0.024392727884873
0.0278604494571368
0.030180119518576
0.0311632017507009
0.036199814830411
0.0261972897904172
0.0259885531521036
0.0270322363437572
0.0261939230704513
0.0279008500968132
0.0237799848497673
0.0359304772325686
0.0249314030805579
0.0277628145778976
0.0336714081306297
0.027910950256711
0.0491212860870291
0.025705748674369
0.0332236343742238
0.0255104789159191
0.0222548607019633
0.0246317650029653
0.0294091406447308
0.0271972056224286
0.0239651544482911
0.0277560811379658
0.028355357293151
0.0269649019442966
0.0264969278680383
0.0307861291137215
0.0319745812642225
0.0276315124989424
0.0250728053194109
0.0268874673849098
0.0330081642959499
0.0293047723255597
0.0289714670482226
0.029294672165662
0.0288906657688699
0.0242681592458496
0.0251872737985082
0.0228911707768873
0.0376306708189702
0.0248708021210291
0.0249718037202342
0.0310217995118194
0.0325065230199471
0.0299848497601261
0.0255104789159191
0.0351594983587233
0.0255710798754478
0.0272106725023207
0.0319476475044382
0.0224433970204529
0.0278873832169211
0.0244196616446573
0.0257764497937956
0.0238877198889043
0.027146704822826
0.0295168756838677
0.0150972140392298
0.0347049911623571
0.0238271189294039
0.0246014645231867
0.0362233818702293
0.0218575877451599
0.0257932833936536
0.0281499873748032
0.0237227506102329
0.0270356030637231
0.0255710798754478
0.0309409982324667
0.0332943354936504
0.0346982577224253
0.0230494066155984
0.0312978705496221
0.0302642875178947
0.0227699688578582
0.0333549364531791
0.0236756165305962
0.0290960356872461
0.0370010941840064
0.023187442134514
0.0362705159498375
0.0305100580759188
0.0280994865752007
0.0237833515697332
0.021998989984013
0.0244162949246629
0.0216320175069598
0.022884437336927
0.0246586987627495
0.0471517549027851
0.0204974328760272
0.0379707095362392
0.0279850180961319
0.0202213618382245
0.017416884100669
0.0258437841932562
0.0346814241225673
0.025705748674369
0.0175818533793404
0.0360584125915295
0.0255037454759872
0.0420276071037904
0.0366543220267772
0.0372603316219227
0.0302474539180366
0.0252478747580369
0.0214872485481123
0.036432118508543
0.0312069691103432
0.0211303762309569
0.0238069186095515
0.0257730830738296
0.0269043009847678
0.0399234071206251
0.0174606514603113
0.0230426731756666
0.0239180203686544
0.0218643211850917
0.0259885531521036
0.019154111606781
0.0365499537076062
0.0270457032236493
0.0250155710798765
0.0323146199814914
0.0182989647336171
0.0312305361501615
0.0228911707768873
0.0244937294840497
0.0222986280616055
0.0478587660971357
0.0324122548607022
0.0229888056560981
0.023840585809296
0.0199789580001664
0.0174000505008109
0.0239213870886488
0.02038296439693
0.0251064725191554
0.0257023819543747
0.0230527733355927
0.0221639592626843
0.0163193333894469
0.0257394158740851
0.0248438683612449
0.0221100917431158
0.057150913222813
0.0322674859018548
0.0228406699772847
0.0262713576298381
0.0285034929719927
0.0159489941924278
0.0312406363100877
0.0232749768537985
0.0202516623180031
0.0251906405184741
0.0205479336756298
0.0297458126420338
0.0229248379766034
0.0376576045787544
0.0304629239963106
0.0209822405521436
0.0249785371601661
0.0230426731756666
0.0193830485649471
0.0195076172039421
0.0176761215385852
0.0220528575035814
0.0177838565777222
0.0245543304435785
0.0211000757512068
0.0173798501809586
0.0253320427573556
0.0292677384058777
0.0265103947479304
0.0210798754313544
0.0209889739921039
0.0214401144684757
0.0318028785455908
0.0170229778638316
0.0206051679151642
0.0224804309401634
0.0179589260163482
0.0248809022809553
0.0277325140981475
0.0212818786297646
0.0203661307970719
0.0254566113963506
0.0169691103442631
0.0265676289874648
0.0220292904637631
0.0196422860028633
0.0239584210083308
0.0225544987795843
0.0211876104705198
0.0174034172207769
0.0301262519990075
0.017416884100669
0.0237193838902385
0.0243590606851285
0.0191069775271444
0.0138717279690468
0.01993855736049
0.0155281541957777
0.0198880565609159
0.0220730578234338
0.0169960441040473
0.0182720309738329
0.0180700277754511
0.0214064472687596
0.0241671576466729
0.0160028617119963
0.0199688578402686
0.0227733355778241
0.01796565945628
0.0171273461830026
0.0213626799091173
0.025156973318758
0.0263151249894804
0.0256889150744826
0.0174034172207769
0.0202516623180031
0.0206691355946589
0.0258808181129666
0.0205917010352721
0.0197096204023239
0.0172182476222531
0.0206253682350166
0.0173057823415661
0.0199789580001664
0.0175953202592325
0.0181070616951615
0.0200698594394453
0.0203762309569981
0.0238237522094096
0.0165752041073972
0.0191473781668208
0.0158547260331829
0.0218777880649839
0.0211169093510648
0.0170095109839394
0.0272443397020652
0.0267999326655968
0.0216050837471755
0.0183898661728961
0.0156190556350566
0.0293956737648386
0.0316345425469251
0.0214300143085779
0.0198712229610294
0.0154237858766066
0.0204940661560613
0.020487332716101
0.0164843026681467
0.0151881154785087
0.0191339112869287
0.0181508290548038
0.0210529416715701
0.0296077771231467
0.0181912296944802
0.0184706674522488
0.0162183317902702
0.0160567292315648
0.0154776533961751
0.0199823247201607
0.0149187778806663
0.0216387509468916
0.0249650702802739
0.0282577224139402
0.016120696911031
0.0255104789159191
0.0188477400892282
0.0337118087703061
0.0241031899671782
0.0153968521168224
0.025621580675022
0.0183797660129699
0.0200395589596951
0.0171004124231899
0.0160398956316783
0.0178141570575008
0.0210125410318938
0.0146864742025059
0.0166930393064604
0.0228339365373245
0.018053194175593
0.016228431950168
0.0174808517801637
0.0187871391296994
0.0200967931992295
0.0228406699772847
0.0187602053699152
0.0175448194596584
0.0176155205790849
0.0191440114468548
0.0169489100244107
0.0271500715428203
0.0204469320764247
0.0180228936958144
0.0179993266560246
0.0168782089049841
0.0130839154953435
0.0160903964312809
0.0129122127767118
0.0160466290716386
0.0132320511741568
0.0211303762309569
0.0150399797996954
0.0182989647336171
0.0183629324131118
0.017309149061532
0.0169623769043028
0.0181676626546619
0.0176559212187613
0.0188309064893701
0.0191844120865312
0.0178646578571033
0.0172182476222531
0.0178444575372509
0.0155416210756698
0.0188612069691203
0.0152823836377536
0.0152621833179012
0.0203492971972139
0.0178545576971771
0.0170162444238713
0.0151241477990141
0.0168445417052396
0.0176794882585796
0.0173192492214582
0.0146864742025059
0.0232379429341165
0.0131849170945202
0.0148783772409899
0.017396683780845
0.0204637656763111
0.0190396431276838
0.0240526891675756
0.0150332463597351
0.0189857756081153
0.0164270684285839
0.0182888645736909
0.0169085093847343
0.0138851948489389
0.0146460735628295
0.0177333557781481
0.0209586735123253
0.0130266812557807
0.0129357798165302
0.0153160508374697
0.0157671913138699
0.0119863647841214
0.016336166989305
0.0140164969278658
0.0175986869792268
0.0127674438178644
0.0140939314872526
0.0140939314872526
0.015975927952212
0.0146864742025059
0.0159489941924278
0.0172249810622134
0.016511236427931
0.0147504418820006
0.0177973234576427
0.0283991246528217
0.0258202171534379
0.0204906994360954
0.0167300732261708
0.0204199983166404
0.0156123221950963
0.019793788401671
0.0146191398030453
0.0195446511236526
0.0163058665095548
0.0154338860365328
0.0148615436411035
0.01512751451898
0.0172721151418216
0.0128886457368935
0.0149086777207401
0.0167267065062049
0.0138851948489389
0.0171576466627528
0.0166425385068578
0.016528070027789
0.013723592290205
0.0140131302078998
0.0159624610723199
0.014699941082398
0.0150702802794456
0.0154237858766066
0.0210596751115304
0.0207701371938356
0.0145248716438005
0.014662907162716
0.0151712818786507
0.0142319670061397
0.014699941082398
0.0149793788401666
0.0138851948489389
0.0130334146957409
0.014999579160019
0.0133094857335436
0.0134710882922491
0.0179050584967797
0.0155416210756698
0.014023230367826
0.0141545324467813
0.0120200319838375
0.0144036697247714
0.0146124063631135
0.0156392559548806
0.0116698931066423
0.013918862048655
0.0121951014224351
0.0146460735628295
0.0187972392896256
0.0219720562242287
0.0145787391633689
0.0137033919703811
0.0155954885952383
0.012410571500709
0.0144272367645897
0.0140871980473207
0.0141780994865712
0.0134508879723967
0.014770642201853
0.0179353589765299
0.0138245938894102
0.0144205033246294
0.0113769884689816
0.0176020536991928
0.0131411497348779
0.0203492971972139
0.0236958168504486
0.0148851106809218
0.012922312936638
0.0125486070196246
0.0141242319670027
0.0157974917936201
0.0144541705243739
0.0149894790000928
0.0132690850938673
0.0153059506775719
0.0174606514603113
0.0159456274724334
0.0154507196363909
0.0119829980641555
0.0148413433212795
0.0160432623516726
0.0173529164211743
0.0147672754818586
0.0119526975843769
0.0154035855567827
0.0146393401228977
0.0196995202423977
0.0138043935695862
0.0117574278259553
0.0111480515108155
0.0132017506944067
0.01334988637322
0.0144575372443398
0.0128718121370355
0.0154911202760673
0.0134980220520333
0.014130965406963
0.0152655500378955
0.0131445164548438
0.0117742614258134
0.0163058665095548
0.0152958505176457
0.0212111775103097
0.0137303257301653
0.0171273461830026
0.0126698089386537
0.0173428162612765
0.0173158825014923
0.0133296860533676
0.0124678057402718
0.0170431781836555
0.013935695648513
0.0136932918104549
0.012834778217325
0.0150467132396273
0.0219114552647284
0.0191978789664233
0.0174909519400899
0.0143902028448792
0.0186289032909883
0.0177030552983695
0.0118314956653478
0.0147268748421823
0.0120200319838375
0.0105252083158121
0.0125890076593009
0.0188746738490124
0.0180599276155249
0.0145046713239765
0.0147268748421823
0.0106060095951648
0.0184269000925781
0.013386920292902
0.011504923827971
0.0126563420587615
0.0118819964649504
0.0121143001430823
0.0122456022220376
0.0150096793199168
0.0138616278091206
0.0124341385405273
0.0169590101843369
0.011966164464269
0.0154911202760673
0.0130233145358147
0.0185043346519649
0.0142454338860318
0.014026597087792
0.0195648514434765
0.0148379766013136
0.0135081222119311
0.0117102937463187
0.0128044777375749
0.0151510815587983
0.0122119350223215
0.0180498274555987
0.0103838060769306
0.014467637404266
0.0156055887551645
0.0128011110176089
0.0156224223550225
0.0124240383806011
0.011309654069521
0.01226580254189
0.0134811884521469
0.010225570238191
0.015464186516283
0.0167536402659891
0.0198106220015291
0.0140871980473207
0.0128044777375749
0.012585640939335
0.0129155794966778
0.013811127009518
0.0155820217153462
0.0124139382207034
0.0196759532026078
0.0151914821984747
0.0122792694217821
0.0118651628650923
0.0116900934264947
0.0167704738658472
0.0115857251073237
0.0119324972645529
0.0118314956653478
0.0127405100580802
0.0116227590270341
0.0119324972645529
0.0122186684622534
0.0186592037707385
0.011733860786137
0.0120604326235139
0.0130367814157069
0.0125755407794088
0.0162385321100942
0.0127943775776487
0.0122321353421455
0.0129728137362122
0.0157301573941595
0.0128819122969617
0.00983503072131953
0.0142690009258502
0.0161240636310254
0.011609292147142
0.0136730914906309
0.00999326656005906
0.0154305193165669
0.0122523356619979
0.0104174732766751
0.0108046460735807
0.0119257638245927
0.0137033919703811
0.0119863647841214
0.0113365878293052
0.0144238700446238
0.0111480515108155
0.0128246780573988
0.0120132985439056
0.0175010520999876
0.0115251241477949
0.0124341385405273
0.0129593468563201
0.0139929298880759
0.0126765423785855
0.0182450972140487
0.0107339449541257
0.012477905900198
0.0167031394663866
0.0138380607693023
0.018622169851028
0.0112288527901683
0.012393737900851
0.0120604326235139
0.0141410655668892
0.0101481356788327
0.0117742614258134
0.0114678899082605
0.0110302163117524
0.0101919030384749
0.014770642201853
0.0140198636478601
0.0134980220520333
0.00940409056477165
0.011309654069521
0.0132354178941227
0.0128314114973591
0.0122119350223215
0.0131142159750937
0.0109494150323997
0.0122355020621114
0.0114241225486182
0.0123600707011349
0.011504923827971
0.0127977442976146
0.0116631596667105
0.0114207558286523
0.0116530595067843
0.0148312431613533
0.0147807423617508
0.0101144684790881
0.0124846393401299
0.0163125999495151
0.0131041158151675
0.0122759027017878
0.0133195858934414
0.0124913727800902
0.012605841259159
0.0118887299049106
0.0122018348623953
0.0120301321437637
0.0121109334231164
0.0139154953286891
0.0126630754986934
0.0133970204528282
0.0137841932497338
0.0151982156384349
0.00903375136772411
0.0123769043009929
0.0110436831916445
0.010528575035778
0.0128617119771093
0.0122422355020717
0.011949330864411
0.00900681760793987
0.00945122464440828
0.0115554246275735
0.0130536150155649
0.012925679656604
0.0111716185506339
0.0124173049406693
0.0104444070364593
0.0120637993435082
0.0132387846140887
0.0113837219089419
0.0161644642707017
0.00999326656005906
0.0116362259069263
0.0121008332631902
0.0136730914906309
0.0113298543893734
0.0179016917767854
0.0132017506944067
0.0122557023819638
0.0134609881323229
0.0105992761552045
0.0119324972645529
0.0119796313441611
0.0122018348623953
0.0113365878293052
0.0124072047807431
0.0121041999831846
0.00995959936034296
0.0194032488847711
0.00996633280027481
0.0114409561484763
0.0111413180708837
0.00985186432120599
0.0112254860702024
0.0106666105546651
0.0118920966248766
0.0127809106977566
0.0107070111943415
0.0095656931234771
0.0123196700614585
0.0110335830317467
0.0151982156384349
0.0116530595067843
0.0105689756754543
0.0175818533793404
0.0136831916505287
0.0109965491120363
0.0135148556518914
0.00981819712146148
0.00989563168084828
0.0116126588671079
0.0113231209494131
0.0124072047807431
0.0121951014224351
0.0134003871727941
0.0110739836714231
0.0103063715175438
0.00914821984682135
0.00937379008502148
0.0109090143927233
0.010296271357646
0.0111345846309234
0.0118112953455238
0.0108416799932627
0.0129492466964223
0.012834778217325
0.00764329601886971
0.010528575035778
0.0104376735964991
0.0130771820553832
0.0127876441377168
0.00978452992171697
0.0111884521504919
0.0101212019190484
0.0117843615857396
0.0104376735964991
0.0110908172712811
0.0103669724770725
0.00785876609714364
0.0106093763151307
0.0113399545492996
0.010757511993944
0.0108787139129731
0.0100909014392698
0.0123533372611746
0.0101818028785488
0.00933338944534512
0.0121513340627928
0.0117574278259553
0.00912128608703711
0.010296271357646
0.0118348623853421
0.00977779648178512
0.0104343068765331
0.0129660802962803
0.00888224896894485
0.0101616025587248
0.00997306624023508
0.0104982745560278
0.00986196448110377
0.00924585472603212
0.0102356703981172
0.00838397441293637
0.0105487753556304
0.00978452992171697
0.00989563168084828
0.0100235670398092
0.00898998400808182
0.0116799932665685
0.0116698931066423
0.00990573184077448
0.0133532530931859
0.00899335072804774
0.0101077350391563
0.010296271357646
0.00994613248045084
0.0104477737564252
0.00949162528408465
0.0115655247874713
0.0130805487753491
0.00950509216397677
0.010333305277328
0.00967342816261407
0.0171138793030821
0.0116328591869319
0.00977779648178512
0.0103097382375381
0.00891591616868936
0.0110032825519681
0.00930645568556088
0.00901018432793421
0.0122422355020717
0.00993939904049057
0.00977779648178512
0.00826950593383913
0.0101077350391563
0.0112995539096232
0.00911791936707118
0.00933675616531104
0.010528575035778
0.013723592290205
0.0109090143927233
0.0102457705580434
0.0111177510310654
0.0112153859102762
0.0101986364784068
0.0101649692786907
0.00983839744131387
0.0144440703644477
0.0103400387172883
0.0132758185337991
0.00933675616531104
0.0103804393569646
0.00985186432120599
0.00962292736301151
0.0097542294419668
0.00992593216059845
0.0108046460735807
0.0107507785540122
0.0113130207895153
0.00952529248380074
0.00830653985354957
0.00989226496088236
0.00906068512750835
0.00778133153775684
0.0102996380776119
0.0127203097382562
0.0175010520999876
0.00961956064304559
0.00977779648178512
0.00920208736638983
0.00938389024494768
0.00999326656005906
0.0111514182308099
0.00885531520916061
0.0114645231882946
0.00909435232725286
0.0106969110344437
0.0103737059170044
0.00875768032994984
0.0133330527733335
0.0137707263698417
0.0112759868698049
0.00876778048987603
0.00968689504250619
0.0118180287854557
0.00859607777124438
0.00983503072131953
0.00974076256207468
0.0117675279858531
0.0110436831916445
0.00947142496423226
0.00995623264034862
0.00864657857084694
0.0101077350391563
0.00919535392645798
0.00838397441293637
0.00979799680160909
0.00802710209578095
0.0122456022220376
0.00946805824426633
0.00978452992171697
0.0120301321437637
0.00806076929552546
0.00917178688663967
0.00959936032322162
0.0125149398198801
0.0110706169514287
0.00914821984682135
0.00841764161265246
0.00864657857084694
0.00863984513088667
0.00859271105127846
0.00924585472603212
0.00828970625369152
0.00936032320512936
0.00967342816261407
0.00859944449121031
0.00939399040484545
0.00857251073142606
0.00895631680836573
0.0125721740594429
0.00861291137110243
0.00987206464102997
0.00856577729149421
0.00803720225570714
0.010188536318509
0.01031647167747
0.0123297702213563
0.00983839744131387
0.0108349465533308
0.0087879808097
0.00999663328002498
0.0105420419156701
0.0108147462334784
0.0106699772746595
0.0101447689588383
0.00904048480768438
0.0103535055971804
0.00969026176247212
0.00938389024494768
0.00951182560390862
0.0104713407962436
0.00961282720311374
0.00921555424628195
0.0113500547091974
0.00963639424290363
0.0125553404595564
0.00952192576383482
0.00961956064304559
0.0132219510142306
0.00967679488258
0.00717195522264547
0.00873748001009744
0.00975759616193272
0.00894958336840546
0.0085220099318235
0.00902028448783199
0.0121850012625373
0.00833684033329973
0.0121210335830426
0.00839407457286256
0.0131108492551277
0.008875515529013
0.0111278511909916
0.00772409729822243
0.0077543977779726
0.00810116993520182
0.00952529248380074
0.0094209241646297
0.00918525376653179
0.00778469825772277
0.0085220099318235
0.00859271105127846
0.00873748001009744
0.00864657857084694
0.0101582358387304
0.00893948320847926
0.010333305277328
0.00786549953707549
0.0083772409729761
0.00844120865247078
0.00880481440955805
0.0119257638245927
0.00783856577729125
0.00777123137783065
0.00940072384480573
0.0079092668967462
0.00959262688326135
0.00864994529081287
0.0100067334399512
0.0105050079959597
0.00907078528743455
0.00925932160592424
0.00835030721319185
0.00806750273545731
0.0086869792105233
0.00787896641696761
0.00962966080297178
0.00881828128945017
0.0107507785540122
0.0084546755323629
0.00891928288865529
0.0086095446511365
0.00863984513088667
0.00782509889739913
0.00916168672671347
0.00796313441631469
0.00820553825437287
0.00760626209915927
0.00821227169430472
0.00749516034005637
0.0082863395337256
0.00868361249052896
0.00803720225570714
0.00787559969700169
0.00838397441293637
0.00827960609376532
0.00867687905059711
0.0086869792105233
0.00849507617203926
0.00730325730157233
0.00878461408973408
0.00900008416800802
0.0136124905311021
0.011289453749697
0.0100774345593777
0.00851190977192573
0.00806076929552546
0.00716185506271927
0.0100000000000193
0.00864321185085259
0.00885531520916061
0.00807086945545166
0.00860281121117623
0.00848497601214149
0.00780489857757516
0.00892601632858714
0.00867351233063118
0.00842774177257866
0.00810116993520182
0.00764329601886971
0.00801700193588317
0.0082661392138732
0.00903711808771845
0.00719552226243536
0.00746822658027213
0.00765676289876183
0.00882501472941044
0.00751536065988034
0.00771399713829624
0.00834020705329408
0.00787223297703576
0.00826950593383913
0.00779816513761489
0.00755239457959078
0.00918525376653179
0.00972729568218256
0.00820553825437287
0.00861627809106835
0.00777796481779092
0.0108282131133706
0.00889234912887105
0.00910108576718471
0.0082762393737994
0.00903711808771845
0.00927952192577663
0.0102659708778674
0.00882501472941044
0.00829307297365744
0.00784529921725152
0.00781836545746728
0.00850854305193138
0.00777796481779092
0.00907078528743455
0.00977779648178512
0.00788906657689381
0.0101582358387304
0.0136596246107388
0.0118617961451264
0.00797660129620681
0.00780489857757516
0.00787896641696761
0.00875094688998956
0.00695648514434311
0.00816177089470216
0.00906741856746862
0.0088990825688029
0.00672418146621112
0.00890244928879724
0.0079429340964623
0.007599528659199
0.0101784361585828
0.00803046881577529
0.00877114720984196
0.00747496002020398
0.00880144768959212
0.00839407457286256
0.00806076929552546
0.00768706337851199
0.00692955138455886
0.00815503745477031
0.00713492130293503
0.00803383553574122
0.00951182560390862
0.00803046881577529
0.00790590017675186
0.00797660129620681
0.00808096961534943
0.00997306624023508
0.00820553825437287
0.00718542210253759
0.00909098560728694
0.0094209241646297
0.0125115730999141
0.00785539937717772
0.00863647841092074
0.00776786465786472
0.00797323457621246
0.00754902785962486
0.0073200909014588
0.00752209409984061
0.00783519905732533
0.00819543809444667
0.00769043009847792
0.00792610049660425
0.0081887046544864
0.00781163201750701
0.00763319585894351
0.00751536065988034
0.00783519905732533
0.00746485986027778
0.00757932833937502
0.00650197794800533
0.00790253345678593
0.00830990657351549
0.00832000673344169
0.00825603905394701
0.00765339617876748
0.00782846561739348
0.0080203686558491
0.00800690177595698
0.00799006817609893
0.00779479841764896
0.00727632354178809
0.00838734113290229
0.00747496002020398
0.00822910529416276
0.00806076929552546
0.00758269505934095
0.00672754818617705
0.00683191650534809
0.00785876609714364
0.00749516034005637
0.00729652386164048
0.00755912801952263
0.00755239457959078
0.00765339617876748
0.00829643969362337
0.00711135426311671
0.00859271105127846
0.00757932833937502
0.00684538338524021
0.00769716353843819
0.00797660129620681
0.00781163201750701
0.00847150913224937
0.00753556097973274
0.00877114720984196
0.00710798754315078
0.00750862721994849
0.00743119266056169
0.00789580001685408
0.00784866593721745
0.00730662402156668
0.00847824257218122
0.00757259489941475
0.00832000673344169
0.00788233313696196
0.00718542210253759
0.00765339617876748
0.00779479841764896
0.00700698594394567
0.00773419745812021
0.00754566113963051
0.00744465954045381
0.00743792610049354
0.0104511404763912
0.0086196448110627
0.0076769632185858
0.00760289537919334
0.00807423617541758
0.00769043009847792
0.00689588418484277
0.00742445922060142
0.0087206464102394
0.00840080801279441
0.00719552226243536
0.00743119266056169
0.00719552226243536
0.00712145442304291
0.00672418146621112
0.00871727969027347
0.00845130881239697
0.0070541200235823
0.00749179362006203
0.00721572258228775
0.00840754145275469
0.00680834946552977
0.00935358976516909
0.00689588418484277
0.00758269505934095
0.00626967426984493
0.00709452066325866
0.00985859776113784
0.00702045282383779
0.00785539937717772
0.00762982913897758
0.00680498274556385
0.00751872737984627
0.00881154784951832
0.00712482114300883
0.00779479841764896
0.00715175490279307
0.00702718626379806
0.00802373537581502
0.00788906657689381
0.00776786465786472
0.00811463681509395
0.00709115394326432
0.00894958336840546
0.00834694049322593
0.00718878882250351
0.00740089218081152
0.00773083073815428
0.00696995202423523
0.00719552226243536
0.00683191650534809
0.00682854978538217
0.00806076929552546
0.00717532194261139
0.0111817187105601
0.00885531520916061
0.00846477569228909
0.00735375810117489
0.00894284992847361
0.00803383553574122
0.00698341890412735
0.00851527649189165
0.00666358050671079
0.0083772409729761
0.00742782594059577
0.00801363521588883
0.00676121538592156
0.00734365794124869
0.0088654153690868
0.00739079202088533
0.0084445753724367
0.00707095362344035
0.00801700193588317
0.00653901186768735
0.00659624610725018
0.00643464354851631
0.00778133153775684
0.00663664674692654
0.00638414274894217
0.00726285666189597
0.00653564514772143
0.00740425890077745
0.00720898914232748
0.00766349633869368
0.00707432034340627
0.00672754818617705
0.0067006144263928
0.00671744802627927
0.00847487585221529
0.00737059170103294
0.00664338018685839
0.0065322784277555
0.00706758690347442
0.0068992509048087
0.00814157057487819
0.00720562242236156
0.00731672418146445
0.00767359649861987
0.00848834273210741
0.00772409729822243
0.0119122969447005
0.00614510563084991
0.00722918946217987
0.00687568386499038
0.00681171618552412
0.00691945122466109
0.00727295682182216
0.00724602306203792
0.00736049154113516
0.00701708610387186
0.00781499873750136
0.00651207810790311
0.00703055298376398
0.00788569985692789
0.0072325561821458
0.00662317986703442
0.00625284066998688
0.00673428162613732
0.00669051426649503
0.00688241730495065
0.00757932833937502
0.00791263361671213
0.00736722498106701
0.00683864994530836
0.00758269505934095
0.00660634626714796
0.00666358050671079
0.00685548354516641
0.00811800353505987
0.0083772409729761
0.0063774093089819
0.00702381954380371
0.00682181634542189
0.00667368066660856
0.00599696995203658
0.00712818786297476
0.0073200909014588
0.0063437421092658
0.00673091490617139
0.00663664674692654
0.00694975170441126
0.00736385826110109
0.00705075330358795
0.00746485986027778
0.00710798754315078
0.00705748674354822
0.00658277922735806
0.00674101506606917
0.00732682434139065
0.0072325561821458
0.00696995202423523
0.00706758690347442
0.00560306371517072
0.00745812642034593
0.0075658614594829
0.00701035266391159
0.00703391970372991
0.00610133827120762
0.00681844962545597
0.00630334146958944
0.006710714586319
0.00797996801617273
0.00631007490952129
0.00871727969027347
0.00741772578066957
0.00684538338524021
0.00654911202761355
0.00622254019023671
0.00691945122466109
0.00773756417811455
0.00988553152092209
0.00667704738660291
0.00657941250736371
0.00638414274894217
0.0069766854641955
0.00659961282721611
0.00659287938725583
0.00641780994865826
0.00695985186433745
0.00655584546757382
0.00672754818617705
0.00698341890412735
0.00632017506944749
0.00695648514434311
0.00695648514434311
0.00656931234746594
0.00677804898577961
0.00653564514772143
0.0065322784277555
0.00635720898915793
0.00694638498444533
0.00648514434811887
0.00650534466797126
0.0070541200235823
0.00663664674692654
0.00642454338861853
0.00631680834948156
0.00698341890412735
0.0065221782678293
0.00707095362344035
0.00667704738660291
0.00753219425973839
0.00603400387174702
0.00776786465786472
0.00627304098981085
0.00721235586232183
0.00651207810790311
0.00611817187106567
0.00687905058498473
0.00631344162948722
0.00586903459304722
0.00683864994530836
0.0063437421092658
0.00743455938052762
0.00634710882923173
0.006710714586319
0.00764329601886971
0.00734029122128277
0.00682854978538217
0.00661307970710823
0.006266307549879
0.00687231714502445
0.00649524450804506
0.00603400387174702
0.00690261762477462
0.00687905058498473
0.00602390371182082
0.00699688578401947
0.00665684706675052
0.00699351906405354
0.00691608450466674
0.0068891507448825
0.00607103779142903
0.00651881154786338
0.00723928962210607
0.00633027522937368
0.00652554498779523
0.00635047554919765
0.00673091490617139
0.00625284066998688
0.00699688578401947
0.00649187778807914
0.00610133827120762
0.0083536739331862
0.00643127682855038
0.00576803299387052
0.0065322784277555
0.00650871138793718
0.00748506018013018
0.00611817187106567
0.00936705664506121
0.00804730241563334
0.00571753219426796
0.00615183907078176
0.0059330022725419
0.00641780994865826
0.00682181634542189
0.00621580675027644
0.00661981314704008
0.00655247874757947
0.00690261762477462
0.00666358050671079
0.00614510563084991
0.00675111522599536
0.00641444322869233
0.00638414274894217
0.00629324130966324
0.00580170019358661
0.00744802626041974
0.00629997474959509
0.00779143169768304
0.00724602306203792
0.00613500547092372
0.00614510563084991
0.00644811042840843
0.00621580675027644
0.0063437421092658
0.00631007490952129
0.00591280195271793
0.00610470499117355
0.00670398114638715
0.00623600707012884
0.0069766854641955
0.00708105378336654
0.00605420419157099
0.00627977442977112
0.00696995202423523
0.00625957410991873
0.00607103779142903
0.00764666273883563
0.00625620738995281
0.00646157730830055
0.00551216227592022
0.00677804898577961
0.00663664674692654
0.00656594562747159
0.00589260163286554
0.00687231714502445
0.00655584546757382
0.00680161602559792
0.00631007490952129
0.00779143169768304
0.00648851106811321
0.00624610723002661
0.00690261762477462
0.00597340291221826
0.00691945122466109
0.00623264035013449
0.0067006144263928
0.00615183907078176
0.00724938978200385
0.0058555677131551
0.00666021378671644
0.00650197794800533
0.00629660802962917
0.00591280195271793
0.00728979042168021
0.00580843363354688
0.00646831074826082
0.00620570659035025
0.00676121538592156
0.00593636899250782
0.00725612322196412
0.00756249473951698
0.00607103779142903
0.00610133827120762
0.00576803299387052
0.00622590691020264
0.00603737059171294
0.00586903459304722
0.00605083747160506
0.00590943523272358
0.00593973571250217
0.00635720898915793
0.00804056897567307
0.00656257890750567
0.00585893443314944
0.00599696995203658
0.00641444322869233
0.00601717027186055
0.00620570659035025
0.00641444322869233
0.00643464354851631
0.00615520579077611
0.00568723171451779
0.00634037538927146
0.0060878713913155
0.00617540611060008
0.00556266307549436
0.00626294082991308
0.00647504418822109
0.0066332800269322
0.00624274051006068
0.00614847235081584
0.00559969699520479
0.00604410403164479
0.00605420419157099
0.00580170019358661
0.00570743203434176
0.00593973571250217
0.00560979715513099
0.00598350307214446
0.00605083747160506
0.00641780994865826
0.00594646915243402
0.00598686979211038
0.00566366467469948
0.00597340291221826
0.00606093763153126
0.00562999747495496
0.00578823331369449
0.00580506691355254
0.00597340291221826
0.00669051426649503
0.00573099907416008
0.00547176163624385
0.00592963555257597
0.00571753219426796
0.00659287938725583
0.00643801026851065
0.00601380355189463
0.00556939651545463
0.00586903459304722
0.00609460483124735
0.00576803299387052
0.00604073731167887
0.0064447437084425
0.00584210083326298
0.00561316387509692
0.00560306371517072
0.00606093763153126
0.0059229021126157
0.00621917347024237
0.00622590691020264
0.00635720898915793
0.00586903459304722
0.0059229021126157
0.00556939651545463
0.00607103779142903
0.00576803299387052
0.00592626883261005
0.00600370339196843
0.00586903459304722
0.00690261762477462
0.0064447437084425
0.0059229021126157
0.00633364194933961
0.00562663075498904
0.00616867267066823
0.00554246275567039
0.00579496675365476
0.00568723171451779
0.00562663075498904
0.00565356451477328
0.00639424290883994
0.00569396515444964
0.00554246275567039
0.00576803299387052
0.00545492803635739
0.00611480515109974
0.00606767107146311
0.0056771315545916
0.0056771315545916
0.0061114384311054
0.00547176163624385
0.00579496675365476
0.00571079875430769
0.0064548438683687
0.00631007490952129
0.00580170019358661
0.00579833347362069
0.00643127682855038
0.00584210083326298
0.00592626883261005
0.00599023651207631
0.00570743203434176
0.00594646915243402
0.00616867267066823
0.00557612995538648
0.0059229021126157
0.00584883427322325
0.00559969699520479
0.00602727043178675
0.00548522851613598
0.00631344162948722
0.00547512835620978
0.00578486659372857
0.00563336419494931
0.0056771315545916
0.00591953539264978
0.00575119939398405
0.00554582947563631
0.00624610723002661
0.00576466627387617
0.00590270179279173
0.00570406531437584
0.00553236259574419
0.00654574530764762
0.00557949667538082
0.00516875683865692
0.0055660297954887
0.00635384226916358
0.00577476643380237
0.00635047554919765
0.00586230115311537
0.00603400387174702
0.00558623011531267
0.00694301826445098
0.00651544482789745
0.00707095362344035
0.00714165474286688
0.00634710882923173
0.00584546755325732
0.00544819459642554
0.00652554498779523
0.00605757091153691
0.00548522851613598
0.00567376483462567
0.00534045955728857
0.00582863395337085
0.00605757091153691
0.00589596835283146
0.00568049827455752
0.00563336419494931
0.00609123811128143
0.00559296355527295
0.00603400387174702
0.00597003619225234
0.00563336419494931
0.00595993603232614
0.00658614594732398
0.00549196195606783
0.0054885952361019
0.00584210083326298
0.00576129955391025
0.00559969699520479
0.00640434306876614
0.00604410403164479
0.00559969699520479
0.00617540611060008
0.00550879555592587
0.00564346435484708
0.00593973571250217
0.00572089891423389
0.00549532867603375
0.0057444659540522
0.00537412675700466
0.00546839491624951
0.00580843363354688
0.00585893443314944
0.00599023651207631
0.00553236259574419
0.00557949667538082
0.00552562915581234
0.00562326403502311
0.00573773251409193
0.0054885952361019
0.0065423785876817
0.00547176163624385
0.00611480515109974
0.00546839491624951
0.00544819459642554
0.00584210083326298
0.00550879555592587
0.00564009763488116
0.00543809443649934
0.00633364194933961
0.00560306371517072
0.00603737059171294
0.00541452739668102
0.00563336419494931
0.00573773251409193
0.00564346435484708
0.00590943523272358
0.00584883427322325
0.00549532867603375
0.00554919619560224
0.0054885952361019
0.00549196195606783
0.00608450467132116
0.00564009763488116
0.00553236259574419
0.00572426563419981
0.00566029795473355
0.0054986953960281
0.00561989731505719
0.00577476643380237
0.00567376483462567
0.00587576803300749
0.00609123811128143
0.00544819459642554
0.00559296355527295
0.00567376483462567
0.00545156131639146
0.00578149987376264
0.00577476643380237
0.00580170019358661
0.0059330022725419
0.00537076003703874
0.00581516707347873
0.00584883427322325
0.00631344162948722
0.00584546755325732
0.00551216227592022
0.0054885952361019
0.00528322531775416
0.00553909603570446
0.00596666947228641
0.00541452739668102
0.00586230115311537
0.00524955811800965
0.00550206211599402
0.00562326403502311
0.00578149987376264
0.00625284066998688
0.00634710882923173
0.00558286339534675
0.00589260163286554
0.00544146115646527
0.00574109923408628
0.00579496675365476
0.0054111606767151
0.00590606851275766
0.00534719299722042
0.005821900513439
0.00527312515782796
0.00612490531099752
0.00577139971383644
0.00563336419494931
0.00543136099656749
0.00529669219764628
0.00577139971383644
0.00586230115311537
0.00532362595743052
0.00541789411667537
0.00563336419494931
0.00513845635890675
0.00568049827455752
0.0054111606767151
0.00536739331707281
0.00526302499790177
0.00554919619560224
0.00560643043516507
0.00592963555257597
0.0055660297954887
0.00545492803635739
0.00577476643380237
0.00559633027523887
0.00576129955391025
0.00540779395674917
0.00564683107484143
0.00589596835283146
0.00560306371517072
0.00539096035689113
0.00588923491289961
0.00562999747495496
0.00532025923743618
0.00527649187779389
0.0055660297954887
0.00539432707685705
0.00526975843786204
0.00547512835620978
0.00580843363354688
0.00526975843786204
0.00573436579412601
0.00559969699520479
0.00517885699858311
0.00512498947901463
0.00540779395674917
0.00547176163624385
0.00516202339872507
0.00592963555257597
0.0054784950761757
0.0059229021126157
0.00588250147293934
0.00557949667538082
0.00543472771653342
0.00543809443649934
0.00568723171451779
0.00689588418484277
0.00505092163959375
0.00550879555592587
0.00554919619560224
0.00545156131639146
0.00541789411667537
0.00532362595743052
0.00498358724013315
0.00554919619560224
0.00587240131304156
0.0055660297954887
0.00594310243246809
0.00593973571250217
0.00534045955728857
0.00574109923408628
0.00555592963556251
0.00547512835620978
0.00507112195944615
0.0054212608366413
0.0053000589176122
0.00598013635217853
0.00519569059844116
0.0060878713913155
0.00507112195944615
0.00593973571250217
0.00468394916254056
0.00523609123811752
0.0055895968352786
0.00534382627725449
0.00540442723678325
0.00518222371854904
0.0054212608366413
0.00550542883595995
0.00526975843786204
0.00551216227592022
0.00514182307887268
0.00526302499790177
0.00542462755660722
0.00530342563757813
0.0054111606767151
0.00519905731840709
0.00528659203772008
0.00560643043516507
0.00511152259912251
0.00479841764160938
0.00526975843786204
0.0052226243582254
0.0059330022725419
0.00532362595743052
0.00543472771653342
0.00511488931908843
0.00559969699520479
0.0048792189209621
0.00529669219764628
0.00516875683865692
0.00571753219426796
0.0052428246780778
0.0054111606767151
0.00510478915916224
0.0054111606767151
0.00519232387847524
0.00562326403502311
0.00521252419829921
0.00503408803973571
0.00546502819628358
0.00533709283732264
0.00568386499452345
0.00545492803635739
0.00527312515782796
0.00508122211934392
0.00509805571923039
0.0048994192408145
0.00527312515782796
0.00508458883933827
0.00543472771653342
0.0052428246780778
0.00523945795808345
0.00517549027861719
0.00498022052016722
0.00486575204106998
0.00518895715850931
0.00575119939398405
0.0055660297954887
0.00481861796146177
0.00517549027861719
0.00502398787980951
0.00494992004041706
0.00474791684203524
0.00517212355862284
0.00546166147631766
0.00561653059506284
0.00607777123138931
0.00490951940074069
0.00562326403502311
0.00622590691020264
0.00549196195606783
0.0052428246780778
0.00502062115984359
0.00466711556268251
0.00511825603905436
0.00539769379682298
0.00533035939736237
0.00519569059844116
0.00501052099991739
0.00530342563757813
0.00526975843786204
0.00540779395674917
0.00518222371854904
0.00512498947901463
0.0052428246780778
0.00494992004041706
0.00499368740005934
0.00510142243919631
0.00491961956063847
0.0051552899587648
0.00540442723678325
0.00551552899588614
0.00540442723678325
0.00474791684203524
0.00511825603905436
0.00555592963556251
0.00495328676038298
0.00503072131976978
0.00523945795808345
0.00477821732178541
0.00520579075836736
0.00513845635890675
0.00532025923743618
0.00512162275902028
0.00516875683865692
0.00492971972056466
0.00534045955728857
0.00489605252084857
0.00514855651883295
0.00523945795808345
0.00498695396009907
0.00489268580085422
0.00454928036361935
0.00504755491962783
0.0052226243582254
0.00517549027861719
0.0048893190808883
0.00503408803973571
0.00528322531775416
0.00491288612070662
0.0049566534803489
0.0050677552394518
0.0049667536402751
0.00499032068009342
0.00514182307887268
0.00491288612070662
0.00501052099991739
0.004720983082251
0.00460988132311968
0.00546166147631766
0.00510815587912816
0.00556939651545463
0.00484891844121194
0.00497348708020695
0.00473781668210904
0.00540442723678325
0.00511152259912251
0.00500042083999119
0.00498022052016722
0.00491625284067254
0.00509468899923604
0.0053000589176122
0.0050677552394518
0.00480851780153557
0.00516539011869099
0.00483881828128574
0.00510142243919631
0.00503072131976978
0.00529669219764628
0.0048118845215015
0.00537412675700466
0.00511488931908843
0.00460988132311968
0.00493308644053059
0.00465701540275631
0.00504082147966756
0.00475128356200116
0.00517549027861719
0.00481525124149584
0.00485565188117221
0.00529669219764628
0.00501725443987766
0.00520242403840143
0.00486575204106998
0.00487585220099618
0.00508122211934392
0.0048118845215015
0.0050441881996619
0.004633448362938
0.00512835619898055
0.00469404932246675
0.00602390371182082
0.00513172291894648
0.00509132227927012
0.00477485060181948
0.00515865667873072
0.00493645316052493
0.00517885699858311
0.00532362595743052
0.00475128356200116
0.00514182307887268
0.00490278596078042
0.00500378755998554
0.00498358724013315
0.00472771652218285
0.00479841764160938
0.00462671492300615
0.00478158404175133
0.00527985859775981
0.00473444996214312
0.00509132227927012
0.00474791684203524
0.00503745475970163
0.00531352579750433
0.00477485060181948
0.00502062115984359
0.00468058244257463
0.00460988132311968
0.00493645316052493
0.00490951940074069
0.00479168420167753
0.00469404932246675
0.00458968100329571
0.00479841764160938
0.00464354852286419
0.00475128356200116
0.00475465028196709
0.00500378755998554
0.0049667536402751
0.00491288612070662
0.0046233482030118
0.00464691524283012
0.00490615268074635
0.00468058244257463
0.00490951940074069
0.00509132227927012
0.00494318660045678
0.00496338692030918
0.00552562915581234
0.00490951940074069
0.00500715427995146
0.00499368740005934
0.00499705412002527
0.0048792189209621
0.00506102179951995
0.00479841764160938
0.00473781668210904
0.00465701540275631
0.00485565188117221
0.00471424964229072
0.00465701540275631
0.00500042083999119
0.00484555172124601
0.00467384900261436
0.00477821732178541
0.00517212355862284
0.00480178436160372
0.00508122211934392
0.00489605252084857
0.00479841764160938
0.00478158404175133
0.00451897988386918
0.00520242403840143
0.00482535140139362
0.00465701540275631
0.00464691524283012
0.00494318660045678
0.00481525124149584
0.00527312515782796
0.00473108324214877
0.00457958084336951
0.0048118845215015
0.00468731588250648
0.0045223466038351
0.00479168420167753
0.00503745475970163
0.00473781668210904
0.00473108324214877
0.0047007827623986
0.00454591364365342
0.00475128356200116
0.00484555172124601
0.00498695396009907
0.00527649187779389
0.00451897988386918
0.00511488931908843
0.00466711556268251
0.00471424964229072
0.00494318660045678
0.00460988132311968
0.00505765507955402
0.00470751620235887
0.00467721572258029
0.00465364868279039
0.00506438851948587
0.00451224644390891
0.00471424964229072
0.0045223466038351
0.00472434980221692
0.00471424964229072
0.00482198468142769
0.0047883174817116
0.00491961956063847
0.00479505092164345
0.00472771652218285
0.00442807844459026
0.00528322531775416
0.00481861796146177
0.00504082147966756
0.00484891844121194
0.00476475044189328
0.00449877956401679
0.00467721572258029
0.00463681508290392
0.00463681508290392
0.00468394916254056
0.00467384900261436
0.00460314788318783
0.00461661476307995
0.00483545156131981
0.00460314788318783
0.00518895715850931
0.00547512835620978
0.00461661476307995
0.00491961956063847
0.00479505092164345
0.00487585220099618
0.00465028196279604
0.0047007827623986
0.00449204612408494
0.00467384900261436
0.00439777796481167
0.004720983082251
0.00475128356200116
0.0047108829223248
0.00459641444322756
0.00509805571923039
0.00463681508290392
0.00459641444322756
0.00486911876106433
0.00467721572258029
0.00480515108156965
0.00468058244257463
0.00447857924419282
0.00470414948236453
0.00447184580423254
0.00475801700193301
0.00532699267739645
0.00480851780153557
0.00480178436160372
0.00456611396347739
0.00455264708358527
0.00469404932246675
0.00496002020031483
0.00458294756333544
0.00464354852286419
0.00500378755998554
0.00443481188452211
0.00471761636225665
0.00448867940409059
0.00488258564095645
0.00461324804311403
0.0047108829223248
0.00465364868279039
0.00465701540275631
0.00444154532448238
0.00457621412340359
0.00474455012204089
0.005077855399378
0.00464018180289827
0.00491961956063847
0.00450551300397706
0.00471424964229072
0.00443481188452211
0.00499032068009342
0.00477485060181948
0.00476138372192736
0.00436074404512965
0.00435064388520345
0.00503745475970163
0.00460314788318783
0.00476138372192736
0.00485228516117786
0.00482871812138796
0.00484218500128009
0.00481861796146177
0.00460988132311968
0.00490615268074635
0.00490278596078042
0.00500378755998554
0.00424627556603241
0.00468058244257463
0.00475128356200116
0.00498358724013315
0.0053000589176122
0.00452908004376695
0.00459641444322756
0.00459978116322191
0.00471761636225665
0.00462671492300615
0.00461324804311403
0.00450887972394298
0.00449877956401679
0.00465028196279604
0.00461324804311403
0.004720983082251
0.00453918020369315
0.00453918020369315
0.00446511236427227
0.00458968100329571
0.0045223466038351
0.00477148388182513
0.00500715427995146
0.00451897988386918
0.00453918020369315
0.00465364868279039
0.00459304772326163
0.0044449120444483
0.00447521252419847
0.00456948068344332
0.00449541284405086
0.00456611396347739
0.00436411076509557
0.00454591364365342
0.00452571332380103
0.00461324804311403
0.00447857924419282
0.00427657604578258
0.00479505092164345
0.00495328676038298
0.00454591364365342
0.00445164548438015
0.0043775776449877
0.00483208484135389
0.00494318660045678
0.00467384900261436
0.00443481188452211
0.00449204612408494
0.00448531268412466
0.00443144516455618
0.00436074404512965
0.00454254692365907
0.00455264708358527
0.00498022052016722
0.00469068260247241
0.00451897988386918
0.0049566534803489
0.00451561316387483
0.00435401060516938
0.00488258564095645
0.00451224644390891
0.00464018180289827
0.00472771652218285
0.00456274724351147
0.00446847908426662
0.00464354852286419
0.00454591364365342
0.00472771652218285
0.00452908004376695
0.00440451140477194
0.00440787812473786
0.00446511236427227
0.00441124484470379
0.00465364868279039
0.00437421092502177
0.00438431108491955
0.00434727716523753
0.00438094436495362
0.00451561316387483
0.0043573773251353
0.00464691524283012
0.00429340964566904
0.00474118340207497
0.00447521252419847
0.00491625284067254
0.00487585220099618
0.00452908004376695
0.00446511236427227
0.00456274724351147
0.00488258564095645
0.00451561316387483
0.00474118340207497
0.00456611396347739
0.00440114468480601
0.00469068260247241
0.00453918020369315
0.00454928036361935
0.00439441124484574
0.00416884100664561
0.00496338692030918
0.00453918020369315
0.00487585220099618
0.00439441124484574
0.00457621412340359
0.00435064388520345
0.00441124484470379
0.00467721572258029
0.0045223466038351
0.004720983082251
0.0043775776449877
0.00445164548438015
0.00433381028534541
0.00465028196279604
0.00424290884606648
0.00515865667873072
0.00441461156469813
0.0043573773251353
0.0044550122043745
0.00456274724351147
0.00456274724351147
0.00433717700531133
0.00435064388520345
0.00449877956401679
0.0044550122043745
0.00425300900599268
0.00441124484470379
0.00437084420502742
0.00438094436495362
0.00440451140477194
0.00421260836631632
0.00464691524283012
0.00436411076509557
0.00440114468480601
0.00436074404512965
0.00445837892434042
0.00466374884268816
0.00451897988386918
0.00435064388520345
0.00523945795808345
0.00421597508628224
0.00423617540610621
0.00527312515782796
0.00431024324552709
0.00426310916589046
0.00421934180624817
0.00435064388520345
0.00442471172459591
0.00460314788318783
0.0041991414864242
0.00440114468480601
0.00500378755998554
0.00436411076509557
0.00450551300397706
0.00420587492635605
0.00531689251747025
0.00424964228599833
0.00453918020369315
0.00436074404512965
0.00429677636563497
0.00488258564095645
0.00461661476307995
0.00433044356535106
0.00434391044524318
0.0045560138035512
0.00435064388520345
0.00436074404512965
0.00427657604578258
0.00437421092502177
0.00457621412340359
0.00427320932581665
0.00469068260247241
0.00464018180289827
0.00435064388520345
0.00414190724686136
0.00448194596415874
0.00464018180289827
0.00431024324552709
0.00427657604578258
0.00435401060516938
0.0044550122043745
0.00421260836631632
0.00418230788653773
0.00432034340545329
0.00444827876441423
0.00446174564430635
0.00471424964229072
0.00431024324552709
0.00426310916589046
0.00441797828466406
0.00416884100664561
0.0041991414864242
0.00470414948236453
0.00434054372527726
0.00420924164632197
0.00424290884606648
0.00436074404512965
0.00436411076509557
0.00430014308560089
0.00428667620570877
0.00443481188452211
0.00439441124484574
0.00424964228599833
0.00435401060516938
0.00433381028534541
0.00425300900599268
0.00441124484470379
0.00439104452487982
0.00420924164632197
0.00424964228599833
0.00443144516455618
0.00446174564430635
0.00443144516455618
0.00425637572595861
0.00439104452487982
0.00443481188452211
0.00471761636225665
0.00439777796481167
0.00458631428332978
0.0043674774850615
0.00512835619898055
0.00424627556603241
0.00432707684538514
0.00427994276577692
0.00430350980556682
0.00471761636225665
0.00418230788653773
0.00428330948574285
0.00436074404512965
0.00433717700531133
0.00454928036361935
0.00451224644390891
0.0043775776449877
0.00414190724686136
0.00421260836631632
0.00449541284405086
0.00445837892434042
0.00411497348707712
0.00420250820639012
0.00450887972394298
0.00421260836631632
0.00424627556603241
0.00432707684538514
0.00424964228599833
0.00415874084674783
0.00426310916589046
0.00424290884606648
0.00423617540610621
0.0041991414864242
0.00440787812473786
0.00424627556603241
0.00421260836631632
0.00433044356535106
0.00426984260585073
0.00429677636563497
0.00440114468480601
0.0042664758858848
0.00412844036696924
0.00421597508628224
0.00460651460315376
0.00435401060516938
0.0042664758858848
0.00450887972394298
0.00410824004714527
0.0043775776449877
0.0043573773251353
0.00457284740343766
0.00421597508628224
0.00434727716523753
0.00412170692703739
0.00430350980556682
0.00431697668545894
0.00417220772663995
0.00436074404512965
0.00408130628736103
0.00459978116322191
0.00436074404512965
0.00432371012541921
0.00459641444322756
0.00448194596415874
0.00423617540610621
0.00423617540610621
0.0043674774850615
0.00441461156469813
0.00428667620570877
0.00420924164632197
0.00420250820639012
0.00424964228599833
0.00430687652556117
0.00399713828804238
0.00439104452487982
0.00462671492300615
0.00433044356535106
0.00412170692703739
0.00441461156469813
0.00488595236092237
0.00419577476642985
0.00467384900261436
0.00446511236427227
0.00456948068344332
0.00410487332717935
0.00458968100329571
0.004633448362938
0.00407120612743483
0.00416210756671376
0.0041991414864242
0.00420924164632197
0.00424290884606648
0.00490278596078042
0.00439104452487982
0.00403080548775847
0.0042900429256747
0.00402743876779255
0.00426310916589046
0.00457621412340359
0.00446847908426662
0.00430014308560089
0.00461661476307995
0.0045324467637613
0.00440787812473786
0.00434391044524318
0.00419577476642985
0.00424290884606648
0.0045324467637613
0.004101506607185
0.00414190724686136
0.00422270852621409
0.00420250820639012
0.00420250820639012
0.00456274724351147
0.00404427236765059
0.00413517380692952
0.0040341722077244
0.00458968100329571
0.00452908004376695
0.00434727716523753
0.00425974244592453
0.00420924164632197
0.00402743876779255
0.00404763908761652
0.00390623684876346
0.00432034340545329
0.00402743876779255
0.0040341722077244
0.00408467300732696
0.00417557444660588
0.0046233482030118
0.00426310916589046
0.00415537412675349
0.00413517380692952
0.00438094436495362
0.00446847908426662
0.0045223466038351
0.0040341722077244
0.0041116067671112
0.00461998148304588
0.00459641444322756
0.00424290884606648
0.00432034340545329
0.00395337092837167
0.00416884100664561
0.00414190724686136
0.00427320932581665
0.00411497348707712
0.0045324467637613
0.00441461156469813
0.00416547428667968
0.00439104452487982
0.00412507364700332
0.00417557444660588
0.00429340964566904
0.00401733860786635
0.00442134500462998
0.00430687652556117
0.00407793956739511
0.00428667620570877
0.00413854052689544
0.00405437252757679
0.00388266980894514
0.00424627556603241
0.0041991414864242
0.00400387172797423
0.00404763908761652
0.00438431108491955
0.00470751620235887
0.00443481188452211
0.00414527396685571
0.0041991414864242
0.00445837892434042
0.00423954212610056
0.00440787812473786
0.00419240804646392
0.00409477316725315
0.00408803972729288
0.0040005050080083
0.00415537412675349
0.00448867940409059
0.00407793956739511
0.00414864068682164
0.00420924164632197
0.00432371012541921
0.00401397188790042
0.00417557444660588
0.00413517380692952
0.0041116067671112
0.00424627556603241
0.00409140644728723
0.00438094436495362
0.00406783940746891
0.00424290884606648
0.00426310916589046
0.00433044356535106
0.00423617540610621
0.00395000420840574
0.00401733860786635
0.00403753892771874
0.00413854052689544
0.00412844036696924
0.00406110596750864
0.00420924164632197
0.00415537412675349
0.00388940324890541
0.00403753892771874
0.00397020452825814
0.00399377156804803
0.00399713828804238
0.00401397188790042
0.00415537412675349
0.00425300900599268
0.00478158404175133
0.00411834020707147
0.00441461156469813
0.00412507364700332
0.00423280868614029
0.00424290884606648
0.0043674774850615
0.00398703812811618
0.00391970372865558
0.00411834020707147
0.0040341722077244
0.00442807844459026
0.00402743876779255
0.00457284740343766
0.00415200740678756
0.00410487332717935
0.0040341722077244
0.00426984260585073
0.00435064388520345
0.0039230704486215
0.00438431108491955
0.00418567460653207
0.00407120612743483
0.00412507364700332
0.00450551300397706
0.00388940324890541
0.00414527396685571
0.00416884100664561
0.00423617540610621
0.00396010436833194
0.0040106051679345
0.00406110596750864
0.00399377156804803
0.00416210756671376
0.00447521252419847
0.00388266980894514
0.00436074404512965
0.00404427236765059
0.00390623684876346
0.00407793956739511
0.00412507364700332
0.00405773924754271
0.00415537412675349
0.00416547428667968
0.00440787812473786
