8.890665313729
10.218981740906
11.9454963620065
11.2931025940923
8.79804765835401
8.52352298875765
8.37423158324689
8.7938385565229
14.0764572577897
9.4828908374129
7.87194430011385
9.76463754371083
11.0028937198351
10.5361902959439
7.84423463340156
8.12228304299568
7.7595632467156
11.9739309140128
9.57155187602872
7.5423531834144
8.42781732542955
8.84348773185064
8.78005920011364
8.29348028796015
14.6038014860569
12.0210713174515
8.53619377249906
8.43654502856381
9.92751289920135
9.87569328458361
8.15859021338641
8.88448550304219
6.20714962581439
12.5714987067409
9.55336541271348
11.3228255646644
7.48823238181428
9.29666964211352
8.00529985941708
8.92374642198993
11.1688774686591
8.23147043852121
10.573777557753
6.0555252094738
7.98872448666842
10.3891333752523
9.71474594300824
9.29030284674547
14.6572927792179
6.65780153240458
6.007148226375
10.7896063486355
9.46984737197357
12.9119403964173
13.0761600963192
14.3772195874158
8.92886735847497
9.04467513224405
11.8925250263314
9.11937635481415
9.08887375685261
12.4542659827914
7.63435878040996
6.45279595830466
7.62593040649159
8.38888564982989
8.48888500102183
10.2096385042951
12.4663545242652
10.3489148814046
9.57271535893994
11.2185080152731
8.88758628117957
7.26755632359021
9.55981846568714
15
7.66372654978825
9.83457826848594
12.4548017696397
6.97784786740063
7.62567353376781
8.18947304443975
7.21735537325629
10.7221253691006
11.0829438761339
7.41744805153933
7.57762856583182
8.77018789219166
9.74705755950911
9.71611749902609
11.1331851144782
13.567732654367
8.64123864555626
11.8563624945883
9.87168385482697
7.82697571100271
7.53948903857192
10.3709686184745
9.49995572929109
11.5742636714715
9.01669038332104
8.21547896082927
7.49331974043634
9.37217581640533
9.27166323705949
7.58785175863864
7.13699614083574
8.05110601112412
13.2135715589787
13.1897130806425
8.47690375455239
10.5257952743354
9.67996904174521
9.92636370005437
7.44174599082273
7.60941360076264
10.47614500386
14.8719110770756
10.4139236232908
8.62464170432025
12.623838463677
9.35845624853645
8.01683387207416
13.4559844672768
12.8974287258787
9.22340658472744
10.3019089643573
9.95333491600415
8.49830251308937
6.3255769914925
7.01186897967108
7.35407685511348
9.84789474217751
9.24550694579048
8.19578469334076
9.90100999704991
7.82785615427903
6.79699248233365
7.55956573102157
8.50277742825821
8.38775476493444
10.4355883822904
8.49326850692524
11.2895477744473
8.59707270211032
9.61642125480179
7.67105825459254
7.3012668945186
8.66343121449254
8.50638503101813
9.68114163633937
10.3880975425163
8.72796977641636
12.115446993971
8.84176297453159
9.84592114921386
6.71444297270235
7.62592206634416
7.80323441571024
8.32458947752563
8.1894092697251
11.6803155037344
8.89190005839003
10.6566097414161
9.45425920464085
9.48214193519445
8.05196065712614
7.64203365930181
7.3673270716623
8.19453545148205
9.44121264659866
9.35968063623027
13.7801657769768
8.07101511164249
9.17160779398426
8.72766333684802
6.29539767339822
11.5147462294254
9.13029220805066
9.37711813629772
10.0232693850838
8.63659433037625
13.4898273682522
10.6763704269117
11.7498411552297
7.92850768947702
8.13941629141731
8.85817801025755
8.72797991658291
9.08770913644068
6.93208680438741
10.5275881336266
7.59552541484186
10.2315778880444
7.12857200126529
14.1970588422631
9.44610971807634
8.68920735341596
13.159031932434
9.28683193252567
9.81751830631664
9.38798155695078
10.1430587337688
9.79673498395384
9.12038547627908
7.69967309664637
8.67635921613462
10.4428193101096
7.45101227199931
12.1144038997634
10.0510774825729
7.85139079886821
6.57220027988732
8.10657127859131
9.79079555580793
13.738934103078
8.08437352773175
8.55799283466481
8.90776596597383
8.64378883723944
7.18552501777301
6.98643223366712
14.3391779593062
10.5731245676564
9.76394076833598
5.38761659167201
8.37885038244897
12.0803611039068
5.56220632285374
9.66461711650699
14.0062961604005
8.38504473054616
7.06150117018358
9.24537039807605
13.4361770145712
8.76564971813827
11.741808772829
10.8611603429998
7.39039056808842
7.28653584447855
8.96728863953548
8.899285785726
8.48814231002151
8.38579930984201
7.77341578645381
7.38635555434158
12.1735247430537
7.85364087772585
7.7226476752146
12.5399048257185
7.96660626498868
10.3512948650049
10.7761942713774
9.03305010525026
7.91447620100077
12.2272434506269
7.92557701574439
12.1366633412339
9.2768776039706
11.6899886495267
7.32725604522351
13.0058131234046
12.167692200337
13.6017916998942
9.60579483274692
11.7804548184027
8.90031133755028
8.93226996213962
9.84216364617884
6.49306505377499
8.43190572588881
10.1745035422615
8.97540125897729
13.5247335970216
12.1441815348679
11.1788308583277
9.0970688418397
12.6929581619517
10.0263502216781
13.0508667252255
7.85210282293849
11.8734136291801
13.8218855441903
8.67852004504384
11.9793669138184
14.9238731784002
7.15196416478231
7.01426226832901
9.93203446801034
11.7944905542721
10.0519310602316
9.46290507712393
7.01091047104495
9.42364574715235
9.36408847528069
7.07828464367798
7.46042856870323
7.79329798711472
11.9758472179731
7.54784896961577
7.54874377498995
9.51094530399498
10.1143283063993
7.44702657538986
9.05165206003395
7.22933146997631
10.410271800537
8.45447808316163
9.44195418450425
7.93736134276011
9.38666679392686
9.07531928625659
13.0937748402443
9.73634786665972
11.0789143406213
9.4651047477242
8.4618772130922
7.90265084665448
8.1806313220676
9.87325434229686
8.45942372179646
8.2748048834192
9.02670271523891
7.96168388956138
9.23593586050694
10.7982557381441
10.4468398666615
12.8215194828536
9.40202671720587
10.8961390033618
9.50959749199761
10.1596242166986
9.19532055203478
9.08555026934574
11.4328021001018
10.3341864796789
10.8134622158834
12.62447663553
10.6779433053932
9.11699840230858
14.349231726814
7.79381851526751
10.1296191237329
6.46888720928989
8.66505275900209
7.40800205612686
8.07380613377148
7.90644337189194
8.95823562348448
6.98988016252114
8.31719895327621
8.15438527267844
9.79224478678295
7.32868037395564
8.71274232192733
9.24401153161396
8.90618388491324
8.60731245688651
7.32320099456164
8.5575701391618
13.1215202173415
9.02566382128879
10.2510104339872
12.9608937798712
10.3884632317301
9.0140491765346
5.73688911410662
11.9289177564661
8.08301927284168
10.8072754277476
8.27009294835114
8.9451056720888
14.346608912513
12.3902469419303
10.1570763915258
8.07245540532479
12.0372438424691
8.80490249957879
10.4948262427282
12.4034104855527
9.46150677591484
5
8.31776470834863
9.08893031954053
13.1481325862365
7.49260877259737
8.11219683080736
9.92647349550082
11.5573985086067
8.14527702010108
10.9470606455234
8.68045678710468
10.2268995101463
7.11850765844549
9.69639712105739
10.8145598486337
9.01401000194027
8.90722360057011
12.7032023458128
9.27902289510391
9.2511797630914
7.82718279941388
12.8788181549035
8.62527572041587
13.4249524160019
8.44983583782854
9.62409298448489
9.11131857798833
8.80013392214781
11.6740878639984
10.5313408822726
7.00450296628837
13.0849874896891
8.39591780116191
9.62731927330776
8.42690591390493
7.76245899559763
11.5295196276678
7.43819717025047
9.97781327524335
9.0554179119489
8.20074785841883
10.1016873235186
9.00847628772576
9.29065624656194
7.91917853888596
9.3526707813187
8.23420359495585
8.1403149579093
6.95075750664982
6.99959038570877
7.87900930653808
9.72518125570493
12.6647728511883
13.5865399797812
12.6349846944775
10.2511626549359
9.21255301299092
7.52941349284003
9.21280437050447
6.94057763739625
7.45160031660645
7.24867972980112
8.76217652990136
7.94388213751567
7.78523923506629
11.7863674909196
11.0892413118095
10.5193080722932
9.35761445906191
11.4642488479517
9.40619430500385
11.7866735219105
11.1919917867181
12.0465763140216
11.9693440210266
11.4344105579489
11.927462153688
8.2625346239793
8.24524662532122
8.92932655983888
9.70848181439931
9.60000495543318
6.64805224162416
6.91491432398439
10.3149521649386
7.87032973175261
10.1961137790426
9.28349697244747
9.32143592406299
7.63275120171235
12.1995953076099
8.26912309733922
8.64480618812448
12.6384352042483
7.22065968803309
7.89080133430805
8.25500190125034
9.24358691835162
9.90955867214688
8.36037259246746
9.17666594455044
7.59174937497601
7.74234464836016
7.28989337867579
8.37271078168122
8.76027455950991
6.22906269072067
8.10984526856059
9.07783564037691
7.22000582661267
12.7458045422176
13.5127086582258
14.7032697929772
8.33565007223186
9.44745192419734
8.82664030601106
11.4267861348334
7.60763219244331
8.57320820278636
9.47375126711187
12.6238532487882
13.2404890582054
9.38743743262217
13.9868589326086
10.5939258404786
14.0035159178081
5.94071040655187
7.01599562393147
14.685278933466
13.2410443824292
11.2246550574306
14.7447875255738
7.25431495147644
8.26769712659052
8.03492724554769
8.08788113784379
7.79483833974449
9.52710430939981
14.5586875014264
12.2113829699354
7.64639002448178
7.95164464872769
9.33149706460505
13.306889650196
8.07163122179914
6.70585544556143
13.21319442444
10.0307340075917
7.25020094914671
9.10517704721249
14.5910550130458
10.3216210045934
8.72391589066871
8.47579614628916
14.7599544904559
14.1063318219241
12.1080132247409
8.41980867005176
11.2040283979191
9.40810091650459
8.97386459600192
7.90063232762192
7.94164857497621
9.35959709376166
