-1.22523143298202
-0.245644377953531
126.501659423548
175.220976453219
-137.079423227147
-46.7286450629626
-113.6082101929
179.878559554632
-1.11782194225151
0.601100462990814
152.641689036415
-153.34739685916
151.956679710158
-0.902002369294107
95.2097975999631
-0.526162924253385
10.0998868390753
-0.62036717216388
1.57179349679879
2.17193228682582
143.879590181673
0.85875954438473
115.646455427591
3.43526760851828
91.8400726442345
0.597322218099297
-124.242493012306
4.17732873138665
-177.072060456956
132.202865882946
-184.228139411312
174.942053965899
1.99959663335855
2.11207456290182
-87.5317724553271
-141.463808178271
-145.233911551429
-132.571272803627
1.28266861873405
2.27237904218239
89.8964449948125
174.093846387382
-0.378305994701291
7.22363467109921
-106.803384273349
-0.201670255107007
1.36204459115776
177.276911078712
-0.548104820992028
0.74653314672385
-128.3633606331
6.35684826987317
178.165515779332
1.11897251192804
1.00009959884357
-0.869955340339658
2.65730831967925
-179.189262007096
3.42600498483321
-0.20254357420814
0.177814853908213
-0.829748452861613
0.0954795982812939
76.6849695493643
3.66807934651733
-180.753397840139
-117.120562177312
172.518853071877
0.51449343740619
174.713049970956
-1.3659423479878
3.45075006152532
175.047725883562
-73.2709966198326
0.899514144888395
-1.70502098381949
178.632598143542
116.212336717904
128.541105231526
-0.645990548800508
172.377020650643
-178.170358344644
-106.319547891121
172.226732536671
-183.592085733373
125.280930226935
4.25957546443392
173.032975812944
-0.816694672607947
3.28793014188878
-0.34582814317265
-75.7780217556277
5.03708474106573
1.28552936026891
-135.183194184825
-87.3411911765577
4.33239823503319
2.98903937487517
170.857136946101
5.01594326942047
4.69867552593391
0.923425297512417
140.313028302433
-185.22252978313
3.87715528810586
176.523249107862
-142.153765556708
1.83817891208837
185.231486326765
-0.481390099169181
134.609883877209
185.38867637043
2.82607935858059
1.4711933057149
5.01428798937556
180.165120669051
77.4417866480155
-102.235873628748
179.064221343477
82.1258127178314
140.744309111442
2.70080837454929
-0.618721904984185
-128.945313850204
-1.13059476495486
96.722348978508
-1.19973928330991
0.0347698691165617
9.95491200768986
-101.528268105247
-94.9598628352209
-64.0787138699221
-110.412118823763
-82.2326301157826
82.5000387455329
6.70491964598216
-0.0448587132903566
128.345311758062
-0.542860288151703
-0.918010118530827
-51.4650578397703
-184.840261662865
-135.992445008278
9.2037040818979
-1.03931161275852
-182.003865348692
1.1093617247302
77.2627116286124
63.304215659788
-0.123955132545919
-0.0178297344907204
180.162997935895
123.062026119285
2.06702910051751
0.402514806830934
-180.411719095312
-1.35538569044734
3.40053671961738
67.7837980160675
3.36914386147159
3.74349738682332
180.979940974632
1.04575590058725
-0.515510562008958
-82.3232325926782
0.391567274090984
1.32798216793971
0.985738607953239
-1.24180749750928
4.36358493024842
-0.0123105625264913
-68.6344352265513
121.871276623031
-125.281909707375
4.05602519893449
-177.099242956642
174.469819737213
92.9750689870666
4.9844942714525
-63.8966510485388
127.391792889687
3.15912956395627
-1.17678179833161
107.849739971051
171.19767441708
125.39717243621
-0.942646267260921
96.0046477995307
-182.012807668754
175.26510549623
-97.9004468047585
-142.957571794119
133.652267261893
-0.185774836176784
183.235259188192
173.066819811649
-135.36118326822
-177.938497975888
-0.839357793328199
-122.233218482856
-0.280867299952221
1.92614708098682
-125.744223743376
174.150994900175
181.725545057305
-110.599391517217
-0.406880931115563
111.244706096104
67.7323461422762
4.08170545984285
93.7761608446186
8.87565101134259
-0.778395542108172
2.45583551587925
-94.3299950015223
8.92879773757874
91.0873515478813
84.7669401972349
176.719913569019
0.468255677945637
-63.0233429622407
-1.47045047325922
-177.686322337011
-0.918396415506473
-105.360545003756
-0.145322598118136
-104.479090038831
2.1483564598612
177.315696242817
0.848597647207711
-181.742945976425
-129.619532346439
182.555576713253
1.80352835902547
-0.436144036607627
8.44593126368093
89.2818783956042
1.25149238141451
3.12788987554817
180.40047083129
65.4485748592619
-0.434594284355342
172.683490318939
3.21478232743216
-0.187700212398169
-0.901425157833761
7.81520830593683
-82.8760797654603
-0.319683529349133
2.1879083780151
48.9454851780595
-0.198045958118265
2.16156759734127
-176.996163527081
7.59009470627547
-63.4999744381976
-177.926245209632
5.238631328778
-80.6623469101928
-0.0599050497291655
-176.389126468932
150.22600880012
-136.424981169276
4.81539672601666
-185.290319492591
6.31356110931687
2.33584894766219
76.0734322827415
180.362482193413
-0.0887883769337676
107.027518556017
-77.5251707565652
137.148664165567
3.12951068054363
111.23836317727
6.61131411666513
96.9537227392776
-0.795122866509625
0.0813367960751004
5.60706231927329
171.346804353018
157.812951016395
173.846209602837
0.687536993166136
0.641748873765277
2.19954512907615
179.239218618394
1.38917426963461
-111.522139921511
4.48565308410042
5.54535405180833
-0.66569923108021
144.719041964503
9.29404136291993
87.714504845674
4.70789475408427
2.73346542778341
176.532312597296
-0.608593085855391
0.55288273826681
107.945482388403
-0.136570793479402
-142.458644851045
-180.731315940374
0.32000251396628
10.3676106853513
-1.04681810897661
-117.383485060581
-100.327583188636
-79.3579619309815
1.29751919457043
-127.368916301118
3.67903895220421
7.15126284993954
96.5727104043007
-0.68655178171129
183.773320169974
5.45383112491212
-114.097886647272
1.05925582560361
-86.7975414049324
2.85951605957687
6.39900977153076
176.697834762028
-179.840970772985
0.0369261097288732
7.32616852793741
-90.7268330635056
-0.841956135675444
-0.49163749118583
-0.00116200971465852
116.732286137928
172.078184530053
-1.09448716601114
-181.512893318106
2.49911335341865
180.57120398247
4.64528218929669
-1.5626160991353
184.026586986019
4.8676958926466
-84.2962489063259
0.573741628504935
1.47543199190737
-0.969351030044983
-132.714036972154
-184.682788458788
69.3641267429016
7.32986808607243
-0.588365843146091
0.0674554530512631
-115.748127646712
3.3668629943231
-27.8646951322774
7.99673170439878
-98.5164897373186
2.55225414699461
-63.7353333977204
-0.478325996916205
4.73204031490398
2.20039076157445
-131.547865386362
103.733059714833
-180.179847728067
0.116382695872971
178.471670851522
3.34639312259125
2.42217043398157
-182.462669332758
184.305809122761
1.75961344893566
-176.943073633946
3.02966720466638
173.394376518962
146.713611629278
175.608113581503
-0.284839147162221
173.949787221523
4.21913121852643
178.322451026408
-179.54750701603
-1.4151503077175
-182.125354157255
-127.137606454059
0.850802096810136
-180.434658085595
-1.31924331139241
-1.42261042039829
-182.252543469226
175.834321960177
0.77687858785429
177.118377011669
0.49508418755162
182.188894897828
3.79496455808965
-180.0958500121
0.812056180571025
-179.27336518731
0.567078610181466
6.45805172853247
1.31573340230046
175.392233252752
-98.5505057186029
-137.199498669307
135.887459425484
3.88082446921888
78.4487586861544
1.54014192815814
6.92048343860418
2.651694622548
180.781322017512
180.621545895833
185.635446052937
177.09095146283
4.03211220766093
-0.0964534064218869
85.7826274416308
-1.01039272380082
179.454827453438
0.180632974073048
138.270826946072
-65.1831224416308
-66.5300019960522
-140.501569510336
-87.0890256867357
2.0994882365792
4.08204494780486
179.892472392248
-0.727634210927794
0.68681429090261
0.523291888748435
2.11240398565936
172.260051682976
3.2495759297448
3.96019775092672
182.197661709132
-0.014707255854195
-107.794415619519
-119.152857288604
-0.691717783505474
2.88407454090324
-1.35817352754209
-83.514477215057
1.30631956598157
-85.5420675730739
2.80977260982999
1.53256614907428
178.062442427058
-57.1082060665939
-0.187570361245147
1.35239861005323
0.0570846590251764
45.3126750447739
-137.166074082615
5.67837861280326
10.4515008213881
0.764139129568725
-53.4412948830798
0.220264327025495
-179.579459586741
92.0124186653227
180.79554767728
-135.388634863417
0.44543351881526
11.4887750685099
130.916363107429
-1.08759264228145
88.4628564176001
1.00111456521819
142.2110804043
7.22449246053192
-0.633688230173481
175.555550604241
-0.715408026966537
-133.372876541514
7.31926469165599
1.53652094926897
177.111954783196
-121.026910678363
163.063791432442
0.0970192929585353
-69.1439567647139
-140.625056891745
180.730557105054
174.028018089701
176.138297336773
1.43910421556614
9.7612472356797
116.983094437947
-80.6579528675072
2.54215415162212
-117.824295860488
1.61153744317551
5.53641863668986
-177.030755208504
-122.059080650768
95.247689541915
5.76203343264862
-0.362566949489405
-91.3935943652031
-185.34234899066
5.15867165758667
176.707424276848
3.0130838869438
-132.688758713951
173.067125790124
-180.093644974405
-71.7955013214363
3.5418391478911
175.753018805113
180.194083528975
179.013839487129
89.0428686852769
-119.794240600326
4.43032224246783
1.5279309851915
1.1663761697542
-96.2247759433707
180.544229323156
177.193752601682
1.69939225236936
173.220168226311
3.25464950565853
78.1148587898209
2.72174187247463
3.66797057338344
184.673228139238
2.05206520149096
-184.616351044042
-184.779857316293
9.98398802151878
-104.174027605582
7.83086670805899
8.77661501854189
174.52407721122
0.43306937820121
3.48693066631349
0.376778874696458
2.05327272521823
126.968664081462
-0.882203049411089
-181.550219220166
-106.981691303309
-115.18949758667
0.337137109816393
