4077.85674248
11736.4400588077
1468.51699576104
5339.2462243708
2510.992970569
630.300902625475
157.431662155701
-134.889069569797
2604.89679504492
1700.44006167578
-168.455604209308
3095.04134422143
1923.64439704804
3079.34203966342
8444.2575898861
4106.24706040032
74.05954986397
1354.34707334659
2310.41445970521
2524.39318053539
1873.07664544289
2420.21611088703
-1588.58474517661
10665.0829747901
5938.94036004169
-667.619407320308
7484.53786793626
-3926.7052488057
3661.91200753362
4280.27298250213
10152.345933135
11150.8232493942
2590.87194441848
12968.1791451037
-500.755536408198
2566.55305352678
2848.49231630614
-1667.88287650801
5311.33657730953
1274.84658733751
6957.72051134216
6006.74699943119
4078.67730806115
1881.53441433792
6105.97571829573
10042.8160872363
6823.50628075326
2147.51030524196
2519.36968359699
2712.14576171142
7032.70624739117
8461.53320476724
3695.04497391515
5521.77596136983
11882.8377257034
977.20019424339
9490.61164621578
10757.2512597752
459.691757431557
3248.44964026798
3033.48109878433
7322.30487286174
4028.90123699367
710.548503741958
5266.71388019127
7875.47185362751
3960.85178994236
7119.43002270245
10680.1731516995
2640.90955661119
-376.587656447122
1972.47213625023
10582.6861977511
6894.97321748009
2092.75557422955
8048.3899928996
5656.10303928276
1636.85299799501
3522.35469490595
-4219.4625695817
14109.7642670197
3181.52422547789
1121.35899509426
1398.62309676991
8284.92276546328
1866.8712118065
875.094069090549
1095.93888073861
5417.3232504439
3123.03702911591
-4053.57409724446
4505.61538777251
-4530.41184275152
824.341136816965
4430.7749686378
7998.4724533186
4896.26197283701
1607.76876216455
6909.08212356837
2741.82280615026
4978.18494417617
11074.8507736336
6207.78101727496
4156.25754721822
9412.57146453719
1654.98020088437
3383.6414094185
2251.73435767387
3423.66528403741
7778.19509703576
-3516.07859836466
-179.231049149764
-597.407682456968
5733.07977515987
6407.3240014697
1012.65490833597
2676.37365068745
-774.321592657294
1331.91968391699
13122.4552979432
302.49955883335
365.256063789383
5181.62007778853
1728.93548607331
11254.1378610248
1555.81572623359
3818.66010529798
5632.8643145398
4686.09611526679
727.546979051607
6450.0010850171
2808.1663378119
6603.31913406908
4419.67181218599
3304.57631371064
9030.98229838894
1024.22465716347
-798.589780856143
1586.17307412481
4797.0894429324
3703.92842600977
668.99214775213
2976.12145024908
11936.0877765907
-239.868205016536
5371.21619204746
8139.29869238334
1767.01386544322
13623.2822849671
-1084.09559189466
3129.53729897219
5841.9573042362
1729.46450429696
3897.13541532614
775.620657360735
1784.01895335246
712.875005658583
6033.36733534852
14087.0701725279
8302.10121053236
2475.32936013046
3503.38292780707
655.473862082491
3680.5408849804
3394.8547108036
223.215739064012
1159.84062708416
-1083.99779124644
3382.36411724602
1855.8384800405
5244.51825658447
5324.37186327401
3258.7004412034
491.376975012928
-2496.97882899336
1396.61582098401
8393.08802139229
3472.56695522453
3786.799627168
928.713389103707
10210.2345298443
2834.33130089649
7467.27727606149
5962.38060868534
10704.3627160122
3816.86371358165
4330.56468080737
4825.24670697948
3082.10880659235
2409.16324385145
170.248236674693
3548.86901821306
864.727686726607
1433.65538044475
-916.869759152967
-4713.00979625873
-940.612336857252
-451.881797971107
7254.79689784959
-696.87514495915
-3359.54371050277
1651.47736013768
396.367421435723
780.052234203185
2391.81962957366
6311.19705902791
12194.562530298
-344.208141933639
1065.02645147738
2679.10030713333
9250.70458639293
4334.38810815018
5221.59771534732
11726.9908578833
5280.80924620096
11665.4095662078
3286.44019204148
8128.30205065088
607.453285749129
3149.73710368289
12741.9042800648
508.520810785367
7394.13455350102
2344.39587542309
3229.58994741752
5938.16693231516
-538.724229892072
8924.25819584353
295.842906970789
765.010973311278
1141.98303230414
3273.6332024028
-185.917448520823
7971.67651089033
5303.1884547608
5329.80279851134
779.527718098411
3549.50793459529
-804.15976660357
4161.26752328158
1244.54133199962
10183.5289440028
-8.09391627644894
2212.62711830761
1600.2504586007
3938.78507664183
1411.31155096762
1785.32618226291
8684.93048798421
12517.6943686887
1083.35794222945
10232.1117019501
11779.3901532364
-2822.53227784538
11603.1201726427
1604.63681811926
8379.3849372879
1036.1108782833
4153.36837428785
-337.453618573581
3339.02202214617
9565.53741041433
5201.81779157413
3663.61792658823
582.381629147959
8822.90200302838
6787.34924826496
318.411938952558
10493.4880168818
-2318.25691108784
1010.86700103595
-2686.383172329
8963.54737779032
13658.8978550234
2188.65889791098
5055.5911185284
718.397522028963
7532.93112291234
149.211469427478
5145.25661616169
698.602703677048
2781.06344761324
3133.03984704321
414.058324133598
1754.78061624376
4538.29538552929
-3931.5175071982
9353.21493003581
9758.35081573228
1743.04384674799
2964.8881162368
-162.974102392936
6695.90219480531
108.889449376828
10738.2752513334
5586.68902442937
5454.72572331587
2309.16484216256
1370.82893817671
882.874735655478
1603.24384547571
1264.41819691954
1060.3554206312
-417.103698761834
2579.96253603848
-669.861734065
5064.52168451311
8171.83400602728
3754.11732295686
-981.781009027793
153.776949932882
-3680.72005608326
9249.1862797397
1690.27733235674
2942.62461631847
2993.71936754842
-268.045644688533
2362.85175222668
2900.7439361648
7860.79509913927
2122.75045198232
13820.0078197634
177.775477454912
8905.40224353268
1382.40761821132
4938.51218200315
2424.60300825679
6758.59759699391
527.294570719299
-765.322472968067
3458.5218225527
-506.715310187793
9102.11350632501
13435.6078078813
-225.99923380113
2618.32719683242
3810.01670250011
2119.22252232754
4689.32707700298
2870.24414530904
78.1953019447235
2430.09184382445
11423.7859478158
1130.66608866852
6155.3781017871
5029.82979869765
8014.90525923818
2851.54746342969
-1158.962894393
453.810369961293
2624.1436261574
2737.00232644411
10652.7001276702
6054.68009460726
7792.90280272855
402.563889859048
2845.46637765227
13679.9493844892
119.171132967623
12672.5263744055
1200.57424946999
1805.08356932426
-991.031673862901
7608.81882848772
2084.12488545958
3656.06796128846
2681.99942627391
3773.73082642248
1450.54047925302
1182.9527029892
-2151.46796044545
7188.92164131019
-3917.60165084488
11618.4658489017
-2034.70703703113
8694.45728651462
13661.9330435841
1259.6601948335
8749.32894036469
5232.73838544069
2155.12516255566
690.346886431739
-218.626870420989
7489.07560456954
2008.19260575953
3362.84110123118
-11.3570577075803
3434.09200927994
4016.86583936416
2840.85998033988
11929.4331621182
3469.70046028925
1119.35558071784
4257.12821602927
666.342672512047
1325.30206224911
-285.293568832905
-44.1750791377348
74.286971922795
506.685967937313
3534.93856617577
1228.76320150293
6388.32645284322
4048.40110192792
-4529.49143451347
4652.50253195599
4160.7941181612
1803.74121050526
-261.816861168652
-85.6186404401647
4440.45440620715
10529.1888649312
5623.12992050068
11904.5312487556
10276.8896928938
3568.73555728819
71.8277426540361
1262.32678616013
-1006.28726655022
7072.58234015591
12025.0935817371
3384.84479150817
10005.7383942902
-297.139994797647
9670.10125740871
13334.0816102294
8103.70352339608
917.060032240001
3370.66520136234
3310.29530836529
2094.56765645191
4008.22452621411
9191.38321840676
2303.83458030713
3597.0033253456
2559.70864616451
-911.613410635104
6189.95656533131
1031.06931025085
10818.4882729794
9503.17716440799
3539.62683780225
1157.15367306599
1173.2228622445
-188.478117468757
1525.25618116256
-154.220804585893
10256.3519558996
1502.44586447071
6493.45030556827
2125.99632687846
9335.5316972333
4567.45482022939
-473.244229847296
8734.40146498411
739.79914126127
1644.68126134618
-3043.5657376534
-9.32775703918267
395.924624473507
4672.57822427336
9185.07087460349
8037.23607440434
10462.9195968032
13460.526559822
9824.91176744588
1060.4243716779
-3204.82369261111
579.477814950335
2725.93776815548
3391.98921389214
334.828248565056
9691.41017674227
4223.60389114045
8304.67089930532
4808.13491005692
3367.01076967492
2525.51696382532
4085.59647487315
-1568.54297804287
3093.27247995093
185.771564841325
-138.610746237949
3083.74463018048
-1267.84713733041
1818.08441964004
1678.83313348839
2147.95791832683
4428.32809389116
3729.21276258845
456.963759068422
4774.45045752764
112.401517642114
4208.67610280008
1147.7640145019
2561.4930750084
3877.78491886697
12594.2516596697
3500.43403189129
3062.53029330535
3418.36523148904
8201.55934765746
-546.810009087477
7405.62023591908
1922.38639798684
1783.7208234845
13144.0798438928
784.888043804748
2732.17944802438
2415.23938879721
6662.49311521596
-4722.91588556471
-3986.89091631777
-525.838284164136
12654.1741620958
-4660.89990074252
3488.81247155265
3955.17076412718
2869.58286971882
4697.97037479077
5181.34130737196
6893.64640898124
4710.14607176178
8955.76721177856
11434.5584994795
4717.49518170955
2888.59486563055
9411.29862783868
3915.76137521536
1968.57208685324
3665.5556052362
3233.02746589149
4526.37712730949
5356.74410248863
3872.58799837072
1957.14671689808
2504.70491076267
3005.54038903511
4879.65076462339
4073.59889988652
6236.3079395525
443.160568506485
5232.50164384151
1930.15427507443
-3521.5011241096
