4.77765928793875
3.9679530342564
4.05862553657101
3.04390623684876
3.9957890749937
3.99677889066578
5.80337092837303
3.65385489436918
3.39696069354432
3.79955306792357
4.63267822573857
4.44916842016667
4.31279942765761
3.10400892180795
3.83676879050586
2.79474539180205
4.13630249978959
3.35884269000925
3.10224139382208
4.35169851022641
3.26191818870467
3.76834694049325
3.3769388098645
3.8363513172292
3.77136688830907
4.0381525124148
2.91536150155713
4.0298030468816
3.83589344331287
2.98718037202258
3.68437084420503
3.61344752125243
3.84674774850603
3.53357882333137
3.56179530342564
3.94150071542799
4.18373621749012
4.44830653985355
3.80072805319418
4.01230620318157
3.53001010015993
3.50169935190641
3.45606682939146
4.4720755828634
3.99293409645654
4.12281541957748
3.16687568386502
4.03970120360239
4.14404595572765
3.84677131554582
3.84603737059172
3.89035687231714
4.06747664338019
2.8126125746991
3.78351401397188
3.09333978621328
3.35035518895717
3.45155205790758
2.7708248463934
3.39408551468733
3.33468647420253
3.29439020284488
3.94150071542799
3.79955306792357
4.15552310411582
3.56456948068345
3.4523634374211
3.10844962545241
4.36329686053364
3.42087450551301
3.27006228431952
3.3906884942345
4.26641612658867
2.95590354347277
3.63590017675281
3.41257890749938
3.21502314619983
3.02187778806498
3.61693207642455
3.8000614426395
3.07782257385742
4.33811042841512
4.11235165390119
3.78386078612911
3.38331201077352
4.1069379681845
3.8595379176837
3.42415705748675
4.47940493224476
3.61757175321944
3.51453328844374
3.10224139382208
3.35109250063127
3.51729399882166
3.08542462755662
3.74344667957243
3.87662065482704
2.97144768958842
2.97543388603654
3.68636057570913
3.12671744802626
2.67760037033921
3.60566703139466
3.35035518895717
2.91332126925343
3.10656762898748
2.86858429425132
3.6618239205454
3.55247285582021
2.65979715512162
3.25825856409395
3.45312768285498
2.80679488258565
3.6031520915748
3.54225149398201
3.13476054204193
2.64234071206127
2.83805824425554
3.67357377325141
2.92367056645065
4.12843447521254
2.66162191734702
2.92096709031227
3.30143338102855
2.79316976685465
3.3526378250989
2.44123642791013
3.31778890665768
3.09866593721068
3.43294082989647
3.00193670566452
3.37655500378756
3.16123306119013
2.9445509637236
3.21628903290969
3.57297281373621
2.63718626378252
3.61293241309656
3.37854810201162
3.26001262519992
2.69915411160679
2.61586145947311
2.7628120528575
3.07526723339788
3.51453328844374
3.18657099570743
3.10223802710209
3.21869623769044
2.89548102011616
3.10353084757176
2.761499032068
2.96678478242572
2.91587997643296
3.07476222540191
2.79223718542212
3.10502567123982
2.44924248800606
2.80209830822321
3.02838229105294
2.6946528070028
2.92503745475972
3.37140728894875
3.05920124568641
2.82297197205622
2.88139129702887
2.4639382206885
2.72438094436495
2.86103610807172
2.74807255281542
2.90027522935782
2.99320343405438
2.78652049490785
2.75900429256797
3.02769548017844
2.92722918946217
3.17814409561487
2.89776028953793
2.92877114720983
2.65087871391299
2.64331032741353
2.53657857082737
3.18352074741185
2.72694301826445
2.82535224307719
2.86636225906912
2.70720730578236
3.11844205033248
2.55915242824679
2.91374210925008
3.14240972982074
2.63999074152008
2.83079286255366
3.08782846561738
2.42964144432287
3.04198047302415
2.68624947395
2.415376651797
3.4628642370171
2.57709367898326
3.00340459557276
2.66541957747665
2.67968437000252
2.64331032741353
2.87246275566031
2.81509721403924
2.53066324383471
2.8609384731925
2.48138456358893
2.73285834525714
2.67380271020957
2.85831579833348
2.55339533709284
2.23289369581687
2.95206548270349
2.9179134752967
2.57351822237186
2.64134416294925
2.61858176921135
2.53009426815925
2.95986617288108
2.52268075077856
3.1590143927279
2.00303425637574
2.761499032068
2.80263024997896
2.64150576550796
2.57871980473024
2.77396262940832
2.41901944280787
2.9449011026008
2.63815251241479
2.69697247706424
2.46773251409815
2.73400639676797
2.35756670313947
2.95291052941673
2.55673512330614
2.415376651797
2.80784193249727
2.5489647336083
2.73956148472351
2.73509384731926
2.85566955643466
2.7682122716943
2.59074236175408
2.86619728979042
2.72942092416463
2.60136099654912
2.61977022136185
2.49929214712566
2.57211766686308
2.55291389613669
2.78026176247792
2.42437926100499
2.306002020032
2.35756670313947
2.53009426815925
2.42268243413855
2.15896725864826
2.64331032741353
2.64331032741353
2.53611059675112
2.68093005639255
2.93179782846562
2.86416715764668
2.36141486406868
2.62879303088965
2.26444659540442
2.45472687484218
2.74914653648685
2.31083662991333
2.44320595909437
2.29204359902366
2.17611733019106
2.54652049490784
2.48138456358893
2.08826950593385
2.54648346098813
2.38041999831665
2.69156215806751
2.43109250063128
2.84446511236428
1.9171121959431
2.8170398114637
2.32867687905059
2.81657183738744
2.60136099654912
2.44136436326909
2.8980397272957
2.46864826193081
2.52268075077856
2.63718626378252
2.55092753135258
2.31354010605168
2.30134584630923
2.46751031057991
2.22788401649694
2.79543556939652
2.81521168251831
2.30668546418653
2.71207558286341
2.04867014561066
2.50378335156975
2.37649776954802
2.15896725864826
2.47124736975002
1.97782425721741
2.13888814072891
2.35492046124065
2.3857899166737
2.25943691608452
2.15371180877031
2.26454423028366
2.46896136688832
2.1851872737985
2.51299469741605
2.30136267990912
2.46762141233904
2.3058370507533
2.47380271020958
2.32745475970037
2.13559548859524
2.36126672838986
2.24272115141824
2.13045450719636
2.65541705243666
1.99634121706927
2.36322279269422
2.10230199478158
2.34077350391382
2.5373259826614
2.2011017591112
2.46977611312181
2.3779622927363
2.33128608702972
2.63638498442893
2.41082821311338
2.15440871980474
2.5411876104705
2.17611733019106
2.29727548186182
2.07786634121709
2.11494739500043
1.97303341469575
2.77232303678142
2.35103526639173
2.59729399882167
2.33531941755746
2.12609123811129
2.35051679151587
2.05565608955476
2.25937968184496
2.44744802626042
1.92382206884943
2.26744634290043
2.13294251325647
1.98281710293747
2.27100833263194
2.17611733019106
1.7737639929299
2.07616614763069
2.41143085598856
2.16136436326909
2.20444491204444
2.12868361249053
2.01515781499876
2.03452655500379
2.08833684033331
2.14392475380862
2.33670987290634
2.42534887635722
2.36025334567799
2.25672670650619
2.19046965743624
1.9669261846646
2.04850517633196
2.38945964144432
2.05389192828886
2.16735039138121
1.89077771231379
2.66222119350223
2.96310832421514
2.1359624610723
2.33513424795893
2.31009595151923
2.18031899671746
1.96681844962546
2.26138624694892
1.83566113963471
2.58329181045366
1.61397609628821
2.18220435990239
2.12902028448784
2.11503156299975
2.55193081390456
2.00814493729484
2.20333726117332
2.05114805151084
2.17848413433214
1.88975759616196
2.00351906405186
1.53150829054795
2.12952192576384
1.50344331285245
1.97842016665265
1.89751788569987
2.11450972140392
2.2696010436832
1.6257023819544
2.09156552478748
2.10108660887133
2.07438178604497
2.09908341048734
2.08675111522601
2.007252756502
1.89496927868026
2.09385489436917
1.98364868277082
2.25480767612154
1.96209830822323
2.09486491036108
1.8448152512415
1.95613248043094
1.9539878798081
2.16759616193923
1.6631874421345
2.18067250231462
2.20735375810116
1.96133406278935
2.03477569228181
1.82585725107316
2.02751367729991
2.18841259153271
2.34332547765339
1.81751115225993
1.99658025418736
1.90249389782005
1.75515613163876
2.36337429509302
1.70984344752125
1.90770558033836
2.26249726454003
1.8829265213366
2.30954044272369
1.78390455348878
2.00983166400135
2.04689588418483
2.0023137783015
2.14450382964398
2.18101590775188
1.82016076087871
1.66362511573101
1.72074152007409
1.86834189041326
2.25418483292654
1.46806245265552
1.70035603063715
1.84486575204107
1.57830569817355
1.77909687736724
1.9962873495497
1.82824425553406
2.29496254524031
1.69851780153186
1.75137193838904
2.2784487837724
1.62819712145443
1.78414695732684
1.78968857840249
1.82066240215471
1.83232135342143
2.07054709199562
2.27238195438096
1.59403838060771
1.81696574362428
2.00049574951603
1.84957242656344
2.0421757427826
1.77464270684285
1.82513340627895
1.87271862637826
2.0717759447858
2.51610554667116
1.52599023651209
2.0023137783015
1.94784698257723
1.75246948910026
1.9079143169767
1.83045955727633
1.56544146115647
1.83799764329603
2.00591953539265
1.47659035434728
1.9122371854221
1.92505092163961
1.72355609797157
1.90899840080803
1.58283730325732
1.75390371180879
1.57240720478075
1.53880397272957
1.54976601296187
1.53626209914992
1.80708778722331
1.88168420166653
1.70746654322028
1.69075077855399
1.65852116825184
1.41905984344754
1.84611143843111
1.54068596919453
2.11559717195524
1.40171786886626
1.4720621159835
1.94565524787475
1.81123221951015
1.65317481693461
1.5874766433802
1.81735964986112
1.93594899419242
1.60791936705664
1.45155205790758
1.43783604073732
1.7703636057571
1.37451813820385
1.53719804730241
1.71976517128189
1.77897904216817
1.91164127598688
1.85448783772409
1.5350500799596
1.53662907162698
1.70965491120276
1.46590775187275
1.62576971635386
1.42408635636733
1.71873495497013
2.02677299890581
1.69325225149399
1.65962545240299
2.13116825183067
1.47963386920293
1.87294419661646
1.70151754902787
1.82758774513931
1.65601969531184
1.51923322952615
2.08799343489605
1.93757848665939
1.47282299469742
1.39803467721572
1.69596582779229
1.31398114636815
1.5712995539096
1.63822658025418
1.6343380186853
1.42652722834779
1.51937799848497
1.42939904048481
1.51847235081223
1.43783604073732
1.28507785539938
1.66370591701036
1.6257023819544
1.40782846561737
1.73426563420588
1.8027379850181
1.37566618971468
1.64468058244256
1.32494992004041
1.47273882669811
1.69800606009596
1.5913382711893
1.4554877535561
1.54189125494489
1.65843026681256
1.32386920292905
1.62538254355695
1.29939314872487
1.87593384395254
1.64878798080971
1.50915326992677
1.50344331285245
1.478876357209
1.20364026597088
1.83935443144517
1.60526975843786
1.40041831495665
1.40253261509974
1.54459809780323
1.58861796145106
1.52045871559633
1.5886751956906
1.56844120865247
1.59813231209495
1.51292736301659
1.49667620570659
1.38172965238618
1.74996128272031
1.41179109502568
1.12955895968352
1.46397188788822
1.56661981314704
1.4523028364616
1.34155458294757
1.40876778048985
1.47719299722246
1.30511657267908
1.13881070616952
1.51105209999159
1.4107272115142
1.43803804393571
1.52930308896558
1.17214460062286
1.40892264960863
1.4846132480431
1.45779732345764
1.40974749600204
1.48704401986365
1.20364026597088
1.41179109502568
1.5311884521505
1.64636730914907
1.47385657772915
1.31520663243836
1.26682349970542
1.52799006817608
1.61555508795556
1.56376146788992
1.25942344920463
1.4471887888225
1.37311084925511
1.3404772325562
1.36391970372864
1.51481945964144
1.17773335577814
1.56652891170776
1.6575616530595
1.50711640434307
1.46515360659879
1.53394242908846
1.44930308896559
1.28538422691693
1.42392475380862
1.39999747496003
1.29599276155207
1.38378335156975
1.38303593973572
1.43301826445585
1.48991919872066
1.28020957831833
1.20199393990404
1.20553572931573
1.32194007238448
1.41779395673765
1.44784529921725
1.15984260584128
1.19693712650451
1.49987122296105
1.3509746654322
1.63304519821565
1.26383048564935
1.49401986364785
1.1575902701793
1.30806245265552
1.25657520410741
1.32655584546757
1.14660466290718
1.30871559633027
1.29939314872487
1.18231209494152
1.28093342311254
1.35944196616447
1.21742025082065
1.36402070532785
1.19077939567379
1.41554162107568
1.25058580927532
1.49352158909184
1.53454170524367
1.40132732934939
1.3062141233903
1.36289622085684
1.32085935527314
1.59524703307804
1.20446511236429
1.31253345677973
1.10276323541791
1.30041999831664
1.25226916926187
1.82297870549618
1.31025418735797
1.13067334399463
1.43008248463934
1.37321858429425
1.17244423870045
1.17621159835031
1.26573941587409
1.46987374800102
1.30502903795977
1.27958336840334
1.06029542967764
1.24756586145949
1.16666021378671
1.20233734534131
1.24674101506608
1.03381954380944
1.3221892096625
0.895908593552747
1.53526218331791
1.28297702213618
1.26896810032827
1.15114300143085
0.956250315630001
1.19568133995455
1.56037454759701
1.19860365289117
1.28342816261258
1.24832337345342
1.10802878545579
1.41246780574028
1.51810537833515
1.13559548859524
1.19877872232979
1.29359902365121
1.39024408719806
1.16475465028196
1.0097003619224
1.31189041326488
1.08326319333389
1.31861038633113
1.15603821227171
1.10942934096457
1.20793620065652
1.33602306203181
1.36255281541958
1.06946300816429
1.26297870549618
1.28195690598434
1.07760037033921
1.4109628819123
1.23007911791939
1.10746990994025
1.42497853716017
1.08180540358558
1.31731083242153
1.22394832084842
1.12484555172125
1.28201077350391
1.11948573352413
1.06590775187274
1.11660718794715
1.13084167999327
1.27136183822913
1.20007154279944
1.12405773924755
1.00369750021042
1.12764666273884
1.14328171029376
1.0704023230368
1.24805403585557
1.01222203518222
1.00375473444996
1.1278250988974
1.02983334736135
1.29215133406279
1.04755239457958
1.2283519905732
0.940483965996123
1.1811000757512
1.04905395168757
1.10870549617036
1.01653817018772
0.959307297365541
1.14574614931405
1.04089302247286
1.26373285077014
1.36377493476982
1.20140813062875
1.08219594310245
0.921542799427669
1.00892601632859
1.28459978116322
1.14615688915075
1.2029130544567
1.28155626630755
1.44658951266729
0.95003198383975
1.08684201666526
1.05779395673767
1.10692113458464
1.08129702886964
1.15166484302668
0.8960499957916
1.09672670650619
1.16950509216397
1.18318407541454
1.18418735796652
1.19296103021631
1.09143085598856
0.895992761552066
1.04106472519149
0.933548522851623
1.04873074657016
1.18862469489102
1.01264624189884
1.06936200656511
0.969121286087045
1.14735207474118
1.26673259826615
1.02940577392476
1.06590775187274
0.983726117330207
1.04971382880228
0.815228516118168
1.06014729399882
1.07675532362597
1.14777964817776
1.06249389782005
0.791173301910618
1.08157309990742
1.33277417725782
1.0980632943355
1.06028532951771
0.866870633785055
1.40057991751536
0.797418567460653
0.973410487332728
1.01278764413772
1.09197963134417
1.21156215806752
0.739201245686388
1.1023255618214
1.02373621749013
0.939901523440795
1.00867014561064
0.922970288696234
1.07920292904637
1.11706169514352
1.13942681592459
1.02679656594563
0.92973402912213
1.03233482030132
0.95082989647338
0.860063125999488
1.18790085009681
1.20440114468479
1.01542378587661
1.01085514687315
1.14132564598941
1.06085430519317
0.872721993098224
0.896251998989982
0.863625115730997
1.01702971130376
0.915927110512598
0.952974497096221
1.0092896220857
1.11387677804899
0.808394074572846
0.99887972392898
1.04756586145947
1.0407011194344
0.824342227085282
0.87859018601128
1.01305361501556
0.69218163454255
1.11543220267654
1.08405100580759
0.934188199646513
1.09095614847234
1.05412423196702
1.11593721067251
0.917246864742026
0.777029711303783
1.08822237185422
0.84364026597089
1.00388266980895
1.11141907246866
0.918192913054469
0.946958168504352
0.869388940324882
0.928902449288785
0.951897146704823
0.939271946805832
0.921788569985694
0.84274471845805
1.13231630334147
0.871715343826281
0.764411244844723
1.10316387509471
0.931094183991263
0.884997054120021
0.92358303173134
0.727636562578908
0.844569480683447
0.962377745980973
1.05212776702299
0.919603568723176
0.989728979042184
0.842990489016074
0.848118003535063
0.843764834609885
0.917344499621265
0.974787475801719
0.971878629744992
0.862241393822075
0.843280026933769
0.84774429761805
0.882206043262357
0.955206632438347
0.765195690598432
0.842879387256971
0.813349886373203
0.729639760962897
1.03149314030807
0.809424290884607
0.860116993519085
0.78465196532278
0.878004376735959
0.860470499116246
0.875651039474803
0.802933254776548
1.06399882164803
0.783487080212097
0.666917767864675
0.926953118424393
0.650289537917701
0.936612238027095
0.808067502735469
0.811528490867772
0.942581432539356
0.846838649945312
0.789584210083348
0.878502651291996
0.924859018601126
0.73698594394412
0.958930224728562
0.745598013635231
0.888097803215231
0.914479420924181
0.829799680161614
0.857666021378691
0.792129450382959
0.978006060095964
0.894487837724114
0.895992761552066
0.871250736469989
0.798943691608457
0.812356703981152
0.888828381449372
0.697043178183662
0.792001515023998
0.707230872822151
0.808161770894714
0.825725948994204
0.973467721572263
0.820561400555505
0.874553488763581
0.789951182560401
0.822086524703309
0.695339617877295
0.680414948236688
0.74858092753135
0.668281289453745
0.719290463765674
0.968559043851542
0.641212860870297
0.736026428751785
0.877075162023402
0.80039474791684
0.67714586314284
0.815676289874602
1.01779395673765
0.658356198973166
0.846905984344772
0.930700277754397
0.658958841848346
0.84796313441629
0.790685127514536
0.679431866004563
0.875146031478835
0.811885363184928
0.888676879050593
0.828244255534059
0.847683696658549
0.903446679572426
0.810841679993274
0.775662822994718
0.791173301910618
0.739305614005559
0.691595825267228
0.894147799006817
0.786739331706087
0.747900850096812
0.767868866257061
0.982773335577832
0.694339702045284
0.879569901523439
0.75664422186685
0.763815335409475
0.676263782509892
0.735484386836134
0.763862469489112
0.756088713071307
0.673129366214965
0.679391465364887
0.784385994444932
0.737716522178289
0.73103021631178
0.755220099318251
0.712971130376246
0.721478831748186
0.712365120781072
0.749496675364043
0.650983082232131
0.618672670650625
0.797448867940403
0.792600791179211
0.636836124905329
0.739494150324049
0.857861291137112
0.603754734449979
0.709186937126503
0.720246612238043
0.641761636225908
0.67889319080885
0.747702213618396
0.781443481188461
0.706476727548193
0.775087113879323
0.695161181718731
0.74794798417642
0.754681424122566
0.723801868529591
0.714166315966679
0.694602306203194
0.753176500294586
0.73892854136858
0.641536065987708
0.67517296523863
0.633540106051697
0.671597508627229
0.812521673259823
0.663995454928056
0.739012709367898
0.754035013887716
0.648532110091764
0.856019695311858
0.715465869876283
0.691420755828631
0.695181382038555
0.67714586314284
0.707793115057655
0.80998653312011
0.685656931234746
0.729767696321858
0.717681171618551
0.733561989731498
0.568010268495925
0.626783099065733
0.610380439356959
0.651286087029717
0.641926605504608
0.707655079538768
0.640859355273136
0.699181045366572
0.579137278006897
0.770585809275332
0.536033162191728
0.672964396936294
0.740187694638507
0.672004881743959
0.638438683612492
0.660628734954969
0.663140308054892
0.764192408046455
0.631584041747345
0.700797070953627
0.759526134163792
0.595021462839838
0.859581685043366
0.610811379513507
0.560613584715099
0.679704570322372
0.726966585304268
0.669129702886977
0.722916421176677
0.645751199393999
0.660746570154032
0.702392896220857
0.668661728810719
0.730404006396782
0.662965238616295
0.723370928373043
0.724165474286679
0.705473444996215
0.542278427741792
0.58079033751369
0.857733355778151
0.644956653480364
0.551732177426146
0.755482703476133
0.579628819122973
0.691225486070209
0.610528575035772
0.580884605672935
0.579585051763331
0.720411581516714
0.73768622169851
0.70639592626884
0.540049659119603
0.621281878629759
0.663928120528595
0.504355693965152
0.601054625031566
0.665752882753992
0.693110849255135
0.645663664674686
0.646946384984432
0.630459557276339
0.603266560053868
0.594502987963978
0.732390371180884
0.558223213534234
0.599408298964732
0.56571753219427
0.636139213870905
0.691023482871827
0.640293746317667
0.555273966837802
0.633577139971379
0.490063967679504
0.577214880902289
0.713237101254123
0.596058412591532
0.663880986448959
0.613710125410336
0.632668125578675
0.682525881659814
0.631004965911956
0.494992845720077
0.763710967090333
0.655541621075685
0.639054793367563
0.693208484134345
0.578194596414448
0.664830401481368
0.491690093426485
0.745857251073147
0.543140308054888
0.620329096877384
0.531252419829997
0.470988132312101
0.639438599444503
0.646629913306981
0.537827623937375
0.614736975002103
0.508446258732448
0.737214880902286
0.574471004124234
0.54318407541453
0.623813652049506
0.53684454170525
0.795775608113814
0.357536402659719
0.640950256712415
0.580884605672935
0.540962040232301
0.490063967679504
0.504096456527236
0.47696742698426
0.494992845720077
0.726778048985778
0.622490531100084
0.508752630249973
0.568010268495925
0.572312936621501
0.603987038128111
0.613242151334077
0.68341806245266
0.485050921639612
0.597674438178615
0.597916842016673
0.774632606682957
0.476209914990335
0.593981146368151
0.487801531857599
0.497854557697167
0.652615941419072
0.65200656510396
0.623783351569728
0.550510058075929
0.702325561821397
0.498393232892852
0.508729063210183
0.554479420924167
0.575999494992004
0.648737480010112
0.626823499705409
0.549698678562407
0.560357713997149
0.386490194428092
0.606310074909516
0.583049406615601
0.482337345341307
0.51632101674943
0.502769968857848
0.60239121286088
0.426284824509736
0.565754566113981
0.475967511152277
0.394560222203523
0.520115310159099
0.534750441882011
0.501251578150004
0.581817187105457
0.4811522599108
0.493807760289542
0.453871727969045
0.639216395926269
0.517122296103025
0.489447857924432
0.48554919619562
0.504736133322126
0.470432623516558
0.55411581516708
0.510099318239213
0.510479757596158
0.608979883848178
0.513991246528064
0.490703644474365
0.311469573268255
0.484825351401412
0.502204359902379
0.445151923238797
0.59126420334988
0.539164211766689
0.444545913643651
0.623079707095371
0.546133322110933
0.505295008837635
0.535151081558809
0.394580422523376
0.673694975170434
0.510600959515187
0.503419745812636
0.554526555003804
0.572067166063476
0.537827623937375
0.382217826782266
0.394405353084778
0.544187357966507
0.482801952697599
0.405340459557294
0.487676963218604
0.445502062115992
0.598260247453936
0.507634879218926
0.356260415789933
0.480855988553145
0.490902280952781
0.428325056813406
0.596193081390453
0.454777375641783
0.573272451813835
0.505695648514433
0.411107650871145
0.538952108408381
0.509463008164289
0.448262772493905
0.371457789748348
0.48554919619562
0.598458883932324
0.497373116741016
0.470762562073901
0.388951266728384
0.375629155794968
0.515199898998418
0.38896810032827
0.414083831327332
0.357741772578066
0.417800690177614
0.485283225317744
0.485902701792782
0.441081558791353
0.398943691608451
0.479627135762996
0.447006985943943
0.532450972140396
0.496773840585803
0.470614426395088
0.483323794293426
0.529101085767195
0.455683023314549
0.408336840333305
0.51527396683781
0.498231630334146
0.512183317902554
0.278307381533551
0.410700277754415
0.464106556687142
0.373588923491297
0.42808938641528
0.384493729484063
0.454619139803043
0.402667283898666
0.485155289958755
0.44161013382714
0.479566534803467
0.441933338944551
0.393745475970036
0.449319922565451
0.422285161181719
0.40203097382377
0.427540611059669
0.311469573268255
0.447006985943943
0.386035687231725
0.425658614594738
0.394405353084778
0.384715933002269
0.423510647251931
0.416962376904308
0.384251325646005
0.437001094184012
0.432977863816177
0.435193165558474
0.297369750021062
0.373629324130974
0.400980557192156
0.371353421429177
0.34374295093005
0.490148135678822
0.300547933675631
0.451397188788832
0.453864994529084
0.315775608113796
0.48510478915918
0.418581769211357
0.412531773419744
0.372491372780075
0.493437421092494
0.442057907583546
0.458410066492718
0.412629408298983
0.305210840838328
0.410353505597186
0.458470667452247
0.415188115478514
0.345564346435481
0.373710125410327
0.330299638077605
0.243569564851441
0.347062536823501
0.318849423449223
0.317846140897245
0.458908341048755
0.298524534971818
0.340770137193857
0.371380355188961
0.370242403838063
0.344291726285661
0.388789664169678
0.3491633700867
0.467500210420013
0.494295934685653
0.457447184580417
0.284428078444591
0.497817523777456
0.370060600959533
0.31965070280279
0.372373537581012
0.387850349297196
0.361233061190148
0.384082989647339
0.39740846730075
0.375629155794968
0.34263530005893
0.338881407288966
0.322768285497858
0.341436747748503
0.342433296860548
0.322616783099079
0.382554498779569
0.383786718289713
0.383574614931405
0.284821984681429
0.507766181297882
0.319610302163113
0.349725612322203
0.32080885447354
0.391557107987552
0.380632101674962
0.430984765592143
0.519936874000507
0.348702129450402
0.33654490362764
0.360980557192164
0.325306792357566
0.293437421092506
0.352085683023319
0.334588839323288
0.311469573268255
0.331848329265227
0.271977947984198
0.306072721151423
0.32622254019023
0.299521084083835
0.33294587997645
0.392829728137372
0.280287012877722
0.337703055298391
0.273802710209594
0.294807676121536
0.328330106893361
0.419706253682364
0.338790505849687
0.270233987038125
0.430092584799269
0.295204949078368
0.293541789411677
0.325030721319763
0.278815756249486
0.293521589091824
0.348873832169005
0.248181971214564
0.46253429845973
0.311038633111707
0.368676879050582
0.258086861375318
0.326653480346778
0.380517633195865
0.301655584546751
0.336706506186346
0.256645905226833
0.322357545661134
0.305210840838328
0.351496507028031
0.274967595320277
0.274570322363445
0.353395337092849
0.283990404848083
0.296336166989306
0.361270095109859
0.316671155626636
0.308900765928797
0.346412759868713
0.313072131975417
0.402805319417553
0.298369665853045
0.250666610554674
0.307776281457791
0.336884942344938
0.266126588671
0.373174816934608
0.332407204780736
0.3382619308139
0.223719383890256
0.321842437505268
0.30005975927952
0.352614258059106
0.273792610049668
0.25245433886036
0.314859860281132
0.250228936958166
0.280462082316319
0.32144179782847
0.317916842016672
0.291397188788835
0.244737816682118
0.283667199730672
0.265436411076507
0.266402659708774
0.254545071963634
0.288818281289451
0.312836461577319
0.291016749431861
0.288616278091069
0.315523104115812
0.270294587997654
0.291706927026354
0.266227590270177
0.312250652301998
0.337642454338862
0.212676542378603
0.328346940493219
0.246414443228701
0.240162444238706
0.315209999158327
0.316321016749441
0.256622338187015
0.272048649103624
0.316876525544984
0.287552394579592
0.296420334988653
0.305934685632536
0.267631512498951
0.306065987711492
0.32736722498106
0.267446342900428
0.250228936958166
0.269160003366721
0.25245433886036
0.310850096793217
0.250299638077621
0.266948068344419
0.285168756838658
0.24340459557277
0.22747327666022
0.261409813988735
0.25764918777881
0.27492046124064
0.235492803636078
0.205693965154467
0.217854557697166
0.294396936284841
0.287747664338013
0.210387172796914
0.305355609797175
0.283317060853477
0.292969447016247
0.299608618803148
0.280287012877722
0.259022809527835
0.25133995454928
0.27294756333643
0.252020031983847
0.285976769632185
0.258931908088556
0.206454843868357
0.238263614173889
0.246495244508054
0.258716438010282
0.244303509805576
0.293356619813153
0.337406783940764
0.273075498695391
0.211743960946052
0.274028280447794
0.280287012877722
0.282408046460745
0.250228936958166
0.286161939230709
0.278044777375641
0.296851275145201
0.204845551721235
0.281297028869631
0.24739415874086
0.219396515444828
0.246643380186867
0.252057065903557
0.204872485481019
0.269893948320856
0.226712397946301
0.299534550963728
0.256719973066254
0.244370844205037
0.247784698257732
0.258073394495426
0.236704822826368
0.236314283309497
0.205121622759037
0.256555003787554
0.262052857503591
0.240078276239387
0.214242067166083
0.213558623011551
0.235492803636078
0.237536402659714
0.201559633027529
0.24774093089809
0.210387172796914
0.192146283982851
0.258888140728914
0.222174059422628
0.202387846140908
0.247498527060031
0.21039727295684
0.250228936958166
0.225948152512416
0.293437421092506
0.248269505933848
0.2471618550627
0.263692450130463
0.187880649776957
0.287495160340058
0.196866425385082
0.233267401733855
0.234846393401227
0.261972056224238
0.206680414106557
0.214218500126265
0.26000589175996
0.268291389613665
0.225197373958423
0.206835283225331
0.184722666442212
0.255373285077013
0.231227169430184
0.191048733271629
0.218548102011624
0.226712397946301
0.231227169430184
0.232062115983524
0.181941755744475
0.196297449709618
0.21328928541368
0.238054877535575
0.192136183822925
0.182184159582533
0.189173470246629
0.252895379176834
0.188486659372103
0.178416799932677
0.217736722498103
0.251417389108667
0.186900934264798
0.185358976517136
0.2126866425385
0.186756165305951
0.211743960946052
0.219016076087883
0.206549112027602
0.2313652049491
0.208242572174072
0.204872485481019
0.241263361669894
0.226281457789753
0.214218500126265
0.187880649776957
0.213864994529075
0.194257217405948
0.196704822826376
0.250222203518234
0.187934517296526
0.250555508795571
0.269079202087369
0.170838313273293
0.223705917010363
0.224170524366656
0.217070111943457
0.182662233818718
0.214790842521694
0.212447605420437
0.205693965154467
0.263386078612911
0.235472603316225
0.209027017927781
0.215763824593893
0.201145526470839
0.215915326992672
0.178894874168861
0.180039558959692
0.188520326571847
0.206680414106557
0.224365794125077
0.184715933002281
0.194587155963319
0.220325730157413
0.169346856325234
0.184369160845051
0.19949583368404
0.197031394663753
0.181015907751885
0.189782846561741
0.20844794209242
0.184170524366635
0.202051174143605
0.173423954212609
0.204293409645658
0.163478663412178
0.195516370675875
0.262386162780928
0.240839154953306
0.158910024408726
0.273476138372189
0.15931403080549
0.18509973907922
0.189957916000338
0.20825940577393
0.200414948236698
0.201869371265047
0.204653648682779
0.187247706422028
0.201179193670583
0.182305361501562
0.188432791852534
0.187412675700699
0.192530090059762
0.184365794125085
0.17703644474372
0.192745560138036
0.203626799090983
0.198394916252852
0.254349802205212
0.188146620654834
0.208118003535077
0.20520242403839
0.191277670229795
0.183975254608214
0.204202508206379
0.161859271105129
0.180962040232316
0.180157394158755
0.198987458968105
0.179803888561565
0.162256544061961
0.189038801447708
0.192600791179188
0.214575372443392
0.165683864994548
0.20873411329012
0.165316892517467
0.21243750526051
0.187601212019189
0.188580927531348
0.186890834104872
0.170663243834696
0.171871896305021
0.195879976432963
0.192610891339115
0.220271862637844
0.168993350728073
0.180770137193832
0.160697752714412
0.167932833936533
0.18079370423365
0.190250820637999
0.155344667957252
0.190782762393752
0.174245433886057
0.2021757427826
0.187921050416634
0.179022809527822
0.206744381786052
0.203401228852783
0.195910276912713
0.220130460398963
0.158293914653655
0.141113542631103
0.208471509132238
0.197664338018683
0.186328591869369
0.166367309149081
0.174245433886057
0.169222287686239
0.183874253009009
0.158910024408726
0.148587660971316
0.151331537749343
0.204030805487747
0.194284151165732
0.155903543472789
0.19628061610976
0.153297702213621
0.211538591027704
0.156014645231892
0.183103274135192
0.180177594478579
0.15192744718459
0.169047218247641
0.155122464439017
0.166343742109262
0.181793620065662
0.152119350223046
0.191085767191311
0.145422944196611
0.180147293998829
0.16846140897232
0.171541957747678
0.167986701456101
0.166693880986458
0.18136604662908
0.182184159582533
0.16721908930225
0.164296776365632
0.156485986028116
0.17611059675113
0.149109502567143
0.15454002188369
0.179965491120271
0.170080801279369
0.165293325477649
0.181941755744475
0.142615099739089
0.201906405184758
0.135571921555425
0.166643380186855
0.184928036360589
0.17028280447775
0.144638498442902
0.165236091238114
0.164340543725274
0.213403753892777
0.181312179109511
0.186641696826882
0.174390202844876
0.179026176247788
0.13095951519233
0.135396852116827
0.124727716522187
0.203680666610552
0.167410992340706
0.168027102095778
0.18767527985861
0.141968689504267
0.147005302583977
0.180827371433395
0.195263866677891
0.110284487837731
0.151577308307395
0.186874000505014
0.147715680498294
0.144638498442902
0.15192744718459
0.189870381281054
0.142160592542723
0.165067755239477
0.170952781752391
0.164084673007324
0.164879218920987
0.135114047639092
0.111429172628561
0.147089470583296
0.129690261762477
0.177992593216061
0.162859186937141
0.170222203518222
0.172205201582358
0.141938389024489
0.140999074152006
0.149570743203441
0.166643380186855
0.165683864994548
0.179063210167499
0.155159498358728
0.144338860365309
0.150439356956497
0.177682854978542
0.130942681592472
0.206421176668641
0.155684706674521
0.141382880228946
0.149863647841102
0.143214375894303
0.1505504587156
0.157448867940417
0.153725275650203
0.146197289790422
0.144988637320097
0.122916421176683
0.156398451308831
0.147382375220957
0.12873074657017
0.119081727127366
0.141389613668878
0.144204191566388
0.16349213029207
0.176039895631675
0.147338607861286
0.127882333136938
0.150284487837723
0.14341301237269
0.129999999999995
0.143399545492798
0.138746738490028
0.148685295850527
0.157613837219088
0.141349213029201
0.144847235081215
0.190755828633968
0.157684538338543
0.145594646915242
0.148001851695994
0.151765844625885
0.139039643127688
0.17282131133743
0.116634121706937
0.106705664506364
0.149863647841102
0.129484891844129
0.154368319165059
0.139282046965747
0.170777712313793
0.162300311421603
0.123064556855496
0.136783940745744
0.1103383553573
0.134969278680245
0.147089470583296
0.145089638919302
0.13360239037118
0.1750265129198
0.13200656510395
0.166185506270523
0.126491877788084
0.12328002693377
0.151718710546248
0.151520074067861
0.134036697247723
0.144790000841681
0.115321100917441
0.115792441713666
0.152765760457868
0.111769211345859
0.129508458883947
0.121589933507295
0.109368740005067
0.132242235502076
0.168192071374477
0.103264876693885
0.128892349128876
0.112910529416723
0.143490446932077
0.136454002188373
0.131844962545244
0.137376483460997
0.133632690850959
0.116701456106398
0.132562073899521
0.125461661476322
0.134093931487257
0.118351148893197
0.127377325140998
0.119253429845969
0.143621749011032
0.167518727379871
0.137420250820639
0.126044104031649
0.136578570827368
0.13245097214039
0.135585388435317
0.111991414864065
0.12873074657017
0.145648514434811
0.106887467384894
0.122785119097728
0.151863479505096
0.12452234660384
0.161320595909444
0.115082063799349
0.155819375473442
0.139578318323373
0.128525376651794
0.125869034593052
0.118506018011971
0.127882333136938
0.116755323625966
0.130636310074919
0.122054540863559
0.113139466374889
0.138150829054808
0.0914746233482049
0.121859271105137
0.124943186600461
0.105497012036039
0.0976222540190292
0.126283141149742
0.137578486659379
0.132922312936643
0.135794125073659
0.117862974497115
0.125973402912223
0.127417725780674
0.138649103610817
0.117371433381038
0.126653480346789
0.1107894958337
0.164488679404087
0.115098897399207
0.122515781499885
0.105921218752627
0.101093342311259
0.123266560053878
0.112802794377586
0.111284403669742
0.128030468815751
0.123384395252941
0.107321774261436
0.118428583452584
0.117886541536905
0.125909435232728
0.1110756670314
0.111543641107659
0.128252672333986
0.119957074320354
0.113654574530784
0.100544566955648
0.133343152933264
0.125054288359564
0.13108745055132
0.125030721319774
0.0967805740257575
0.116573520747409
0.107820048817445
0.12088628903291
0.128326740173407
0.0914140223887046
0.125454928036362
0.131137951350894
0.130686810874522
0.107924417136616
0.0966156047470861
0.110496591196039
0.0899158320006848
0.118957158488342
0.122775018937801
0.130946048312438
0.104113290127088
0.0978208904974451
0.130050500799598
0.0867208147462293
0.100160760878708
0.107570911539426
0.103221109334243
0.121562999747511
0.0973495497012209
0.103975254608201
0.0921782678225895
0.125518895715857
0.113987879808093
0.131730494066176
0.114028280447769
0.123495497012044
0.117108829223127
0.12088628903291
0.115092163959275
0.116620654827045
0.0956830233145354
0.0898148304014796
0.0879530342563726
0.113577139971397
0.122488847740101
0.0935619897315121
0.0939390623684915
0.119354431445174
0.0986154364110803
0.117886541536905
0.115142664758878
0.104874168841008
0.12589260163287
0.117421934180641
0.0984942344920512
0.123175658614599
0.10947310832421
0.106469994108238
0.123155458294775
0.109018601127872
0.102776702297803
0.098144095614856
0.0973764834610051
0.105476811716187
0.0973495497012209
0.115061863479525
0.0992551132059702
0.110984765592121
0.0814922986280635
0.112735459978126
0.106530595067767
0.0973731167410108
0.0778091069775257
0.108695396010432
0.0972350812221237
0.103951687568383
0.111210335830322
0.102965238616292
0.112738826698092
0.0913029206295732
0.092144600622845
0.0900000000000034
0.069170103526659
0.106857166905144
0.0800681760794646
0.105163706758702
0.0912961871896414
0.0777956400976336
0.143426479252582
0.102231293662157
0.0847815840417638
0.106352158909203
0.107722413938234
0.102776702297803
0.106469994108238
0.115624105715028
0.0999553909603605
0.100164127598703
0.10049743287604
0.0997163538422683
0.123761467889921
0.0865154448278815
0.101497348708023
0.108624694891006
0.0810950256712601
0.0939760962882019
0.105759616193922
0.098679404090575
0.0856232640350072
0.0943834694049315
0.101709452066331
0.100079959599356
0.0973495497012209
0.0778091069775257
0.0826167830990698
0.0998240888814053
0.101433381028528
0.0984908677720853
0.0847479168420193
0.0944844710041366
0.113671408130642
0.0757352074741391
0.094649440282808
0.120054709199565
0.0747857924417303
0.0754793367561604
0.0950500799596057
0.0896363942429161
0.0859532025923784
0.0924004713407953
0.0764388519484953
0.106281457789748
0.0796338692029224
0.0875961619392456
0.108964733608303
0.0820882080633112
0.0780616109755101
0.109863647841109
0.12633700866931
0.0968546418651783
0.103722750610217
0.0998005218416154
0.0971913138624814
0.088858681929139
0.0925082063799323
0.0878385657773038
0.0813138624695
0.069170103526659
0.0884917094520858
0.104678899082586
0.0854212608366254
0.101089975591293
0.0820410739836746
0.0796439693628486
0.0950972140392423
0.0829871222961174
0.0798796397609749
0.102988805656111
0.0753211009174493
0.111782678225751
0.0831116909351124
0.0817751031057981
0.0722708526218412
0.0875961619392456
0.0933263193333858
0.0852630249979143
0.078684454170542
0.111745644306041
0.0752807002777729
0.0845324467637454
0.0814922986280635
0.0549187778806584
0.0668672670650778
0.0865154448278815
0.111674943186614
0.104806834441547
0.0758025418735997
0.111021799511832
0.0965684706674494
0.0805024829559784
0.0819367056645035
0.0833675616530627
0.0774892685800808
0.0653455096372397
0.0754928036360525
0.0766543220267693
0.0767586903459403
0.0934879218920912
0.0755567713155472
0.0902592374379196
0.0707793956737817
0.0873840585809376
0.102238027102089
0.0941410655668733
0.105348876357226
0.0912288527901808
0.0789201245686399
0.0914577897483468
0.0873672249810795
0.0762637825098977
0.073344836293245
0.0799840080801459
0.0896734281626266
0.0887778806497863
0.0737926100496793
0.0828053194175595
0.0843371770053238
0.087777964817775
0.117953875936365
0.0551241477990061
0.0724762225401889
0.101254944869964
0.0705773924753998
0.0819299722245717
0.0643051931655521
0.0759944449120553
0.0999385573605025
0.0680355188957265
0.0775970036192177
0.0722068849423465
0.0669379681845044
0.0768293914653668
0.0533195858934619
0.0813138624695
0.0697828465617363
0.0627767022977821
0.0950366130797136
0.0611034424711931
0.102103358303168
0.0625511320596104
0.0935956569312282
0.0651098392391418
0.0690657352074879
0.0650963723592497
0.077940409056481
0.0592483797660179
0.071796145105651
0.0819939399040663
0.0755668714754734
0.0768428583452589
0.0727320932581392
0.0952184159582714
0.0829938557360492
0.0706043262351841
0.0663790926689671
0.0679446174564475
0.0788965575288216
0.101211177510322
0.0587534719299754
0.0800345088797201
0.0829534550963729
0.0716278091069853
0.0648573352411574
0.0740114468479192
0.077179530342562
0.0691465364868407
0.066577729147383
0.0656451477148323
0.086427910108597
0.086340375389284
0.0658404174732823
0.0760516791515897
0.0696986785624176
0.055746990994038
0.0643354936453306
0.07194091406447
0.0489024492887893
0.0638607861291121
0.068335156973319
0.0591709452066311
0.0691465364868407
0.0830645568555042
0.0711127009511188
0.0786103863311212
0.0729812305361577
0.0658639845131006
0.0580094268159428
0.0748396599612988
0.0704662907162685
0.0693956737648307
0.0515284908677813
0.0725031562999732
0.0754827034761547
0.0557335241141459
0.0738330106893557
0.0677426142580657
0.0731664001346815
0.0777047386583831
0.0621235586230284
0.0599789580001868
0.0916631596666946
0.0830611901355098
0.0588612069691123
0.0870507533036005
0.0665945627472411
0.072472855820223
0.0619518559043968
0.0738868782089241
0.0821555424627718
0.0659952865920559
0.0529189462166642
0.0640425890076699
0.0843237101254317
0.0550534466795796
0.0691566366467669
0.0589756754482096
0.0549187778806584
0.0589622085683175
0.0635577813315535
0.074550122043604
0.072597424459218
0.0656148472350822
0.0518483292652263
0.0627767022977821
0.056403501388786
0.0586289032909804
0.0621302920629603
0.0739542126083848
0.0714729399882117
0.0526630754987139
0.0523264035013824
0.0535350559717358
0.0492458547260526
0.0573764834609847
0.0810344247117314
0.0617330191061569
0.0463774093089739
0.06996801616026
0.0581003282551933
0.0680927531352609
0.0693721067250408
0.0705235249558314
0.0645576971635364
0.0592551132059782
0.0547605420419188
0.0730283646157943
0.0611169093510853
0.0579858597761245
0.0572687484218477
0.077728305698173
0.0674800101001551
0.0528112111775272
0.0466568470667426
0.0643994613248253
0.0722068849423465
0.0598409224812713
0.058144095614864
0.0668740005050097
0.0610293746317723
0.0616151839070938
0.0521883679824953
0.0648640686810893
0.0612953455096488
0.0725637572595019
0.0517843615857316
0.0673655416210863
0.0420747411833986
0.0798325056813383
0.0734424711724557
0.0718567460651514
0.0615848834273152
0.0549962124400452
0.0580296271357668
0.0634971803720248
0.0461787728305865
0.0497811632017715
0.0495926268832534
0.0532286844541829
0.0566223381870259
0.0685741940914113
0.0585514687315936
0.0509999158319943
0.0598005218415949
0.0491381196869156
0.0541848329265235
0.0587501052100095
0.0434449962124575
0.0616522178267758
0.0589655752882834
0.0547740089218109
0.0526832758185378
0.0534811884521673
0.0539087618887493
0.0494209241646502
0.0674025755407968
0.0547740089218109
0.0496363942429241
0.0492795219257687
0.0599755912801925
0.0469564851443636
0.0465524787475999
0.0565415369076732
0.0441318070869556
0.0624130965406948
0.0554507196364114
0.0586289032909804
0.0625982661392186
0.0533195858934619
0.05533961787728
0.0569017759447945
0.0497340291221349
0.0570835788233524
0.0427177846982545
0.0536495244508046
0.0592551132059782
0.057931992256556
0.0706211598350421
0.051912296944721
0.0445863142833218
0.0482897062536836
0.066224223550222
0.04546839491627
0.0505757091154067
0.0532859186937173
0.04769043009847
0.0501784361585749
0.0472628566619164
0.0547470751620267
0.0432732934938258
0.0619282888645785
0.0465087113879292
0.0490505849676026
0.054097298207239
0.047902533456778
0.0434348960525313
0.0489866172881079
0.0523634374210928
0.053245518054041
0.045700698594402
0.0431318912549443
0.0531680834946542
0.052693375978464
0.0684698257722403
0.0480304688157673
0.0530098476559147
0.0466501136268107
0.0487677804898681
0.0527034761383902
0.0517540611059815
0.0513264876693995
0.0445627472435035
0.0434954970120316
0.043000589175989
0.0406775523945839
0.0521008332632107
0.0525351401397245
0.0459734029122103
0.0544238700446158
0.0464245433886106
0.0554338860365249
0.0526294082989693
0.0381356788149105
0.0483301068933599
0.0591978789664154
0.0486903459304813
0.044192408046456
0.0604671323962691
0.0469901523440797
0.0503400387172803
0.0549086777207322
0.0561779311505859
0.0433271610133943
0.0579791263361642
0.0389403248884719
0.054238700446092
0.0606085346351506
0.0479766012961989
0.0452192576382515
0.0465659456274921
0.0404115815167074
0.0532589849339331
0.0452865920377121
0.0465659456274921
0.0458320006733572
0.0402701792778544
0.0457343657941465
0.0462090733103366
0.0496868950424982
0.0400749095194044
0.0474244592206219
0.0587871391297199
0.043748001010016
0.0508551468731753
0.0499326656005508
0.0475288275397645
0.0439264371686079
0.0487812473697602
0.0445863142833218
0.0489192828886473
0.0466534803467766
0.04769043009847
0.0351460314788312
0.0495252924837928
0.0487038128103734
0.0417784698257719
0.043000589175989
0.0425629155795093
0.0548076761215555
0.0429298880565625
0.0495017254440029
0.0460070701119548
0.0417212355862375
0.0454448278764517
0.043000589175989
0.0380346772157338
0.0431924922144731
0.0430847571753361
0.0497676963218794
0.0487004460904075
0.0479564009763465
0.0493300227253712
0.0392231293662348
0.0378360407373179
0.0406539853547656
0.0413475296692241
0.0388595236091192
0.044155374126774
0.0474480262604118
0.0387551552899765
0.0447075162023509
0.0426167830990778
0.0376879050585046
0.0530435148556592
0.051185085430518
0.0404856493561283
0.0391019274472058
0.0435190640518499
0.0429467216564206
0.0432295261341835
0.0424080464607357
0.0431419914148705
0.0458623011531074
0.0396843700025329
0.0363748842690086
0.0466029795471741
0.0466299133069583
0.0400749095194044
0.043000589175989
0.0381356788149105
0.0423508122212013
0.0492222876862343
0.0460979715512337
0.0485523104115941
0.0410243245518132
0.0409334231125342
0.0400547091995804
0.038721488090232
0.0425427152596569
0.044404511404764
0.0367283898661697
0.0405024829559864
0.0459902365120968
0.0451822237185411
0.0482661392138652
0.0470844205033245
0.0435964986112367
0.0430443565356597
0.05205706590354
0.0367586903459483
0.0425898493392936
0.0383747159330028
0.0367283898661697
0.0376744381786125
0.0425864826193276
0.0402331453581439
0.0427918525376754
0.037071795303433
0.0400749095194044
0.0440375389277108
0.0423407120612751
0.0334256375726056
0.042983755576131
0.0404048480767756
0.0478486659372095
0.0407044861543682
0.0371155626630753
0.0400547091995804
0.0469531184243692
0.033358303173145
0.0371020957831831
0.0360079117919554
0.0455895968352991
0.0422397104620984
0.0415124989478954
0.0394150324046905
0.0406775523945839
0.0373748001010199
0.0339441124484665
0.0426874842185043
0.0381356788149105
0.0436671997306632
0.0427043178183624
0.0439937715680685
0.0417279690261694
0.0364960861880377
0.0412667283898713
0.0429130544567045
0.041754902785982
0.0382804477737579
0.0438961366888293
0.0424652807002985
0.0374623348203045
0.0390514266476032
0.0354995370760207
0.0392466964060247
0.0408559885531474
0.041882838144943
0.0419804730241538
0.0338868782089037
0.0383814493729631
0.043088123895302
0.0407112195943284
0.0458656678730733
0.0421454423028536
0.0358732429930342
0.0368293914653748
0.0340249137278192
0.0414788317481793
0.0343178183654516
0.0360180119518532
0.0443641107650876
0.0381121117751206
0.0396237690430041
0.0390547933675691
0.0420646410235008
0.0303013214376051
0.0471517549027851
0.0386373200909134
0.0529290463765619
0.0390480599276088
0.037516202339873
0.0405933843952653
0.0383174816934684
0.0379269421765969
0.0329610302163132
0.036536486827714
0.0434348960525313
0.0401826445585414
0.0352739668378206
0.0367620570659142
0.0425932160592595
0.0381491456948027
0.0338868782089037
0.0356207389950498
0.038617119771061
0.0365297533877822
0.0541747327665973
0.0368832589849433
0.0424955811800487
0.0411926605504789
0.0344928878040776
0.0344996212440094
0.0432665600538655
0.0374993687400149
0.0312978705496221
0.0369337597845458
0.0394284992845826
0.036182981230553
0.0340653143674956
0.0399402407204832
0.0335805066913508
0.0351022641191889
0.0421218752630352
0.0346612238027149
0.0318735796650174
0.0392332295261326
0.0323684875010599
0.0472662233818824
0.0343077182055538
0.0335468394916347
0.0341393822068881
0.0338363774093295
0.0341124484471038
0.0408526218331815
0.0321631175827122
0.0397719047218459
0.0382636141738999
0.0346309233229647
0.0387686221698687
0.0434584630923496
0.0439096035687214
0.0361089133911321
0.0333111690935084
0.0342841511657355
0.0417111354263113
0.0344760542041911
0.0389302247285741
0.0328566618971422
0.0350079959599441
0.031405605588759
0.0447378166821011
0.0343211850854459
0.0353244676374231
0.037388266980912
0.0360314788317453
0.0325334567797313
0.0381558791347629
0.0347554919619597
0.0292744718458096
0.0354625031563103
0.0310655668714901
0.037640770978868
0.0352908004376786
0.0331327329349449
0.0329307297365631
0.0368933591448695
0.0327691271778576
0.0374892685800887
0.0402937463176443
0.0343178183654516
0.0344928878040776
0.033021631175842
0.030944364952461
0.0313450046292587
0.0342706842858433
0.0336916084504821
0.0342942513256617
0.0332606682939343
0.0323752209409918
0.0301935863984681
0.0368361249053066
0.0351662317986836
0.0340316471677511
0.0326681255786525
0.0330485649356262
0.0372232977022122
0.0322338187021387
0.0303349886373212
0.0365230199478219
0.034442387004475
0.0262545240299801
0.032065482703473
0.0312372695901217
0.0327455601380393
0.0323785876609861
0.0344053530847646
0.0374859018601228
0.0338969783688299
0.0328903290968867
0.0345837892433281
0.0293788401649806
0.0312675700698719
0.0333650366130769
0.0353884353168894
0.0322910529416731
0.0343211850854459
0.0311497348708087
0.038172712734621
0.0321833179025361
0.0304898577560948
0.0353278343573891
0.0303854894369238
0.032472855820231
0.0370818954633592
0.0339037118087901
0.0341730494066326
0.0326209914990443
0.0356510394748
0.036324383469406
0.0368125578655167
0.0311329012709507
0.0305134247959131
0.0315739415874248
0.0337892433296929
0.0306480935948343
0.0331428330948711
0.0300353505597286
0.0319038801447675
0.0361055466711662
0.0288064977695512
0.0307120612743006
0.0305403585556974
0.0337387425300903
0.0340417473276773
0.0304831243161345
0.0306312599949479
0.0316917767864595
0.0295673764834703
0.0301935863984681
0.0301599191987236
0.0346814241225673
0.0314594731083275
0.0330350980557341
0.029223971046207
0.0330552983755581
0.0302609207979287
0.0330519316555922
0.0335535729315666
0.0341831495665303
0.0311497348708087
0.0310655668714901
0.0310655668714901
0.0295101422439359
0.029328339365378
0.0273217742614236
0.0351594983587233
0.0380616109755181
0.0360887130713081
0.0305639255954873
0.0325536570995837
0.0294630081642993
0.0318702129450514
0.0360584125915295
0.0308197963134376
0.0320957831832516
0.0298838481609494
0.0316614763067093
0.0329408298964893
0.0284967595320325
0.0375296692197651
0.0308029627135795
0.0313180708694745
0.028762730409909
0.030836629913324
0.0275507112195896
0.0316917767864595
0.029543809443652
0.0294731083242255
0.0339340122885403
0.0335030721319924
0.0265339617877487
0.0296717448026413
0.0335636730914928
0.0270861038633257
0.0323886878208839
0.0296212440030388
0.0307356283141189
0.0301935863984681
0.0297155121622836
0.0351157309990811
0.0269615352243022
0.0320048817439726
0.0317591111859485
0.031176668630593
0.0354995370760207
0.0306009595151977
0.0277628145778976
0.0292643716858834
0.0310756670313879
0.0309847655921374
0.0283452571332532
0.0275776449793739
0.0370751620233989
0.0336714081306297
0.0287021294503802
0.0346713239626411
0.0301834862385419
0.0343178183654516
0.0315874084673169
0.0323247201414176
0.0297121454423177
0.0310150660718875
0.0310487332716036
0.0383477821732185
0.0306783940745845
0.026682097466562
0.0274968437000211
0.031176668630593
0.0289546334483646
0.0290085009679331
0.0275372443396975
0.0274564430603448
0.0284058580927535
0.0279143169767053
0.0308265297533978
0.0275237774598054
0.02886709872908
0.0281499873748032
0.0309409982324667
0.0293148724854859
0.0265743624274251
0.0268807339449495
0.0280792862553767
0.0330249978958079
0.0293384395253042
0.0305706590354475
0.0321900513424964
0.0332000673344055
0.028567460651459
0.0290859355273199
0.0274800101001631
0.0287694638498408
0.0273689083410602
0.0305134247959131
0.0297155121622836
0.0328903290968867
0.0352706001178547
0.0277493476980055
0.0277123137782951
0.0322169851022807
0.0254869118761007
0.0294966753640438
0.0274968437000211
0.0434685632522474
0.0300387172796945
0.0276247790590105
0.0273184075414576
0.0299040484807733
0.0286953960104483
0.0311396347108825
0.0272207726622469
0.0289849339281147
0.0303888561568897
0.031745644306028
0.0278099486575343
0.0305740257554135
0.0295404427236861
0.0288738321690118
0.0288940324888642
0.0309679319922509
0.0301531857587918
0.0283452571332532
0.0286987627304143
0.0268437000252675
0.0280725528154164
0.0265810958673569
0.0281499873748032
0.0296246107230047
0.0299713828802339
0.0278537160171766
0.0286953960104483
0.02627809106977
0.0303854894369238
0.0269312347445521
0.0354928036360604
0.0279446174564555
0.030499957916021
0.0258370507533243
0.0265810958673569
0.0310554667115639
0.025921218752643
0.0296616446427151
0.0281668209746613
0.0313349044693325
0.0272679067418551
0.0267393317060964
0.0270255029037969
0.0317052436663516
0.0249718037202342
0.0316614763067093
0.0274530763403789
0.0272780069017813
0.0294057739247648
0.0252579749179347
0.0277964817776422
0.0277123137782951
0.0281466206548373
0.0289714670482226
0.0277459809780396
0.0274800101001631
0.0269177678646599
0.0303349886373212
0.0289546334483646
0.0279311505765634
0.0350854305193309
0.0269177678646599
0.0285236932918167
0.0270086693039389
0.0271803720225705
0.0279883848160978
0.0270255029037969
0.0273217742614236
0.0249044693207736
0.0285607272115271
0.0272645400218892
0.0304696574362424
0.0266046629071752
0.0256720814746245
0.0277931150576762
0.027146704822826
0.0245947310832548
0.0270154027438707
0.0245980978032208
0.0276079454591525
0.0298400808012786
0.024837134921313
0.027483376820129
0.025281541957753
0.0248809022809553
0.025069438599445
0.0313147041494801
0.0254330443565323
0.0272780069017813
0.0307894958336874
0.0269177678646599
0.0275204107398395
0.0259313189125692
0.0271669051426784
0.027910950256711
0.0274968437000211
0.0250088376399447
0.0276517128187947
0.0268201329854492
0.0277931150576762
0.0265339617877487
0.0270861038633257
0.0289310664085463
0.0271938389024626
0.0262915579496621
0.0277695480178579
0.0278537160171766
0.0269548017843704
0.0280254187358082
0.0254128440367083
0.0251637067586898
0.0272005723423945
0.0285977611312376
0.0256316808349482
0.0245307634037601
0.0294057739247648
0.0260424206716721
0.0250122043599106
0.0241301237269624
0.0264834609881461
0.0257326824341533
0.0305672923154816
0.0251637067586898
0.0255037454759872
0.02494486996045
0.0239011867687964
0.0265070280279645
0.0270457032236493
0.0259447857924613
0.0273655416210943
0.0256922817944769
0.0273992088208104
0.0258639845131086
0.0278133153775002
0.0245947310832548
0.0309005975927903
0.0260424206716721
0.0268470667452334
0.0264632606682937
0.028530426731777
0.0274631765003051
0.0259313189125692
0.0263555256291568
0.0266888309064939
0.0267090312263463
0.0266349633869254
0.0279042168167791
0.0268470667452334
0.0258572510731483
0.0287391633700906
0.0274732766602312
0.0250391381196948
0.024429761804555
0.0257360491541192
0.0245947310832548
0.0257865499537218
0.0252579749179347
0.0315537412675724
0.0249044693207736
0.0259649861122853
0.025493645316061
0.025173806918616
0.0265440619476465
0.0255811800353456
0.0252882753977133
0.026382459388941
0.0283688241730431
0.0248674354010632
0.0269110344247281
0.0250761720394053
0.0254027438767821
0.0258673512330745
0.0247091995623236
0.0266517969867834
0.0268942008248416
0.0269615352243022
0.0249684370002683
0.0259548859523591
0.0251199393990476
0.0243893611648787
0.0262612574699119
0.0256148472350901
0.0240897230872861
0.0250728053194109
0.026914401144694
0.0243388603653045
0.0253118424375032
0.025493645316061
0.0242344920461335
0.0265878293073172
0.0272746401818154
0.0281365204949111
0.0266618971467096
0.0258505176332164
0.026934601464518
0.0243523272451966
0.0237328507701307
0.026257890749946
0.0255912801952718
0.0276012120191922
0.0238641528490859
0.0237597845299149
0.0279008500968132
0.0282072216143376
0.0251805403585763
0.0249886373200923
0.025069438599445
0.0258235838734322
0.0237833515697332
0.0253724433970319
0.0287189630502667
0.0259144853126827
0.0247765339617843
0.0273992088208104
0.0242917262856679
0.0280287854557741
0.0259818197121433
0.0255407793956692
0.0241334904469284
0.0250324046797346
0.023843952529262
0.0263083915495486
0.0257663496338694
0.0240998232472123
0.0249213029206317
0.0251233061190135
0.0243422270852705
0.0243758942849865
0.0254599781163165
0.0256956485144428
0.0254128440367083
0.0260424206716721
0.0246553320427552
0.0255475128356295
0.0247192997222498
0.0242681592458496
0.0246081979631469
0.0241402238868886
0.026170356030633
0.0250660718794791
0.0263285918693725
0.0234466795724302
0.0250627051595131
0.0233692450130434
0.0249549701203762
0.0255475128356295
0.0243085598855259
0.0256384142749084
0.0254902785960951
0.0256316808349482
0.0252377745981107
0.0239550542883649
0.0253152091574975
0.0232985438936169
0.0247361333221079
0.0282408888140822
0.0248674354010632
0.0239415874084727
0.0232278427741903
0.0243960946048389
0.0253488763572136
0.0261602558707352
0.0249583368403421
0.0250054709199503
0.0245071963639418
0.0260659877114904
0.0252344078781448
0.0245711640434365
0.0231470414948376
0.0245240299638283
0.02583368403333
0.0223053615015658
0.0249112027607055
0.0214098139887255
0.0227767022977901
0.0244937294840497
0.0232312094941562
0.0236554162107723
0.0236722498106303
0.0255071121959531
0.0240863563673202
0.0268403333052731
0.0258235838734322
0.0238742530090121
0.0253387761972874
0.0266652638666756
0.0256619813146983
0.0254667115562768
0.0254128440367083
0.0251637067586898
0.0252748085178212
0.0248034677215685
0.0247597003619262
0.025476811716203
0.0248741688410234
0.0264060264287593
0.0215007154280045
0.0248337682013471
0.0236082821311356
0.0243422270852705
0.0264464270684357
0.0237227506102329
0.0238304856493698
0.0262073899503434
0.0262646241898779
0.0263353253093328
0.0250660718794791
0.0237092837303408
0.0228507701372109
0.0248405016412789
0.0243556939651626
0.0245341301237261
0.0263790926689751
0.0233557781331513
0.0239180203686544
0.0237261173301988
0.0246351317229312
0.023628482450988
0.0249920040400582
0.0234668798922826
0.0240055550879674
0.0229450382964558
0.0234466795724302
0.0254431445164585
0.023204275734372
0.0240964565272463
0.0273150408214917
0.023753051089983
0.0231706085346559
0.0238843531689383
0.0258505176332164
0.0222548607019633
0.0226757006986134
0.0255744465954137
0.023840585809296
0.0223625957411002
0.0245947310832548
0.0232110091743323
0.024163790926707
0.0244398619644812
0.0244398619644812
0.0252849086777189
0.0232413096540824
0.0244937294840497
0.0244869960441179
0.0220461240636496
0.0231975422944402
0.0244903627640838
0.0226049995791584
0.0235746149314195
0.0231638750946956
0.0234264792526062
0.0228810706169611
0.0218979883848363
0.0258067502735457
0.024093089807252
0.0245879976432946
0.0232244760542244
0.0230325730157404
0.0249886373200923
0.0234466795724302
0.0224635973403053
0.025725948994193
0.0218508543051996
0.0234062789327538
0.0229854389361321
0.0212987122296227
0.0235611480515274
0.02297197205624
0.0296414443228628
0.0304730241562368
0.0230628734954905
0.0233928120528617
0.0208812389529669
0.0226083662991527
0.0233187442134692
0.0221807928625708
0.0220023567039789
0.0221302920629682
0.0216151839070733
0.0222548607019633
0.0226656005386872
0.0238809864489724
0.0245711640434365
0.0197466543220344
0.0229484050164217
0.0244028280447708
0.0221875263025026
0.0227329349381478
0.0242243918862073
0.0229181045366715
0.0221673259826787
0.0244061947647651
0.0218946216648419
0.0224433970204529
0.023631849170954
0.0228608702971087
0.0221740594226105
0.0245778974833968
0.0218205538254495
0.0241233902870306
0.0241604242067126
0.0228103694975346
0.0243388603653045
0.0212482114300201
0.0250223045198368
0.020362764077106
0.0235207474118511
0.0232884437336907
0.0228810706169611
0.0215983503072152
0.0244465954044415
0.0215108155879307
0.0231941755744458
0.0229248379766034
0.0240695227674621
0.024732766602142
0.0227632354178979
0.0225679656594764
0.0223760626209923
0.0211741435906276
0.0208576719131486
0.0220191903038653
0.0236150155710959
0.0219821563841549
0.0225140981399079
0.0202011615184006
0.0226992677384033
0.0221370255029001
0.0213323794293387
0.0222649608618894
0.0225713323794423
0.0217363858261024
0.0216892517464942
0.0229955390960299
0.0201742277586163
0.0226959010184373
0.0217498527059945
0.0224299301405608
0.0212785119097703
0.0212785119097703
0.0229686053362457
0.0223928962208504
0.0213761467890095
0.0229652386162797
0.0211606767107355
0.0236756165305962
0.0250795387593712
0.0215983503072152
0.0203257301573956
0.0217464859860286
0.0229214712566375
0.0217633195858866
0.0223827960609526
0.0224972645400214
0.0232413096540824
0.020362764077106
0.0248674354010632
0.0233591448531456
0.0224568639003451
0.0235948152512435
0.0212482114300201
0.0228204696574323
0.0235106472519249
0.0219215554246261
0.0201270936789797
0.0212785119097703
0.0196894200825
0.0210563083915645
0.0217936200656652
0.0214098139887255
0.0205142664758853
0.0229416715764614
0.0233355778133273
0.0218239205454154
0.0207600370339378
0.0209283730325751
0.0192854136857363
0.0215108155879307
0.0240122885278993
0.0217700530258469
0.020790337513688
0.0202247285582189
0.0221471256628263
0.0202785960777874
0.0220191903038653
0.0219855231041208
0.0210428415116724
0.0213727800690151
0.0224669640602713
0.0211674101506674
0.0219855231041208
0.0203560306371458
0.0204603989563168
0.0197466543220344
0.0209115394327171
0.0227262014981875
0.0234702466122485
0.0225814325393685
0.0219383890245126
0.0221605925427184
0.021908088544734
0.0211842437505254
0.0209957074320357
0.0208913391128647
0.0208576719131486
0.0216488511068178
0.0208105378335119
0.0203290968773615
0.0208172712734722
0.0244869960441179
0.0201540274387639
0.0224299301405608
0.0213290127093728
0.0201775944785823
0.0213862469489072
0.0202045282383665
0.021322279269441
0.0203560306371458
0.0223423954212763
0.0195715848834368
0.022335661981316
0.0203728642370322
0.0196389192828974
0.0211404763908831
0.0209014392727909
0.0208846056729328
0.0203930645568562
0.02057823415538
0.0230157394158823
0.0220124568639051
0.0208341048733303
0.0199318239205581
0.020790337513688
0.0213121791095148
0.0203257301573956
0.0201169935190819
0.0204772325562033
0.0201641275986901
0.0195412844036866
0.0206422018348746
0.021019274471854
0.0202314619981507
0.0215209157478284
0.0213929803888675
0.0210697752714566
0.0198577560811373
0.0201136267990876
0.021039474791678
0.0202045282383665
0.0210967090312408
0.0192079791263495
0.0213121791095148
0.0194503829644077
0.0195614847235106
0.0212818786297646
0.0206859691945169
0.0206085346351301
0.0203122632775035
0.0212818786297646
0.0202146283982927
0.0206152680750904
0.0225241982998057
0.0210630418314963
0.020046292399627
0.0210899755912806
0.0205883343153062
0.0203863311169243
0.0187265381701991
0.02013382711894
0.0198678562410635
0.019830822321353
0.0198846898409215
0.0196119855231132
0.0205344667957377
0.0197533877619662
0.0201169935190819
0.0203358303173218
0.0196153522430791
0.020238195438111
0.0198274556013871
0.0201775944785823
0.0200732261594112
0.0203156299974694
0.0205075330359534
0.019477316724192
0.0201977947984346
0.0199284572005922
0.0205614005555219
0.0207701371938356
0.0192214460062416
0.0212280111101961
0.0199351906405241
0.0204401986364928
0.0204233650366064
0.0199520242403821
0.0208879723928987
0.0206253682350166
0.0200698594394453
0.0206455685548406
0.0199452908004503
0.0206051679151642
0.0197365541621082
0.0208105378335119
0.0202011615184006
0.0205917010352721
0.0197971551216369
0.0191473781668208
0.0203055298375716
0.0199048901607739
0.020786970793722
0.0195682181634709
0.0229989058160243
0.0207129029543012
0.0190194428078598
0.0202853295177192
0.0197735880818186
0.0210260079117859
0.0187568386499493
0.0192584799259521
0.0196288191229712
0.0214266475885836
0.0211371096709172
0.0182787644137647
0.0197601212019265
0.0191406447268889
0.0196052520831529
0.0206085346351301
0.0214603147883281
0.0191877788064971
0.0197702213618527
0.0211169093510648
0.0206859691945169
0.0195076172039421
0.0200092584799449
0.0189285413685809
0.019477316724192
0.0194234492046235
0.0194234492046235
0.0209014392727909
0.0186827708105568
0.0219148219846943
0.0197668546418583
0.0200563925595532
0.0205108997559194
0.0199991583200188
0.0203795976769641
0.0197197205622501
0.019154111606781
0.0200698594394453
0.0197836882417448
0.0199452908004503
0.0198409224812792
0.019918357040666
0.0202684959178612
0.0196927868024659
0.0189891423280812
0.0198038885615688
0.0183730325730096
0.0197904216816767
0.0215377493477149
0.0198476559212395
0.0201169935190819
0.0196052520831529
0.0186491036108123
0.0191406447268889
0.0189756754481891
0.0196254524030053
0.0206489352748065
0.0187433717700571
0.0192753135258101
0.020042925679661
0.0194402828044815
0.0200395589596951
0.018713071290307
0.0192012456863893
0.0194975170440159
0.0195581180035447
0.0187568386499493
0.0196153522430791
0.0199250904805979
0.0191877788064971
0.0193662149650891
0.0205715007154481
0.0187400050500912
0.0187433717700571
0.0187231714502332
0.0192955138456341
0.0192113458463155
0.0197028869623921
0.0192517464859918
0.0181205285750536
0.0186356367309202
0.0181912296944802
0.018942008248473
0.0190059759279677
0.0187669388098755
0.0191642117667072
0.0205681339954538
0.0185514687316015
0.0199924248800585
0.0195513845635844
0.0195547512835788
0.0191204444070365
0.0191137109671047
0.0195581180035447
0.0198207221614553
0.0197601212019265
0.020790337513688
0.0188208063294439
0.0184370002525043
0.0196995202423977
0.0190160760878655
0.0187198047302388
0.0198577560811373
0.0198779564009897
0.0201371938389059
0.01904974328761
0.0186423701708804
0.0180700277754511
0.0194133490446973
0.0197500210420003
0.0188881407289045
0.0191036108071785
0.0203560306371458
0.018268664253867
0.0200664927194794
0.020042925679661
0.0182888645736909
0.0188847740089386
0.0188275397693758
0.0198611228011316
0.0192753135258101
0.0190430098476497
0.0187164380102729
0.0186491036108123
0.0184605672923226
0.0186558370507726
0.0187501052100174
0.0186356367309202
0.020682602474551
0.0179387256964958
0.0179757596162062
0.0195547512835788
0.0179050584967797
0.0179185253766718
0.0199048901607739
0.0196490194428236
0.0190295429677576
0.0182989647336171
0.0187770389698017
0.0190295429677576
0.0194470162444418
0.01904974328761
0.0185481020116356
0.0193258143254127
0.0186019695312041
0.0200395589596951
0.0192113458463155
0.0185615688915277
0.0187467384900231
0.0177771231377903
0.0187905058496938
0.0191204444070365
0.0180026933759905
0.0192652133658839
0.0194806834441579
0.0200664927194794
0.0188814072889443
0.0177872232977165
0.0182181634542644
0.0189218079286206
0.0184605672923226
0.0176862216985114
0.0179185253766718
0.0182922312936569
0.0180700277754511
0.0195513845635844
0.0186491036108123
0.017541452739664
0.0188645736890862
0.0179252588166037
0.0187905058496938
0.0182652975338726
0.0179218920966377
0.0208980725528249
0.0186760373705965
0.0184908677720728
0.0177872232977165
0.0202886962376851
0.0177064220183638
0.0192685800858499
0.018622169851028
0.0194032488847711
0.016635805066926
0.019157478326747
0.0207701371938356
0.0170263445837975
0.0195379176836923
0.018942008248473
0.0185615688915277
0.017736722498114
0.0178882248968932
0.0185481020116356
0.0183696658530437
0.0183427320932594
0.0197634879218924
0.0184605672923226
0.0195648514434765
0.0192685800858499
0.0175178856998741
0.0196826866425397
0.0191271778469968
0.0184605672923226
0.0194874168841181
0.0171778469825767
0.0182417304940827
0.0171643801026846
0.0192753135258101
0.0184437336924645
0.0183326319333332
0.0173865836209188
0.0198442892012451
0.0178175237774667
0.0190766770473942
0.0177030552983695
0.018268664253867
0.0172721151418216
0.0176424543388691
0.016635805066926
0.0163395337092993
0.0184167999326803
0.0179218920966377
0.018622169851028
0.019032909687752
0.0177064220183638
0.0196759532026078
0.0183359986533276
0.020150660718798
0.0189083410487285
0.0188713071290465
0.0178579244171431
0.0178276239373929
0.0173731167410267
0.016440535308476
0.0186289032909883
0.0187871391296994
0.0182787644137647
0.0197500210420003
0.017736722498114
0.017524619139806
0.0179791263361722
0.0180700277754511
0.018197963134412
0.018729904890165
0.0195143506439024
0.0164607356283284
0.0188309064893701
0.0183157983334752
0.017541452739664
0.0176660213786874
0.0190295429677576
0.0169522767443766
0.0170835788233319
0.018305698173549
0.0220629576635076
0.0181407288948776
0.0183225317734355
0.016635805066926
0.017524619139806
0.0162789327497705
0.016635805066926
0.0197399208820741
0.0189319080885468
0.0168748421850182
0.0165920377072837
0.0184302668125724
0.0180868613753091
0.0172687484218557
0.0179252588166037
0.0179286255365696
0.016528070027789
0.017292315461674
0.0173495497012084
0.0184841343321409
0.0176559212187613
0.0174471845804192
0.0192988805656285
0.0188645736890862
0.016315966669481
0.0163429004292652
0.0168916757848763
0.0191069775271444
0.0183662991330777
0.0165987711472155
0.0178377240973191
0.0177064220183638
0.0177299890581537
0.0174539180203794
0.0184066997727541
0.0175111522599138
0.0167570069859551
0.0171643801026846
0.0163900345088734
0.0190194428078598
0.0172889487417081
0.0172148809022872
0.0184437336924645
0.0173663833010664
0.0194335493645497
0.0176424543388691
0.0184167999326803
0.0167738405858131
0.0181373621749117
0.0165853042673234
0.0171643801026846
0.0164944028280445
0.0166863058665285
0.0168176079454554
0.0166425385068578
0.016332800269339
0.0170431781836555
0.0167839407457393
0.0174404511404873
0.0161408972308834
0.0169388098644845
0.018305698173549
0.0166930393064604
0.0166930393064604
0.0162014981903837
0.0165718373874313
0.0168916757848763
0.016548270347613
0.0169522767443766
0.0169186095446605
0.0163429004292652
0.0187972392896256
0.0160466290716386
0.0171812137025711
0.0173461829812425
0.0167570069859551
0.0168075077855576
0.0174471845804192
0.0189756754481891
0.0159860281121098
0.0153463513172483
0.0164641023482943
0.0162418988300601
0.0162519989899863
0.0188140728894837
0.0164169682686577
0.0157267906741936
0.0182619308139067
0.0171643801026846
0.0166795724265683
0.0170162444238713
0.0171711135426449
0.0169489100244107
0.0176525544987953
0.0175313525797662
0.0170330780237293
0.0166156047470736
0.0165920377072837
0.0170095109839394
0.016635805066926
0.0165987711472155
0.0168748421850182
0.0164674690682602
0.0157705580338359
0.0162418988300601
0.016511236427931
0.0150265129198033
0.0178814914569614
0.0158378924332965
0.0163395337092993
0.017753556097972
0.0179286255365696
0.0176424543388691
0.0168815756249501
0.0156560895547671
0.0149053110007742
0.0162991330696229
0.0172283477821793
0.0170431781836555
0.016440535308476
0.0165920377072837
0.0156358892349147
0.0152756501977933
0.0168411749852737
0.0170297113037634
0.0162755660298046
0.0159153269926833
0.0168546418651658
0.0171475465028266
0.0166964060264263
0.0155820217153462
0.015534887635738
0.0165247033078231
0.0153463513172483
0.0161408972308834
0.016440535308476
0.0158244255534044
0.0174539180203794
0.0172552815419635
0.0165954044272496
0.0158345257133305
0.0169792105041608
0.0156291557949828
0.0158446258732567
0.0172418146620714
0.0161981314704178
0.0165179698678628
0.017824257217427
0.0152924837976798
0.018053194175593
0.0160634626714966
0.0172653817018897
0.0157133237943015
0.0163900345088734
0.0153429845972539
0.015319417557464
0.0172317145021452
0.016544903627647
0.0164068681087599
0.0159624610723199
0.0148851106809218
0.015871559633041
0.0164472687484363
0.0145282383637948
0.0166189714670679
0.0155853884353121
0.016864742025092
0.0165718373874313
0.0147100412423242
0.0155315209157436
0.0163227001094128
0.0173293493813844
0.0155247874758118
0.0152924837976798
0.0155584546755279
0.0151746485986166
0.0153227842774299
0.0150702802794456
0.0177232556182219
0.0155954885952383
0.016528070027789
0.0153732850770325
0.0159658277922858
0.0155315209157436
0.0153732850770325
0.0161072300311389
0.0165617372275051
0.0167031394663866
0.0156459893948409
0.0165213365878287
0.0158277922733987
0.0173764834609926
0.016548270347613
0.015784024913728
0.0160095951519281
0.0162822994697365
0.0155281541957777
0.0157133237943015
0.0170499116236158
0.0151847487585428
0.0161072300311389
0.014558538843545
0.0151881154785087
0.0151948489184406
0.0148851106809218
0.0159287938725754
0.0177939567376484
0.0149053110007742
0.0139659961282916
0.0165011362680048
0.0151409813988721
0.0168344415453419
0.0155887551553064
0.0149053110007742
0.0150063125999509
0.014575372443403
0.0157065903543412
0.0151645484386904
0.0148851106809218
0.0149760121202007
0.0164270684285839
0.0157873916336939
0.0154002188368167
0.0144642706843001
0.0161240636310254
0.0153059506775719
0.0149659119602745
0.0157907583536883
0.0159557276323596
0.0156560895547671
0.0153665516370722
0.0151376146789062
0.0155449877956357
0.0144945711640503
0.0175885868193006
0.0148043094015691
0.0153665516370722
0.0158345257133305
0.0160870297113149
0.0154035855567827
0.0153699183570382
0.0164674690682602
0.0152655500378955
0.0150702802794456
0.0155045871559594
0.0143161350054868
0.0163563673091573
0.0152924837976798
0.0159658277922858
0.0170128777039054
0.0158378924332965
0.0148581769211376
0.0157604578739097
0.0150467132396273
0.0163664674690835
0.0148009426816031
0.0160567292315648
0.0153160508374697
0.015019779479843
0.0147235081222163
0.0152419829980772
0.0156493561148068
0.0146932076424662
0.0150534466795875
0.0145821058833633
0.0140770978873945
0.0159052268327571
0.0159489941924278
0.0147167746822845
0.0145619055635109
0.0150231461998089
0.0166391717868919
0.0140030300479737
0.0154002188368167
0.0157739247538018
0.0158311589933646
0.0144844710041241
0.0134340543725386
0.0143060348455606
0.0147134079622901
0.0146797407625741
0.0148144095614953
0.0158311589933646
0.0148581769211376
0.015107314199156
0.0158513593131886
0.0137370591700972
0.0146528070027898
0.0147639087618927
0.0153362511573221
0.0163833010689416
0.0146023062031873
0.0144373369245159
0.0158681929130751
0.0151578149987586
0.0140703644474343
0.0148783772409899
0.0142959346856344
0.0153429845972539
0.0154742866762092
0.0162654658698784
0.0147437084420687
0.0149423449204562
0.0150063125999509
0.0148851106809218
0.0144003030048054
0.014555172123579
0.0147437084420687
0.0142083999663498
0.0155820217153462
0.013686558370523
0.0149053110007742
0.0147942092416429
0.0144205033246294
0.0137336924501312
0.0144474370844137
0.0145787391633689
0.0142151334062817
0.0146056729231532
0.0147773756417848
0.0154709199562433
0.0129997474959964
0.0159220604326435
0.0130401481356728
0.0152958505176457
0.0150568133995534
0.0151746485986166
0.0158109586735122
0.0135922902112782
0.0133094857335436
0.0140770978873945
0.0144777375641922
0.0149894790000928
0.0145787391633689
0.0140770978873945
0.014575372443403
0.0148783772409899
0.0155113205959196
0.0143094015655265
0.014558538843545
0.0143935695648452
0.0131849170945202
0.0145955727632554
0.0147437084420687
0.0145619055635109
0.0163227001094128
0.0136730914906309
0.0169623769043028
0.0134811884521469
0.0150164127598771
0.0139794630081838
0.0156695564346592
0.0140703644474343
0.0133128524535095
0.015231882838151
0.0144003030048054
0.0148177762814612
0.0142083999663498
0.0148447100412454
0.0143834694049474
0.0137471593300234
0.0141612658867132
0.0143902028448792
0.0164439020284419
0.0132387846140887
0.0145383385236926
0.0141376988468949
0.0143969362848395
0.0151241477990141
0.0132219510142306
0.013386920292902
0.0146393401228977
0.013814493729484
0.0145046713239765
0.0139457958084392
0.0141410655668892
0.0158580927531489
0.0137639929298814
0.0146056729231532
0.0135653564514939
0.0145652722834768
0.0135687231714599
0.0157570911539437
0.0149760121202007
0.0153598181971404
0.0134710882922491
0.014471004124232
0.0137538927699836
0.0151611817187245
0.0143902028448792
0.0145282383637948
0.0135922902112782
0.014343068765271
0.0135552562915677
0.0143599023651291
0.0146191398030453
0.0146932076424662
0.0130569817355592
0.0141174985270709
0.0150837471593377
0.0146258732430056
0.0149019442807798
0.0144979378840162
0.0142353337261341
0.0123196700614585
0.0136360575709205
0.0144844710041241
0.0136629913307047
0.0127607103779326
0.0123567039811405
0.0140770978873945
0.0137639929298814
0.0137572594899495
0.0140871980473207
0.0140905647672867
0.0130098476559226
0.0142824678057423
0.0135922902112782
0.0141073983671447
0.0142218668462419
0.0136831916505287
0.0148615436411035
0.0121041999831846
0.0151005807591957
0.0135417894116756
0.0128549785371774
0.0134845551721412
0.0136192239710624
0.0141477990068211
0.0131344162949461
0.0149086777207401
0.013686558370523
0.0143329686053448
0.0145013046040106
0.0141679993266735
0.0132892854136912
0.0148144095614953
0.0133633532531121
0.0139289622085812
0.0131411497348779
0.0135889234912838
0.0147672754818586
0.0138010268495918
0.0133936537328623
0.0142892012457025
0.0137841932497338
0.0133027522935834
0.0135485228516075
0.014026597087792
0.0140366972477182
0.013706758690347
0.014026597087792
0.0133195858934414
0.013050248295599
0.0130603484555252
0.0138380607693023
0.0138515276491944
0.0137202255702391
0.013137783014912
0.0125452402996586
0.0130334146957409
0.0145147714839027
0.0142185001262476
0.012693375978472
0.0118651628650923
0.013582190051352
0.0142858345257082
0.0133566198131518
0.0135215890918232
0.0130839154953435
0.0134508879723967
0.0132051174143726
0.0116698931066423
0.0138279606093761
0.0127607103779326
0.0144912044440844
0.0122052015823613
0.0129896473360986
0.0135518895716018
0.0157604578739097
0.013262351653907
0.0147672754818586
0.0149490783604165
0.0131512498948041
0.0130367814157069
0.013902028448797
0.0139895631680815
0.0122321353421455
0.0126900092584776
0.0133734534130099
0.0133162191734755
0.0141780994865712
0.0129593468563201
0.014915411160672
0.0114948236680448
0.0133936537328623
0.0142185001262476
0.0131175826950596
0.0136899250904889
0.0142050332463555
0.0137000252504151
0.0122725359818219
0.0135081222119311
0.0131344162949461
0.0128549785371774
0.0138616278091206
0.0132926521336572
0.0124274051005955
0.0122725359818219
0.0107709788738362
0.0128448783772512
0.013050248295599
0.0133465196532256
0.0123432371012484
0.0131175826950596
0.0127607103779326
0.0131411497348779
0.0125890076593009
0.0130132143758885
0.0112793535897708
0.0126260415790114
0.0123634374211008
0.0121850012625373
0.013494655332039
0.0141174985270709
0.013386920292902
0.0124004713408112
0.0123297702213563
0.0133128524535095
0.0114443228684422
0.0124711724602378
0.0152217826782248
0.0123264035013904
0.0135922902112782
0.0135081222119311
0.012178267822577
0.0132825519737594
0.0141982998064236
0.0134037538927885
0.0130973823752356
0.0132320511741568
0.0132892854136912
0.0139895631680815
0.0125519737395905
0.0117035603063869
0.0122018348623953
0.0131613500547303
0.0134508879723967
0.0123331369413506
0.013814493729484
0.0126799090985799
0.0124610723003116
0.0122590691019298
0.0113399545492996
0.0129559801363541
0.0127068428583641
0.0123331369413506
0.0114746233482208
0.0130603484555252
0.0107709788738362
0.0122826361417481
0.0118954633448425
0.0124072047807431
0.0121749011026111
0.0134104873327203
0.0123129366214982
0.0120435990236558
0.013050248295599
0.0113837219089419
0.011504923827971
0.0140333305277522
0.0135451561316415
0.0117506943859951
0.0118281289453819
0.0124509721403854
0.0125250399798063
0.0125620738995167
0.0124678057402718
0.0121917347024691
0.0111278511909916
0.0124644390203059
0.0122624358218957
0.0142420671660659
0.0123567039811405
0.0103501388772145
0.0122994697416061
0.0127741772578247
0.0115857251073237
0.0119829980641555
0.0124913727800902
0.0119122969447005
0.0123095699015323
0.0121715343826452
0.0113736217490157
0.0127001094184038
0.0126967426984379
0.0114948236680448
0.0121648009426849
0.0128415116572853
0.0130199478158488
0.0117708947058475
0.013582190051352
0.0117136604662846
0.0123432371012484
0.0117203939062449
0.0111177510310654
0.0125317734197665
0.0116564262267502
0.0118718963050242
0.0129290463765699
0.0116968268664266
0.0115924585472555
0.0117035603063869
0.0124240383806011
0.0116193923070398
0.0122590691019298
0.0117978284656317
0.0118112953455238
0.0114746233482208
0.0127539769379723
0.0119526975843769
0.0107507785540122
0.011097550711213
0.0116126588671079
0.010296271357646
0.0127034761383698
0.0122994697416061
0.0122018348623953
0.012161434222719
0.0115857251073237
0.0128011110176089
0.0122725359818219
0.0109123811127176
0.0121547007827587
0.0116597929467162
0.0114813567881527
0.0119964649440476
0.0115991919872158
0.01226580254189
0.0119089302247346
0.0120469657436217
0.0139558959683654
0.0107810790337624
0.0113702550290498
0.0128650786970752
0.0121277670229745
0.011097550711213
0.0113062873495551
0.0118112953455238
0.0112221193502364
0.0116698931066423
0.0111413180708837
0.0129728137362122
0.0103063715175438
0.0113736217490157
0.0117405942260689
0.012161434222719
0.0116597929467162
0.0115082905479369
0.0112288527901683
0.0120166652638716
0.0118079286255579
0.0108080127935466
0.0107979126336204
0.0112759868698049
0.0116025587071817
0.0115655247874713
0.0116059254271477
0.0117809948657452
0.00926605504588451
0.0117675279858531
0.0114847235081186
0.0115251241477949
0.0113837219089419
0.0110504166316048
0.0104073731167489
0.0111581516707417
0.0116934601464607
0.0112658867098787
0.0106565103947673
0.0114880902281129
0.0108989142328255
0.0113534214291917
0.0110167494318603
0.0116799932665685
0.011629492466966
0.0111918188704863
0.0116564262267502
0.0119089302247346
0.0120099318239397
0.0120469657436217
0.0117102937463187
0.0116934601464607
0.0112658867098787
0.0115587913475395
0.0112120191903102
0.0105151081558859
0.0114443228684422
0.0109797155121782
0.0107103779143358
0.011949330864411
0.0117405942260689
0.0118180287854557
0.0107272115141939
0.0107642454339043
0.0108416799932627
0.0107171113542677
0.0108989142328255
0.0114274892685842
0.0112591532699469
0.0102457705580434
0.0115116572679028
0.0106497769548071
0.012073899503406
0.0113332211093393
0.0129492466964223
0.0119021967848028
0.0110133827118943
0.0106733439946254
0.0107945459136545
0.0109224812726154
0.0102659708778674
0.0107002777544096
0.0112692534298446
0.0111278511909916
0.0103871727968965
0.0107642454339043
0.00979799680160909
0.0111783519905941
0.0112995539096232
0.0121749011026111
0.0111985523104181
0.0113231209494131
0.0118718963050242
0.0126664422186877
0.0109258479926098
0.0115857251073237
0.0119156636646949
0.0107204780742336
0.0113298543893734
0.0105622422355225
0.0121681676626508
0.0103535055971804
0.0109426815924678
0.0122590691019298
0.0107743455938021
0.0105016412759937
0.0113264876694075
0.0111076508711392
0.0100673343994799
0.010972982072218
0.011501557108005
0.0106868108745175
0.00982493056142175
0.0114241225486182
0.0104713407962436
0.0106800774345572
0.0102659708778674
0.0110672502314628
0.0107709788738362
0.00981146368152963
0.0113500547091974
0.0110706169514287
0.0106464102348411
0.00999326656005906
0.0100639676794856
0.0106464102348411
0.011060516791531
0.0104006396767886
0.0111716185506339
0.0101952697584409
0.0112456863900547
0.0111682518306679
0.0107373116741201
0.0121749011026111
0.0107878124736942
0.0103669724770725
0.010333305277328
0.0111480515108155
0.0104545071963571
0.010632943354949
0.0111682518306679
0.010333305277328
0.0111278511909916
0.0118146620654898
0.0108416799932627
0.010616109755091
0.0105353084757382
0.0105959094352386
0.0109999158320022
0.0117001935863925
0.0110268495917865
0.00954885952361906
0.0105689756754543
0.0103972729568227
0.0110941839912471
0.0104679740762776
0.0103198383974359
0.0113062873495551
0.0106733439946254
0.0110335830317467
0.0108787139129731
0.00990236512078013
0.0111716185506339
0.00950509216397677
0.0104713407962436
0.00995623264034862
0.0103366719973224
0.0104949078360619
0.0108551468731548
0.0105218415958461
0.00965996128272195
0.0104646073562833
0.0103232051174302
0.0104174732766751
0.00988216480095616
0.0105521420755963
0.00900681760793987
0.0106194764750569
0.0102895379176857
0.0102727043178277
0.0105050079959597
0.0105824425553465
0.0105252083158121
0.0099191987206666
0.0105151081558859
0.01031647167747
0.0109830822321442
0.0109191145526495
0.0102626041579015
0.00997643296020101
0.00917178688663967
0.0103939062368568
0.0111312179109575
0.0101818028785488
0.0105992761552045
0.00960272704318754
0.0105117414359199
0.0100101001599171
0.011380355188976
0.00986196448110377
0.0105050079959597
0.010208736638333
0.0107676121538702
0.0108989142328255
0.0105588755155281
0.0107945459136545
0.0109224812726154
0.01076087871391
0.00940409056477165
0.00917515360660559
0.0109864489521101
0.0101616025587248
0.0100000000000193
0.0101313020789462
0.0095858934433295
0.00982156384142741
0.00982156384142741
0.00910445248717906
0.00991246528070633
0.0101919030384749
0.00981819712146148
0.0101919030384749
0.0101111017591222
0.0107272115141939
0.0099090985607404
0.0104141065566807
0.0098316640013536
0.00950509216397677
0.0103434054372542
0.0102289369581854
0.00988889824088801
0.0102222035182251
0.010084167999338
0.009764329601893
0.00962629408300586
0.0111244844709972
0.00879134752966593
0.0100976348792301
0.00917178688663967
0.00960609376315347
0.0100673343994799
0.00952529248380074
0.0103838060769306
0.0103636057571066
0.0105252083158121
0.00934012288527697
0.00998653312012721
0.0109090143927233
0.00941755744466377
0.010188536318509
0.00946469152430041
0.00997979968016693
0.00822237185423091
0.00925595488595832
0.0104107398367148
0.0103804393569646
0.00956232640351118
0.00972392896221663
0.0105925427152727
0.00961619392307966
0.00989899840081421
0.00955559296355091
0.00979463008164316
0.0100673343994799
0.00961619392307966
0.00987543136099589
0.00901018432793421
0.00942765760458997
0.00933002272537919
0.0102154700782933
0.0101346687989405
0.00922565440620815
0.00966332800268788
0.00876778048987603
0.0103770726369987
0.00987879808099024
0.00986869792106404
0.00962629408300586
0.00917852032657152
0.00976096288192707
0.00850180961199953
0.0100673343994799
0.0103097382375381
0.00952192576383482
0.00936705664506121
0.00956232640351118
0.00840754145275469
0.0109628819122918
0.0100976348792301
0.0102053699183671
0.0090539516875765
0.00956232640351118
0.00955895968354525
0.00941755744466377
0.00966669472268222
0.00944785792441394
0.00995959936034296
0.0081988048144126
0.00964312768286391
0.00959936032322162
0.00947142496423226
0.00917515360660559
0.00988216480095616
0.0100909014392698
0.010084167999338
0.010188536318509
0.00928625536570848
0.00934348960527132
0.00950172544398242
0.00869034593048923
0.0100808012793721
0.00878461408973408
0.0104915411160675
0.00954885952361906
0.00948152512415845
0.00939062368487953
0.00823583873412304
0.0104343068765331
0.00935695648516344
0.00995286592038269
0.00988889824088801
0.00913475296692923
0.00921555424628195
0.00918862048649771
0.00872401313020532
0.00934012288527697
0.0104511404763912
0.00935022304520317
0.00960946048311939
0.00869371265045515
0.00929298880566876
0.00924585472603212
0.00994949920041677
0.00908425216732667
0.00823920545408896
0.00969026176247212
0.00929972224560061
0.0103770726369987
0.00996633280027481
0.0104309401565672
0.00838060769297044
0.00879134752966593
0.00939399040484545
0.00864994529081287
0.00956905984344303
0.00953539264372694
0.00936032320512936
0.00894621664843953
0.00895968352833165
0.0100538675195878
0.00914485312685542
0.00938389024494768
0.00905058496761058
0.00945459136437421
0.00949499200405057
0.00811800353505987
0.0101515023987986
0.00915495328678162
0.00848160929214714
0.0087879808097
0.00955222624358498
0.0097441292820406
0.00945122464440828
0.00869371265045515
0.00811800353505987
0.00806076929552546
0.00937042336505556
0.00876778048987603
0.0085321100917497
0.0102895379176857
0.00856241057149987
0.0081887046544864
0.00919872064642391
0.00894958336840546
0.00831664001347576
0.00889234912887105
0.008875515529013
0.00869034593048923
0.00834694049322593
0.00920545408635576
0.00857587745139199
0.00912801952696896
0.00849170945207334
0.00825267233398108
0.00911118592711091
0.00936032320512936
0.00936705664506121
0.00836714081307832
0.00986869792106404
0.00844120865247078
0.00976769632185892
0.00865667873074472
0.00917178688663967
0.00827960609376532
0.0088990825688029
0.00808433633534378
0.0087879808097
0.00818197121455455
0.00947142496423226
0.00811800353505987
0.00937715680498741
0.00852537665181785
0.00985523104117192
0.0100505007995935
0.00898998400808182
0.00921892096624788
0.0088990825688029
0.00838060769297044
0.00913475296692923
0.0100673343994799
0.00899671744804209
0.00790253345678593
0.00908425216732667
0.00902028448783199
0.00848834273210741
0.00814493729484411
0.0084445753724367
0.00808096961534943
0.00880818112955239
0.00985523104117192
0.00829643969362337
0.00811800353505987
0.00815167073480438
0.00887888224897893
0.00864994529081287
0.00811800353505987
0.00847824257218122
0.00959262688326135
0.00831327329350984
0.00810453665516775
0.00764329601886971
0.00830653985354957
0.00924585472603212
0.00843447521253893
0.00812473697502014
0.00820553825437287
0.00872401313020532
0.00791600033667805
0.00990236512078013
0.00922228768624223
0.00877788064977381
0.00901018432793421
0.00908088544736074
0.00919535392645798
0.00943439104452182
0.00903711808771845
0.00753556097973274
0.00847150913224937
0.00903711808771845
0.00822910529416276
0.00803383553574122
0.00893611648851333
0.00885194848919468
0.00793956737649637
0.0087879808097
0.00840754145275469
0.00882838144937637
0.00849844289203361
0.00773756417811455
0.00811800353505987
0.00870381281038135
0.00894284992847361
0.00781163201750701
0.00774093089808048
0.00901018432793421
0.00848834273210741
0.00791263361671213
0.00769379681844384
0.00820890497433879
0.00833347361333381
0.00848497601214149
0.00830653985354957
0.00793956737649637
0.00840080801279441
0.00902365120782633
0.00806750273545731
0.00840754145275469
0.00811800353505987
0.00819543809444667
0.00857587745139199
0.00752546081980654
0.00805403585556519
0.00786549953707549
0.00811800353505987
0.00795976769632034
0.00809443649524155
0.00805066913559926
0.00864321185085259
0.00786549953707549
0.0080203686558491
0.00811463681509395
0.00797660129620681
0.00841427489268654
0.00720898914232748
0.00877114720984196
0.00900681760793987
0.00779143169768304
0.00716858850265112
0.00889571584883697
0.00856577729149421
0.00835704065315213
0.00848834273210741
0.00811800353505987
0.00833347361333381
0.00842100833264681
0.0080001683359967
0.00759616193923307
0.00797660129620681
0.00799006817609893
0.00900681760793987
0.00759616193923307
0.00790590017675186
0.00788569985692789
0.00797660129620681
0.00817860449458863
0.0077543977779726
0.00781163201750701
0.00800690177595698
0.00739079202088533
0.00886204864912088
0.00808433633534378
0.0080203686558491
0.00771399713829624
0.00795976769632034
0.00869034593048923
0.00803383553574122
0.00847487585221529
0.00779479841764896
0.00857251073142606
0.00799343489606485
0.0077644979378988
0.00725612322196412
0.00749516034005637
0.00779816513761489
0.00804393569566741
0.00843784193250485
0.00763656257890943
0.00828970625369152
0.00854557697164182
0.00751199393991442
0.00821900513426499
0.00711472098308263
0.00799343489606485
0.00857251073142606
0.00811800353505987
0.00822237185423091
0.00786549953707549
0.0080877030553097
0.00799680161603078
0.00827960609376532
0.00764666273883563
0.00857924417138634
0.00840417473276034
0.00900008416800802
0.00842437505261273
0.00698005218416142
0.00736722498106701
0.00812473697502014
0.00810790337513367
0.00801700193588317
0.00794630081642822
0.0079328339365361
0.00753219425973839
0.00758269505934095
0.0100033667199853
0.00673764834610324
0.00825267233398108
0.00736385826110109
0.00741772578066957
0.00791263361671213
0.00800690177595698
0.00783856577729125
0.00780153185758081
0.00779816513761489
0.00788233313696196
0.00720225570239563
0.00768032993855172
0.00682854978538217
0.00808433633534378
0.0075658614594829
0.00793620065653045
0.00769043009847792
0.00701035266391159
0.00863647841092074
0.00734702466124304
0.00800353505599105
0.00824593889404923
0.00728305698174836
0.00745139298038566
0.00789580001685408
0.00785203265718337
0.00836714081307832
0.00752209409984061
0.00756922817944883
0.00769716353843819
0.00918525376653179
0.00817860449458863
0.00768032993855172
0.00822910529416276
0.00753219425973839
0.00703728642369583
0.00734702466124304
0.00866677889067091
0.00787223297703576
0.0078419324972856
0.00743119266056169
0.0072224560222196
0.00784529921725152
0.00802710209578095
0.00706085346351415
0.00818533793452048
