2546.25913125961
5073.79818122466
8359.03431614255
7117.65034270079
2370.02496303963
1847.65558749996
1563.58181597058
2362.0158252877
12413.8564713479
3673.154129222
607.822558277973
4209.26569706616
6565.43684347433
5677.38705013979
555.096217442408
1084.1706146652
393.982320267871
8413.13997883983
3841.85959181136
-19.3280219116075
1665.5455146172
2456.48896954153
2335.79627345863
1409.92712346162
13417.2944342071
8502.83939690378
1871.76573177344
1682.15271003917
4519.18719834138
4420.58411189244
1153.25640557973
2534.50010117257
-2559.9719998367
9550.20032095407
3807.25413540838
7174.2076262403
-122.309839090846
3318.80983789176
861.573379070863
2609.2063260958
6881.27303899883
1291.93391586991
5748.90861688407
-2848.48505695777
830.033528299762
5397.56508753298
4114.33126242317
3306.69501074167
13519.0784139362
-1702.4652578109
-2940.53745606991
6159.5906546132
3648.33484100855
10197.9975229519
10510.4770615494
12986.1512328482
2618.95051556265
2839.3111649547
8258.2397187798
2981.45369459829
2923.41292517331
9327.12825645668
155.741513075506
-2092.55272748051
139.703885466201
1591.46577853517
1781.74594065433
5056.01974010619
9350.13050201119
5321.03677571579
3844.07348334496
6975.71073627587
2540.40030512034
-542.215324818435
3819.53309473517
14171.1865001642
211.622914822331
4342.34988501651
9328.14775915485
-1093.47662155662
139.215104459701
1212.02068784241
-637.738394260555
6031.18690426068
6717.75739892434
-256.999251368745
47.7944684365436
2317.01301087408
4175.81425759098
4116.94107837019
6813.35712895528
11445.8481906993
2071.64658336764
8189.42914830407
4412.9549129526
522.255698849918
-24.7779567208249
5363.0009346325
3705.62544382979
7652.64756765912
2786.06139384656
1261.50510876788
-112.629542050658
3462.48404091402
3271.22730109545
67.2473024946572
-790.647064071853
948.733964304473
10771.9455118965
10726.5472660917
1758.94785753258
5657.60725783798
4048.15728897777
4517.00048615387
-210.764793135797
108.275476838185
5563.13202972187
13927.4571086311
5444.73631774106
2040.06569177756
9649.79314147102
3436.37825555462
883.52045944803
11233.2121795392
10170.3845135694
3179.40386904692
5231.59326023594
4568.32169256476
1799.66571414896
-2334.62675437282
-1028.74077396227
-377.582849020814
4367.68865714538
3221.45674474904
1224.03058152482
4468.75710596684
523.93101861308
-1437.61077423343
13.4242540795454
1808.1806452325
1589.31391496125
5485.96032375301
1790.08693691089
7110.88618223082
1987.60700932171
3927.23767242249
225.573785124396
-478.070379627021
2113.8749134988
1815.04524215074
4050.38851834895
5395.59409053564
2236.67979052476
8682.41875231143
2453.20707722551
4363.93327688936
-1594.68713411253
139.688015717179
477.080430577443
1469.12212386269
1211.89933642464
7854.44447529393
2548.60862064606
5906.52285285892
3618.673458491
3671.72910762096
950.360196653789
170.345379824429
-352.370151908567
1221.65350666814
3593.84828562963
3438.7080375592
11850.0689034126
986.6172788373
3080.84040655733
2236.09669303415
-2392.05238235116
7539.39694766539
3002.22453259627
3471.88835623365
4701.39397709046
2062.80931557688
11297.6089241923
5944.12376121357
7986.73885601012
715.452165567883
1116.77199905855
2484.44183647042
2236.6990853753
2921.19686918747
-1180.55141139388
5661.01873553777
81.8488426945817
5097.76630592737
-806.676634504794
12643.3388507024
3603.16650163377
2162.92211065252
10668.1667487631
3300.09050668667
4309.88795072765
3492.55942477954
4929.33082284233
4270.34115465917
2983.37386501595
280.022506242256
2138.47449558619
5499.71943420022
-193.132783892682
8680.43393808457
4754.30761338292
568.713069041098
-1865.34851667649
1054.27404991345
4259.03952782832
11771.6126984433
1012.03585954628
1913.24529172561
2578.79849119251
2076.49912372042
-698.305639242397
-1077.14216952859
12913.7650915614
5747.66609820793
4207.93986315118
-4119.39090345846
1572.37053160214
8615.65683065964
-3787.17912450566
4018.94543121721
12280.3529553095
1584.15722367672
-934.299948652102
3221.19691985088
11195.5222818842
2308.37770990151
7971.45472659129
6295.74459447014
-308.484608785646
-506.100827388874
2692.05906578701
2562.66228577594
1780.3327378459
1585.59304769991
420.341126357404
-316.162489299375
8792.92990442648
572.99455051782
323.738855223281
9490.08304287908
787.946667166721
5325.56544175127
6134.06996668268
2817.19090122646
688.752853320244
8895.1466114752
709.875638657296
8722.7895142079
3281.14927128194
7872.85067221027
-428.617860680396
10376.6198589653
8781.83166068311
11510.6562182244
3907.01756811934
8044.99096187061
2564.61372011085
2625.42503733924
4356.78344763403
-2015.92813018907
1673.32498011297
4989.16444362558
2707.49587136824
11364.0289838232
8737.0952380597
6900.21248787721
2939.00664734588
9781.31506872922
4707.25623599149
10462.3484817646
570.067918386731
8221.8742853552
11929.4538591581
2142.58615101453
8423.48367519363
14026.3313207758
-762.165699050895
-1024.18679087737
4527.79090262298
8071.69835611728
4755.93181287348
3635.124945407
-1030.56463756336
3560.42174400977
3447.09533526776
-902.364120875501
-175.2153230089
458.173255465757
8416.78634878014
-8.87056316908911
-7.16791500553556
3726.53656006556
4874.66216437139
-200.716823068575
2852.58696059869
-614.95011015392
5437.78757840078
1716.27597679533
3595.25929431329
732.299020692177
3490.05767533459
2897.6212892106
10543.9946423117
4155.435704457
6710.08994247134
3639.31050934755
1730.3551445694
666.251403907743
1195.1965350221
4415.943258445
1725.68660706444
1374.39130286541
2805.11299886013
778.580302453815
3203.24474999406
6176.04883377448
5507.36980536157
10025.943345732
3519.28475187889
6362.30247794697
3723.97192457234
4960.85185512805
3125.96137376725
2917.08894672675
7383.4725138911
5293.01136720353
6204.98393200268
9651.00746378607
5947.11665635608
2976.92889335829
12932.8955407944
459.163723704993
4903.75774515765
-2061.9340703625
2116.96041103936
-274.973223369952
991.928074725981
673.467873899038
2674.83286040349
-1070.58140234862
1455.05933109892
1145.25518567104
4261.7971447687
-425.907628075577
2207.7047774442
3218.61124976779
2575.7880852538
2007.09135772648
-436.333867715888
1912.44098081878
10596.7889333663
2803.13617694182
5134.74282575794
10291.1467047103
5396.28992907917
2781.03566868411
-3454.7902695497
8327.48831397025
1009.45896442686
6193.21162512825
1365.42536700725
2649.84900550436
12927.90481311
9205.31193136497
4956.00381780424
989.357889772262
8533.61270338568
2383.06845066235
5598.67895195749
9230.35970602228
3632.46423833653
-4856.95316785617
1456.13585775251
2923.52055344588
10647.4273205896
-113.982381584602
1064.97842924113
4517.20940646286
7620.55630020747
1127.92387545368
6459.19688986461
2146.27141085798
5088.86422312091
-825.827206588996
4079.41686774073
6207.07252293032
2780.96112671887
2577.7664707272
9800.80784485877
3285.23136121327
3232.25106074034
522.649749571056
10134.9720591877
2041.27210645948
11174.1639589549
1707.4426475382
3941.83554681303
2966.12124431273
2373.99473492491
7842.59443542402
5668.1595180752
-1042.75692710653
10527.2739489441
1604.84665430639
3947.97457424611
1663.81126803865
399.492391684943
7567.50797617825
-217.517538486358
4614.8994564095
2859.75267621938
1233.4745613549
4850.60872559196
2770.43149802322
3307.36746484832
697.700527524813
3425.36958772821
1297.13460410721
1118.48199421101
-1145.02453835897
-1052.10465404644
621.265951177544
4134.18772117038
9727.68366575003
11481.6350321756
9671.00234511551
5135.03247390516
3158.75154115697
-43.9498458626286
3159.22982774442
-1164.39493575487
-192.013844401115
-578.133971125965
2301.76887881498
744.706880027689
442.838949513009
8056.24167771694
6729.74024748285
5645.26331918657
3434.77648678535
7443.30982491042
3527.21489614878
8056.82399776068
6925.25528623455
8551.3706606005
8404.41197480153
7386.53310994744
8324.71857267398
1351.04328182689
1318.14743652224
2619.82429033147
4102.41179101626
3896.00050870068
-1721.0163444743
-1213.22744694938
5256.4120444738
604.750335049851
5030.28470399872
3293.74469807114
3365.93546509098
152.68258987695
8842.53733878637
1363.57992095605
2078.4349531936
9677.56802329991
-631.450897952546
643.703986315173
1336.70991181018
3217.80328972173
4485.02364433899
1537.2107347497
3090.46512610085
74.6637412986537
361.218530828388
-499.712064424354
1560.68801351069
2298.14978298969
-2518.27551387758
1060.50384375417
2902.40944297617
-632.695074595669
9881.87189919421
11341.1477623325
13606.5641178692
1490.16837795085
3605.72047018714
2424.43145234932
7372.02525115454
104.885788207583
1942.19730669734
3655.76322720262
9649.82127478708
10823.1645053765
3491.52405740739
12243.3675267911
5787.24705066136
12275.0626708737
-3066.95626755325
-1020.88853762757
13572.3308591165
10824.2211840655
6987.40741394766
13685.564639324
-567.411192616126
1360.86656389917
917.948783200024
1018.71018905757
461.104259963478
3757.28414123951
13331.4509141541
8864.96706729526
178.63473233335
759.477494779393
3385.07994383636
10949.5124792201
987.789621848456
-1611.02760069656
10771.2278950289
4715.59776505525
-575.239373708601
2954.43505377493
13393.0402673341
5269.10160571135
2228.96600010432
1756.84028505957
13714.4245519357
12470.7022092349
8668.27367239438
1650.30653330903
6948.15871814072
3530.84282314165
2704.57188759645
662.41053770033
740.456826031887
3438.54907178312
