8.14957954009519
7.14142482197843
5.36038818508388
12.6266431236476
6.51463336046696
7.73842929481708
13.5551276367018
5.01621669482871
8.14312983542856
5.48743229193287
9.0005155928012
13.7775972077941
14.8356199120264
6.52632037789992
10.8470494162108
13.7175815924519
12.0184544518806
7.0231843693368
7.35845492245428
7.32842345882806
7.61155782233865
9.79588370989405
8.51679553633688
7.56109295025613
11.0689908576531
6.68741214086068
5.5669938770225
7.34939754741716
6.9908091269024
6.55620309601106
7.45674081252143
11.9135654997492
8.63557504463548
5.97921399011142
11.5361474918656
7.16579120425262
8.33351739609741
10.7646285024619
7.02618328731307
7.01059697898173
10.7192090324998
14.2365276080883
6.67619588247116
7.3834316970855
6.6054304288394
6.55242806731404
9.22288002085986
12.5443102488652
5.55028417466599
8.78543832348877
14.8209943544691
6.19686061682291
7.48484382424888
7.46149999055837
7.35748343038484
6.19234787379247
12.8482933484876
7.04752153210993
9.03503399386395
7.04963293533134
7.12141004742976
6.88517327760438
12.4276697012566
9.45735950148216
6.12918992506442
8.30073512963725
8.62076685790647
11.9331589924699
12.2828286193497
7.68511490372741
7.39425429378557
5.35454550205477
8.3907896265576
7.40101103193147
7.73868650013027
8.00278993748858
13.2794517383475
7.13440056857044
7.4054894274697
7.96944464331458
8.16418547847044
6.65106713643666
8.05423030932163
11.5255937148588
6.77109511311702
7.73403674511276
8.4075322899712
12.760397659363
6.83497818973912
8.21075600904347
13.3307066418959
7.94997557400703
11.2416843375098
5.63478705758141
5.31765838418547
10.7108608898271
8.46900452466147
6.71965532172112
7.8957329476023
7.92310031029158
6.77898824279778
6.66809164506434
6.58472361618455
10.472871137555
9.80763065562957
9.09114658636377
6.3608070503584
6.93258593660976
7.82369233996891
6.67259442029701
7.82332335469568
7.66933183060998
12.2868725556181
8.29226836985764
14.1596567554178
7.74205313127326
8.03806377367593
8.5854523038671
5.00927053523271
11.518443701221
7.74800049179588
11.9809406751866
6.38828191866899
12.1176771561127
7.71578583915652
6.12914066280373
8.94439261297973
6.13923015956454
6.64115387066232
7.2101882835616
7.94144901007076
6.98686073163931
10.988710005083
13.0460486883873
8.77246680188367
7.2240072428006
9.76066610239289
6.7849823586216
7.40174418465815
7.22414874079847
5.57111540922594
8.43143390851981
7.35499438720307
7.92910422839132
12.4051609481484
9.7931376569162
7.07163512813434
6.79942494736985
6.30572900998616
8.45769399425524
12.4408935672154
7.94227139361735
7.74585131379432
8.24036091575379
7.02036492011915
10.054870959965
7.61747984353865
8.94149636346256
9.08645348484753
10.9376640805459
7.69784334285771
6.72955144476817
12.3955509077512
8.0792106809632
13.8891638260213
6.66588263982378
11.4086567601453
7.99980549687349
6.68740956623921
14.0535709402982
13.0599541348237
10.0302725824633
7.96964568335398
6.74157956513016
10.5446853449772
7.68600397375268
7.65858259439954
6.97845174544642
14.6531835818907
12.8745606612706
5.50900557208115
7.83248922670706
6.70225348807659
12.3196946151619
6.10855968238184
8.05449172909708
6.94509420203628
8.10411783772001
6.81236624522055
6.30746963895736
7.38326250023331
8.24257112213519
11.9601702898313
7.26490304495385
7.85781976045077
8.15492238224649
8.30627191788933
5.63087614302742
7.44116867166532
12.3980220089703
6.90206135674495
7.62337815325584
10.0460539066357
9.11615133910884
6.80548912015842
6.89010210792097
9.45232236601191
6.94656210314966
6.95207729601442
9.07431678178795
8.19932928368809
11.4362527307087
7.99178639329691
8.64075849012013
11.9809135352738
6.86039809049979
7.73920846809068
7.06973942778194
5.26578547534925
7.17491023014466
6.85797013693465
7.94840737220317
6.04128267438155
6.99370531170273
12.2203459374658
11.4644718786419
5.38681391594416
13.9678743732545
6.02826206910827
6.98414051155345
6.79326463387438
6.37461545835058
12.2067894737514
7.52498998814082
14.5894817297226
8.27695790516611
10.5970377235542
12.7772462143623
12.1260582052519
6.9737579087932
8.13035329975336
6.43428634386011
7.6320675890969
7.08064680111233
6.55727179812942
8.40320751101271
5.50948647454757
6.30857305442326
11.2505871410788
8.06356658550633
11.5828642175443
14.3350327610596
6.59017172309258
6.7013881143007
11.9744324729437
9.24536940522204
12.333417991854
7.40645642733908
8.05079753795242
7.77034236082264
9.45238139222154
8.23268007334105
7.08278373270447
8.15942447618481
12.7016442360599
5.98703382532893
5.46949173258301
5.43538879102823
6.03056952713651
7.94490075020344
7.41275506134769
5.69072258161001
6.08570271678726
8.26417401119294
13.0347910906076
6.4781009305251
10.3308677367908
7.26130879081091
8.15380142730203
8.34434756465019
6.188881277868
12.0610731376866
11.6103196627105
7.93756987992305
12.2379392473421
7.57320593701432
6.62658378582888
7.74053866377565
10.3063685458684
9.36059879859368
7.30793924638014
7.46882619819705
11.0399136626808
8.23144156985424
5.49464637902034
12.5305694528627
11.7819520626683
7.89367713664891
9.87929345147474
7.76883421314286
5.44361919882763
9.74893929672009
7.22552245023626
6.5575509805897
8.10458068680403
6.76490221806494
7.30447321583873
8.79101983714924
7.21885150486324
7.31311215180397
11.5690571135238
6.63731545229983
6.12618808599674
14.3173760279901
12.1162318766612
7.1433965159568
13.9226523064496
11.9217305364878
5.80345683272353
7.15982635737527
11.3472902088801
7.78632348339913
7.83966578421261
6.18237040269446
6.94529390821495
6.81748916809222
7.02165821550282
8.31425509582373
7.53218997761217
6.75273358303772
7.13497434327285
12.3178550664986
12.0759434517015
14.4913232748743
5.26639497015579
9.16329683169397
6.95610038344213
7.26955151849102
12.9684131931897
6.51939689891917
6.57902858939369
9.39385178774754
5.97628833570993
7.73227423461897
6.98851309573986
10.7563615808768
7.27423908500471
8.14432322674892
7.64201849226283
6.14933974703023
12.2712897959036
11.8376150386163
7.49586209209017
8.01239246255149
8.55081124266882
6.55500226522893
7.0672273850217
7.61118626947635
11.3751090184557
13.3135512956129
7.32189616350813
7.60636590660463
11.1425004871104
9.04312154049179
6.37351090952806
7.8585145351177
6.54904100993197
12.6667179102579
11.4293699869572
6.57858686866464
7.67499211734195
6.7725752191639
5.87625090266308
8.10420055821791
7.02114000280186
12.4227368771241
7.3078833338277
13.4205397219972
10.902047679669
8.33544531014039
7.14346124555661
7.88968772314513
6.65387976974934
7.98118466137408
9.30979034146084
12.888777377218
7.14637012297026
6.99359402528351
11.7317717051935
7.38556379220355
7.73815606865928
6.4084548804606
6.86346875376487
7.78639503249811
14.2676898613311
7.58548449764509
9.05880944747789
10.3372080514237
12.526383108395
11.0007017573576
6.42172772410362
7.01579660230474
8.59032998882732
12.5901373122758
7.74602302423935
13.7922723042335
7.13187255994333
7.99346860675666
6.55792722024652
6.51008021894071
9.38744654856228
6.38710818964491
7.01994333479576
7.17017458592905
9.91723639434587
6.44640004640373
12.5589222746296
8.50258442997213
5.74772477570972
6.33884570568385
7.15886082319145
13.471047335112
7.59980612472654
6.54045650364948
10.6767568990367
13.5650815178537
7.61912108146554
14.5325768353162
12.0723771610511
12.1199186899578
10.8927084647357
7.30204957584573
7.03330263120048
10.9847709541716
7.16238507715021
6.74851366168906
10.4366067660653
8.08812610572782
8.08313001132983
8.46545608094929
7.55472300384439
7.60992793269748
7.88765835660762
13.7711314089557
9.403448514217
7.01323897944517
9.21749305830938
7.11150132107116
7.61696656467513
9.89854650262575
8.52213560508104
6.52998544376009
11.8785564253384
14.1433774462819
14.780210036815
7.83255002102601
7.21418532708313
5.50678082973519
6.38076930315702
8.18867147639266
8.41793217387615
8.60147180965687
12.2455866266634
8.05303614564118
8.38586473131782
7.6942224585114
11.3999138686796
6.77575111232276
6.96738867422541
8.15955480104267
8.287257682054
8.42579567194654
12.4075239888412
7.32006158671915
6.97085962036562
6.3021610300889
6.94914478327386
7.35790565920099
11.1498588557054
7.99338905184961
8.21335179652852
12.6549658297882
8.28952217029955
7.97557356471827
7.72454875242469
7.49961149741631
6.89569237716827
6.87555070955005
6.29383724181897
8.38916644524825
12.6081603895876
7.69050979661015
6.15859892328418
12.2699200863507
7.48866494401749
6.1740461296787
6.1554897617648
6.04115937355526
7.341146495697
7.76900839739084
5.42869422797242
6.86272300387947
7.5141172995894
7.8833828472365
7.28425185412203
9.93886954191912
7.61351878272136
6.69093724388557
8.35508090532273
7.85907170435269
6.99012794639641
11.1227257134242
7.57302059504994
6.60328081455944
7.24841340808085
7.97131085877358
5.62978229534853
7.83580458021139
6.57791636900913
12.9790909749245
8.15787603325146
5.24662437128183
12.0032128891148
8.55729472232593
8.91543159725306
7.86033982864171
7.95232681587844
8.64040741400306
14.1830280166489
8.3281644964576
7.1597201530425
5.25159659992616
11.1802397145203
7.83964387916109
11.7148320239033
6.16299046433787
12.5448444534431
6.11166309340075
6.77777446120054
7.24087170944155
6.02030524297868
6.99125765437199
6.36480937901003
7.10098255089151
6.03138388508308
