7.99967763656258
10.5964455853884
10.2734593047723
9.30101927447186
12.692629408299
10.0676786465786
10.8125923743793
8.51895715848835
10.6977266223382
10.263251409814
10.716624021547
10.5856653480347
8.65435316892518
9.84228347782175
7.59709536234325
9.50985018096119
10.7402415621581
7.28997979968017
10.7481903880145
9.17018853631851
10.6943868361249
8.96206800774345
8.51834441545324
10.108378924333
9.28626294082991
10.7692020873664
10.4345972561232
10.6764085514687
9.67889655752884
10.5348952108409
8.3280877030553
7.49583115899335
8.15848581769211
6.98518390707855
9.34164211766688
9.50712650450299
10.4891482198468
7.99736806666107
8.99330780237355
9.43921639592628
11.3024433970205
9.68989226496086
9.63699436074404
8.45808349465534
10.0530771820554
10.6540501641276
11.6514678899083
9.23022052015824
9.0309881323121
11.6817683696659
9.94097887383217
11.0416707347866
10.3506918609545
9.15953623432372
10.1896010436832
13.149873748001
9.21510394747918
5.73864573689085
9.63777543977781
8.99330780237355
7.32365709957074
8.85756165305952
9.67387341132903
9.20407793956738
8.20970372864238
9.66142328086863
9.29685464186517
8.65123558623011
9.44818870465448
6.82206969110345
9.41874673849003
10.3888367982493
7.9405243666358
10.1441570574868
8.74484050164128
7.94763151249896
7.74675953202592
7.99573857419409
7.99736806666107
10.6831621917347
7.44580506691358
6.9852748085178
9.4944508038044
5.27672165642625
8.31511909771905
9.91442892012458
8.84691945122466
11.0732303678142
8.93382122716943
9.09592879387259
8.71004208399967
8.9250744886794
11.2628945374969
8.07385994444914
8.79056055887551
10.9129374631765
7.52744129282047
8.53041747327666
8.41910697752715
9.3847765339618
5.96050248295597
8.55079622927363
8.02771904721826
8.84833347361334
7.1494764750442
8.45112448447102
7.53963555256291
6.90666863058667
7.79312936621497
8.31012625199901
7.33099654911203
9.53940998232474
6.11982240552143
7.55306539853549
7.99260752461916
8.26689083410488
6.31106556687149
7.52277165221784
8.3960146452319
6.19424711724602
9.80477821732177
6.37067334399461
8.24610470499118
8.63867772073058
9.57089891423283
7.49942344920461
7.06614342227087
8.86848665937211
6.46343321269254
9.35873832169011
7.11291726285666
9.99512919787898
8.68355946469154
7.80743455938054
7.97167999326658
7.36938052352497
6.73268327581854
7.92180203686559
8.44992929888056
7.1922876862217
9.416750273546
7.91340880397274
6.30658446258732
8.13543388603654
7.09912381112702
7.44528322531775
7.705375810117
7.81548775355611
7.55295766349636
7.88826613921387
6.94393148724856
6.8105252083158
5.52036108071712
7.40071458631428
5.95479252588166
6.36259321605925
8.40570743203435
8.51786297449709
6.16432707684538
6.72943439104452
7.99147293998823
7.3386524703308
7.18803551889573
6.37257554077939
7.12720898914233
5.56805740257556
8.24247538086021
6.74050416631599
7.66269590101845
7.09934264792525
7.64374800101001
7.13152175742783
7.92234071206127
5.70973234576215
8.33743708442051
8.13106051679154
5.66819712145443
5.75734449962124
7.49015150239879
6.30658446258732
6.90666863058667
7.46061863479505
5.15165810958675
5.78459809780321
6.35385994444914
7.5245526470836
7.57593216059254
7.20792946721656
6.10116067671072
7.48574109923408
8.07575540779396
7.88826613921387
7.30194848918441
6.8271635384227
6.08523609123813
6.32113205959095
5.85965911960272
5.38947310832421
7.45506018011952
7.07612911371098
5.36128019526976
6.48846477569228
6.51524366635806
6.49123895295008
5.3802381954381
6.75500462923998
6.10278006901777
6.29826866425387
6.82330191061359
7.18713660466292
5.36128692870972
5.90728474034174
6.40127682854978
7.37324215133407
5.52720225570238
6.01578739163369
4.88883174816937
6.03227421934182
5.8036368992509
5.81922144600622
6.75422355020621
6.25992509048061
7.13313441629492
5.77067671071458
6.40573099907417
5.19531436747749
6.33454843868361
6.5183006480936
6.10124484471004
6.0566021378672
6.62906910192746
6.66473613332212
6.01053530847574
6.146002020032
5.8226622338187
5.30141991414865
4.99945543304437
6.24174143590608
7.05401649692789
6.05745391802037
5.74863142833095
6.13548775355611
7.51484976012122
6.42032236343744
5.92819207137447
5.97800942681593
7.62383385236933
5.05092248127264
4.51144937294842
6.94397188788824
5.60467048228264
4.84767696321859
6.91776197289792
4.92552899587577
5.83981230536151
5.27512583115899
5.26116067671072
4.7611017591112
5.9608627219931
5.4223120949415
5.61484471004124
5.88100412423196
4.94906910192745
5.19754986953961
6.10124484471004
4.79996380776029
5.29692870970459
5.78788401649695
6.10655752882755
5.60649861122801
5.09295598013637
5.7524021547008
5.5034736133322
6.32955895968354
5.44689925090481
5.38518390707853
5.69246107230032
5.71659372106726
5.38979294672166
6.31915242824678
6.41257890749938
5.16357293157142
5.29163285918693
5.54341974581266
5.31042252335664
6.05745391802037
5.54786381617708
4.91122043599023
5.08507448867942
6.08405100580759
4.68826277249391
5.53533288443734
5.38207979126338
5.27672165642625
5.21845383385238
5.61801279353591
5.65034340543727
5.29534971803722
5.15165810958675
6.43732093258143
5.16040484807678
4.86052099991585
5.89644726874843
4.97226580254187
5.2053505597172
5.09366299133072
5.54052773335579
5.15802121033585
5.41836966585305
5.52325645989396
5.33559212187527
4.40851864321186
5.0122018348624
4.98905900176754
5.14762141233905
4.70254439861966
5.16213534214293
5.63905816008753
4.98975591280197
5.42484386836125
5.17730914906153
4.79877872232979
6.72851527649189
5.15131133742952
4.76946469152429
4.98895463344837
5.82324130965407
4.06502903795979
5.13807676121539
4.85507364699941
4.7611017591112
4.91122043599023
5.53522178267824
4.44119602727045
4.34936200656512
5.69279101085769
4.56755912801952
4.67937799848499
5.75841848329267
5.76989899840081
4.42945627472434
6.09743035098057
5.6245139298039
4.32533035939736
4.62609292147127
5.71465785708276
4.46060516791516
5.37457200572342
5.10241309654072
5.80197710630418
3.77824173049407
4.84657267906744
4.29719131386247
5.39583284235334
4.563626799091
4.55200151502399
5.13841343321269
4.79286002861713
4.62665516370677
4.89542378587663
4.82128187862975
4.59214965070282
5.27860701961114
4.70254439861966
4.41271020957834
5.5894630081643
4.53941671576467
4.96024324551806
4.56462334820301
4.75674859018602
5.09207726622338
4.35217995118256
3.95499789580003
5.95570154027439
5.63906489352749
4.8541881996465
4.75427405100581
4.32533035939736
4.07087029711303
4.92552899587577
4.49568639003451
4.37147125662824
5.24012877703899
4.67355020621162
5.44449204612408
4.53758185337935
4.3858505176332
4.44333389445333
4.42055803383553
4.35947900008418
4.51154364110766
4.76980136352159
4.53701624442388
4.27246275566031
4.7365617372275
5.00277165221783
4.707251073142
5.27089386415287
4.97226580254187
4.86025166231801
5.42531184243751
3.80268411749853
4.05603316219174
4.51901102600792
4.88625620738995
4.65238027102097
3.72023651207812
4.29701287770391
4.86136604662909
4.20276491877789
4.20138119686897
4.5506144263951
4.4613997138288
3.78808265297533
3.99955306792359
4.66959094352328
4.66357461493141
4.95234492046126
4.16409477316725
4.44466038212272
4.56851527649189
4.67167830990658
4.51971130376231
3.90526470835789
3.8361897146705
4.20404763908763
3.53682097466543
5.70315377493478
4.40374800101003
4.63051005807591
4.24754566113964
4.35989310664087
4.04199730662404
4.77216480094268
4.75613921387088
4.28299385573607
4.43832084841344
4.30324130965408
4.49951435064389
4.66224476054205
4.22906910192745
4.34069606935444
4.05269337597846
3.92267065061864
4.08989226496087
4.23223718542212
4.2011488931908
4.8226757006986
4.06502903795979
4.40835704065316
4.08467384900263
4.32756586145948
4.14993098224056
3.77072047807425
4.40371096709032
4.4231133742951
4.10742950930057
3.55323036781417
3.52021631175828
4.64552226243583
4.00623264035013
3.63236848750105
2.97087871391298
4.27421681676628
3.99996717448028
4.36182223718544
4.08076172039392
4.0633120107735
4.06502903795979
4.46774598097804
3.43171197710632
4.37885110680921
4.45612406363102
4.02846645905228
4.70255786549956
4.04946469152429
4.00771736385826
4.31695732682434
3.50033919703731
5.32987543136102
3.19341553741268
3.7532000673344
3.97080801279355
3.88950509216397
4.15936116488513
4.56645147714841
4.59797407625621
4.12187273798503
4.35060095951519
4.5602634458379
3.57126251998992
4.06640265970879
3.95524703307802
3.97076424543388
3.80381870212946
4.42169598518643
4.85679740762563
3.2717624779059
4.10990068176079
3.90453413012372
3.43189041326488
4.00687905058498
3.67197121454424
3.67544230283647
4.34924417136605
3.56202087366384
3.8419737395842
3.53682097466543
3.28234407878125
3.80951519232389
3.54841595825269
3.80928288864575
3.54695143506439
3.62359481525124
3.34793788401652
3.92642117666864
3.39071206127431
3.67979883848162
3.84280531941758
3.79605504587155
2.84601717027186
4.24662654658698
3.77707684538339
3.18298543893613
3.28871054625031
3.08162023398705
4.17931908088545
3.93619813147043
3.7842142917263
3.75005555087955
3.53627556602981
4.45666273882671
4.66996801616025
3.30305614005556
4.09957495160342
3.99798417641614
3.47309906573523
3.26041999831665
4.01536991835704
4.0934643548523
4.39273209325816
4.65625873242993
3.6676113121791
3.46161181718711
4.10999158320007
3.7157756081138
3.17131638750948
3.90132901270937
3.6251367729989
3.37770642201835
3.98731840754147
3.38566871475464
3.57168335998654
3.2594773167242
3.11039895631683
3.08162023398705
3.45419829980642
3.78808265297533
3.47670482282638
3.28796986785625
3.25153185758776
3.75239878798081
3.78845299217238
3.19989647336084
3.69499621244003
2.94006649271947
3.56476811716186
3.40520242403838
3.73191903038466
3.27007238447942
3.6753884353169
2.71552647083578
3.65436663580508
3.73368655837052
3.44786886625707
3.07383637740932
3.39776870633787
3.04355946469153
4.05533625115731
3.40300395589597
3.48823920545411
3.23389697836882
3.14454423028366
3.32713155458296
3.69585472603316
3.13495244508039
3.49839996633281
3.46408972308728
3.24865667873075
4.07467805740259
3.30542967763657
2.97347445501222
3.66633532530932
3.12695311842438
3.78884353168925
3.03713239626296
3.40057991751536
3.37507701371939
3.5673133574615
3.01570995707434
2.80355609797155
3.23628398282975
3.60109502567124
2.63357040653145
2.97692197626463
3.08258311589935
3.84580170019359
3.19858345257134
2.91582610891339
2.78659119602727
2.93460567292317
3.27836798249305
3.17478410908174
3.06260836629914
3.21382796060939
2.8245374968437
3.24865667873075
3.12708442050334
3.11961030216312
3.45352832253178
3.62442302836462
3.1875877451393
2.81960861880313
2.97825519737395
3.54861122801111
3.39263445837892
3.52788233313694
3.07624694891004
2.77971298712231
3.03269842605843
2.90596161939231
3.08257638245939
3.55741183402071
2.92547176163623
2.91639845130882
3.64163706758691
2.63311253261512
3.16823920545409
3.08497685380019
3.34705917010353
3.08029037959767
2.68014224391888
3.59194764750441
2.88604410403164
2.7617246023062
3.3285388435317
3.49087198047303
3.2620898914233
3.73398956316808
2.43203854894369
2.97925847992593
3.50577644979379
2.97347445501222
2.25937968184496
2.7374741183402
2.94071963639425
2.63311253261512
3.04483881828131
3.22857082737144
2.93460567292317
3.0605378335157
2.69082821311338
2.72596330275229
2.95491372780069
3.02800185169599
2.82470246612237
3.18424122548609
2.51424711724604
3.11729736554162
3.62710967090314
2.42222119350222
2.89861880313106
2.57538001851697
3.27667452234661
2.91574530763404
2.78764834609882
2.79864405353086
2.98546334483629
2.31345930477232
3.01927868024578
2.60107145863142
2.78399545492803
2.97698257722413
2.59259069101927
2.73671660634628
3.1996742698426
3.19078612911372
2.79962376904302
3.0300252503998
2.72769379681844
2.76285245349717
2.95520326571838
2.71835451561316
3.15758353673934
2.66229862806162
2.50326487669389
2.81811042841511
2.78530847571753
2.95913559464691
2.8652007406784
2.56876441376988
2.36680161602558
2.43830738153355
2.70150744886794
2.63357040653145
2.60036781415707
2.63613584715091
2.11810874505514
3.24597676963219
2.70733524114132
3.14449709620402
2.53765592121877
2.74103610807171
2.48687568386501
2.71459725612323
2.79905479336756
2.62000925847994
2.57538001851697
2.31345930477232
2.82571248211431
2.52253261509975
2.70552057907585
2.95245265550039
2.37674354010605
2.77442723676458
3.00754566113963
2.70459136436327
2.75386331116911
2.71195774766434
2.5614754650282
2.57211430014308
2.83046965743625
2.47033162191735
2.73399966332801
2.85498274556014
2.27776870633787
2.81236007070112
2.66080717111356
2.6915890918273
2.51472182476223
2.70899503408805
2.38773251409816
2.37808012793536
2.52654911202762
2.7541124484471
2.99308896557528
2.85387509468902
2.60464018180289
2.70163201750694
2.2838523693292
2.33370002525041
2.27914906152682
2.50815672081475
2.27112953455097
2.46427489268581
2.90714670482282
2.71062452655502
2.36234744550123
2.36585893443313
2.79623011531018
2.19584294251325
2.49169682686644
2.61551468731588
2.60655247874757
2.83315966669474
2.34436916084505
2.42182392054542
2.34928793872569
2.63485649356116
2.22720057234241
2.43026765423787
2.51783267401734
2.72861964481106
2.44903711808772
2.46724433970206
2.55318323373453
2.45459893948322
2.51961030216313
2.32489941924081
2.94900513424795
2.47234492046124
2.16907751872739
2.76523609123811
2.01081811295347
2.47595404427238
2.43879218920966
2.67244592206043
2.54008669303931
2.38712987122298
2.76083578823332
2.29915747832675
2.11980557192157
2.67173217742615
2.27275902701794
2.41097298207222
2.22107650871141
2.69595572763237
2.32892264960861
2.42405605588755
2.203374295093
2.29811379513509
2.11009258479928
2.30619392307045
2.28035098055719
2.58568218163455
2.04454591364365
2.30643296018854
2.30891759952866
2.39089386415284
2.32966669472268
2.45690514266477
2.08733019106137
1.8920772662234
2.2946393401229
2.33670650618635
2.44012877703898
2.38737564178101
2.17198636478412
1.92720562242235
2.97849760121201
2.35025418735796
2.37986448952108
2.30134247958927
2.4172014140224
2.24914821984683
2.8676012120192
2.07042252335663
2.35708189546335
2.69682097466543
2.21894537496846
2.54475633364197
2.11334483629324
2.5205630839155
2.0560499957916
2.37683444154533
2.37808012793536
2.10021462839828
2.36667368066662
2.4675877451393
2.77185506270516
2.02889403248886
2.27678562410571
2.32489941924081
2.59966416968268
1.92971382880231
2.02936537328509
1.94432202676543
2.47129787054962
1.96438767780489
2.38831158993352
2.2230258395758
1.93157899166738
2.28260331621919
2.063375978453
2.29810706169516
2.26017086103863
1.85806666105546
2.11858681929132
2.07763403753893
1.85228263614175
1.99366467469068
2.12200067334399
2.48181550374548
1.97342058749265
2.05838649945292
2.03006565103948
2.04946469152429
2.23262099149903
2.02398872148811
2.14694470162445
1.98255449877956
2.3604115815167
2.05021210335832
2.21546755323627
2.46840585809275
2.19266475885868
2.31225738574196
2.05998232472015
2.12521589091827
1.87695396010437
2.29915747832675
2.01300984765592
2.26370255029039
2.05447100412425
2.16892601632861
1.80260331621918
2.27360407373118
2.18023819543811
2.07130797070954
2.31580590859355
1.84286592037708
2.03402154700782
2.25065651039475
2.23179277838565
1.94391128692871
2.24378840164971
1.97299638077604
2.16244844710042
1.77827539769382
2.23816934601464
1.91620991499033
1.93218163454256
1.744625031563
2.03480935948153
2.05842353337263
2.10608282131133
1.96416547428669
1.98581011699352
1.80488595236093
2.22349044693209
1.78708947058328
1.94293830485651
2.14933507280531
2.05800606009595
1.98255449877956
1.96902028448784
1.91660382122717
2.02203939062369
1.8197129871223
2.32727969026178
1.5553379345173
1.9291650534467
1.79753640265972
2.06532867603738
2.06215385910278
2.01391886204866
1.70041326487669
2.53637320090903
1.79667788906659
2.35579580843364
1.99498106220017
1.67084336335327
1.67497432876021
2.00124652807003
2.04297028869624
1.85277754397779
2.0467881491457
2.10081727127346
1.89631259994951
1.83113963471089
1.98403922228769
2.14552057907585
1.97580422523356
2.00828970625369
2.05914737816684
1.77827539769382
2.0480877030553
1.57011446847909
2.30995454928038
2.01687484218502
1.96084588839324
1.94125494486997
1.48828633953372
1.97583452571334
1.92578823331371
1.8832631933339
1.68546839491626
2.23195438094436
1.79667115562663
1.85393569564852
1.46750021042001
2.06995791600033
2.378127262015
1.62960441040318
1.88040484807678
1.89483460988134
1.46978621328171
1.67509216395928
1.38195185590439
1.86897483376822
2.14649019442808
1.86822068849423
1.63142917262857
1.64503745475972
1.70073646999413
2.01727211514182
1.56593636899251
2.20701371938389
1.55997390792021
1.89137698846901
2.01041747327668
1.82956064304352
1.75582274219343
2.06013046039897
1.80762309569903
1.65919114552648
1.92890918272875
1.9811371096709
1.67454675532363
2.10388771988892
1.55525039979801
2.04165053446681
1.85771988889826
1.82516707347867
2.1149406615605
1.69193249726456
2.06447689588418
1.7125502903796
1.53419493308644
1.7467898325057
1.62670229778638
1.74413012372696
1.40132396262942
1.72458294756333
1.61609039643128
1.57980052184161
1.42761131217912
1.43809191145527
1.616501136268
1.46628482450973
1.65410403164717
2.06227842774177
1.49498611228012
1.48992256544062
2.00718542210254
1.41020200319838
1.54023482871813
1.7026016328592
1.84390287012877
1.78408635636731
1.61793199225656
1.64962629408299
1.60776449793789
1.56422607524621
1.73654153690768
1.67424711724604
1.95427405100583
2.00484555172125
1.78189798838483
1.57053194175575
1.97989815672082
1.41482787644139
1.55045619055636
1.82366551637068
1.58654406194765
1.48907751872738
1.58130544566956
2.00424290884607
1.51051005807594
1.56943439104452
1.67302499789579
1.4014114973487
1.91909519400724
1.73387846140898
1.60989226496088
1.32629660802962
1.63271862637825
1.32875431360998
1.94811295345511
1.44429340964567
1.53064304351486
1.51647925258817
1.39995370760039
1.46975591280196
1.65738658362091
1.2723247201414
1.50487080212105
1.63115310159077
1.45736975002106
1.75243245518055
1.4915520579076
1.52508795555931
1.23686979210504
1.6031520915748
1.5093249726454
1.42827118929384
1.64901691776788
1.25073394495413
1.33522178267825
1.48815840417473
1.54393148724856
1.2786137530511
1.85702971130377
1.738376399293
1.53277417725781
1.50130544566957
1.38959431024324
1.54254439861964
1.50039979799681
1.43456022220352
1.49374715933004
1.48581853379346
1.47137530510901
1.35602811211177
1.63260752461915
1.71213618382291
1.30776618129786
1.49576719131386
1.37990825688075
1.43902785960779
1.58478326740175
1.37080801279353
1.64123306119015
1.32693628482451
1.42220435990237
1.41214796734283
1.71649271946808
1.63534803467724
1.2890741520074
1.53595236091238
1.3167384900261
1.45899250904807
1.24079875431363
1.4915520579076
1.39127093678985
1.27257385741942
1.3351881154785
1.70479673428164
1.2372266644222
1.38470583284237
1.38195185590439
1.35439188620487
1.68131386246949
1.05661897146706
1.52656257890752
1.47633448362933
1.5269867856241
1.55255702381956
1.16637740930898
1.32198720646412
1.35093089807256
1.58916337008671
1.3560887130713
1.4223154616615
1.5549372948405
1.34843279185253
1.45290547933675
1.62111017591113
1.19663748842692
1.33129955390962
1.59876188872991
1.5836756165306
1.3535401060517
1.36770726369835
1.19813567881494
1.29916421176668
1.47986953960105
1.38639592626885
1.25944701624442
1.54233229526136
1.37730241562159
1.31872822153019
1.41560895547514
1.33640013466879
1.40463008164298
1.20934012288529
1.46739247538088
1.29521841595826
1.21398282972814
1.26919703728643
1.47042252335663
1.35114636815084
1.06484050164127
1.35883258984936
1.23007238447943
1.41026260415791
1.32596330275231
1.45996885784027
1.04116572679069
1.41621833179025
1.28510478915916
1.18004292567966
1.28108492551132
1.23573184075414
1.40388266980895
1.13672333978622
1.19821984681425
1.15423028364617
1.44108492551132
1.12874758017003
1.55557360491542
1.26583705075331
1.47802457705581
1.24548186179615
1.41573689083413
1.23110260079119
1.1860491541116
1.30619392307045
1.21897904216817
1.40382880228938
1.33994865752041
0.94611648851108
1.60787896641696
1.53321858429425
1.1122136183823
1.39425721740594
1.28254608197963
1.10898493392813
1.24395673764835
1.35176921134584
1.48004460903965
1.57902617624779
1.04350896389192
1.38910950256712
1.08532699267738
1.26273630165812
1.28978116320175
1.24041494823669
1.31872822153019
1.19887299048904
1.20911791936706
1.06821058833432
1.12633027522938
1.25527901691777
1.17797239289624
1.19507196363944
1.26229526134165
1.14631512498949
1.26893779984852
1.11693712650452
1.02165558454675
1.35096793199227
1.22617035603065
1.15660718794715
1.00712145442304
1.05437336924501
1.52749516034004
1.32769716353843
1.11802794377579
1.20482198468144
1.10609292147126
1.15470499116236
0.974467637404274
0.994843026681252
1.40249558118003
0.899181045366561
1.2477240972982
1.23953623432371
1.44756249473951
1.25294587997644
1.03025418735797
1.20679824930562
1.11697079370424
1.04400387172797
1.18380018516962
1.13762898745898
1.20689251746487
1.24388266980895
1.1861636225907
1.13670313946639
1.15557360491542
1.34835535729317
1.10707263698342
1.19786970793706
1.45495244508038
0.988362090733119
1.14074320343406
1.32638414274894
1.20144853126843
0.926815082905478
1.18439272788487
1.16828633953372
1.12633027522938
1.1765651039475
1.00657267906743
1.11669808938643
1.27816597929467
1.13193923070449
1.04194343910447
0.898440366972494
0.999987374800099
1.17947058328426
1.0365129197879
1.22521420755828
1.01099318239207
1.18002945879977
1.05661897146706
0.973036781415715
0.966360575709132
1.07408888140731
0.897063378503503
1.06885363184918
1.25990489016075
0.99543220267654
1.12595320259237
1.03648261930815
1.06921050416634
1.14766854641866
1.16093342311254
0.89850433465196
1.19399461324804
1.08590943523274
1.16031057991754
0.948378924332985
1.0388864573689
1.19714922986282
1.17010100159919
1.0440510058076
1.01688157562495
1.10419072468648
0.948934433128528
1.02101927447185
1.24257301573942
1.20262014981904
0.794836293241303
1.02976937968185
1.15538506859693
1.06977274640184
1.07880565608957
1.16090312263279
0.98711977106305
1.030877030553
1.12499368740006
0.883394495412858
0.955523104115827
0.963421429172627
1.07854978537162
0.88989899840081
1.0445122464439
1.01747075162024
0.969481525124166
0.926313441629503
0.883044356535663
0.951621075667049
0.975716690514275
0.952385321100934
1.00246864742024
1.00666694722668
0.73179109502567
0.909786213281706
1.00115562663078
0.927626462418999
0.971558791347547
0.960246612238024
0.928050669135615
1.19544566955645
0.932400471340799
0.880583284235342
1.0146393401229
0.902958505176343
0.964704149482372
1.20672081474623
0.975807591953554
1.19137193838904
0.931922397104614
0.792291052941692
1.0815394327077
0.998374715933011
0.988806497769559
0.907399208820806
1.11514939819881
0.899181045366561
0.949193670566444
0.918755155289972
0.942588165979288
0.930993182392058
1.17267990909858
1.16455938052354
0.882344078781244
0.849252588165996
0.850851780153192
0.750890497432891
1.03301489773588
1.04594310243246
0.819207979126332
0.950089218079285
0.749166736806671
0.809872064641041
0.927976601296194
0.993819543809451
0.97297281373622
0.905796650113643
0.966680414106577
0.745793283393652
0.964700782762407
0.94611648851108
0.955523104115827
0.932545240299646
0.900534466795733
0.745338776197286
0.857251914822001
1.05280784445753
0.909432707684545
0.93531268411752
0.861386246948911
0.972932413096544
0.927794798417636
0.80387256964903
0.94847319249223
0.917115562663071
0.728323373453406
0.848599444491214
0.856975843784198
0.980689335914491
0.816861375305109
0.846512078107907
0.972572174059422
0.948964733608278
0.932531773419754
0.943133574614933
0.915610638835119
0.783069606935442
0.986560895547512
0.962253177341978
0.910449457116414
0.884980220520163
0.90153101590775
0.854326235165388
1.07016665263868
0.900403164716778
0.773538422691701
0.780756670313963
0.821187610470503
0.881010857671924
0.841327329349383
0.90978284656174
0.866779732345776
0.911725443986199
0.740874505513005
0.878398282972825
1.01871307129031
0.874462587324302
0.936454002188384
0.659962124400323
0.695063546839492
0.795634205874933
0.95305193165558
0.97559212187528
0.745793283393652
0.856787307465709
0.72515865667873
1.0562014981904
0.728323373453406
0.895948994192423
0.783069606935442
0.819207979126332
0.774619139803065
0.848276239373803
0.973595656931252
0.877240131302074
0.839664169682692
0.886182139550556
0.926905984344756
0.859110344247114
0.807973234576224
0.841175826950604
0.697723255618229
0.940696069354431
0.704655332042762
0.806626546586983
0.783456779732347
0.83554667115564
0.803660466290722
0.880122043599044
0.822682434138557
0.895481020116165
0.814659540442733
0.871772578065816
0.813787559969711
0.735477653396174
0.767262856661915
0.754085514687318
0.800425048396619
0.707015402743878
0.783069606935442
0.809202087366401
0.737443817860452
0.740187694638507
0.747715680498288
0.755667873074657
0.699497517044023
0.757842774177277
0.713775776449808
0.773225317734216
0.73265634205876
0.74393485396854
0.722175742782611
0.661369413349064
0.754678057402572
0.686192239710465
0.771144684790841
0.752964396936278
0.787409308980727
0.666924501304607
0.814110765087122
0.921896305024831
0.69590859355273
0.816787307465717
0.76232051174145
0.748735796650124
0.892302836461596
0.64037454759702
0.792291052941692
0.728323373453406
0.93053194175576
0.669153269926795
0.903167241814657
0.736134163790922
0.80387256964903
0.794247117246044
0.779867856241054
0.673849844289208
0.757139129702892
0.779867856241054
0.702382796060931
0.664082989647341
0.790398956316807
0.754691524282464
0.755489436916093
0.750890497432891
0.732272535981821
0.762485481020121
0.854609039643123
0.687215722582295
0.690969615352259
0.631250736470008
0.761536065987713
0.789823247201412
0.735948994192427
0.746406026428758
0.619935190640518
0.636667788906664
0.619931823920552
0.905688915074506
0.677923575456617
0.676603821227189
0.731703560306386
0.750200319838399
0.659696153522447
0.786002020031987
0.620150660718792
0.738430266812571
0.777406783940762
0.706362259069095
0.595661139634728
0.832543556939669
0.638277081053786
0.705732682434132
0.770925847992601
0.726330275229373
0.612134500462929
0.694437336924523
0.663369245013058
0.746261257469911
0.80412170692702
0.652740510058095
0.748675195690595
0.765730999074151
0.769710462082315
0.596627388266995
0.738248463934013
0.631809611985517
0.72624274051006
0.723273293493833
0.689848497601218
0.68173133574615
0.75228431950174
0.766976685464186
0.748308223213542
0.575750357714014
0.672408888140723
0.63193418062454
0.571555424627576
0.643226159414212
0.561987206464096
0.699763487921899
0.781433381028535
0.686693880986468
0.668183654574534
0.667116404343062
0.677448867940427
0.744877535560988
0.702655500378768
0.666129955390971
0.762078107903392
0.594038380607714
0.664082989647341
0.684690682602479
0.633748842690011
0.759869539601056
0.619753387761989
0.681222961030215
0.643330527733355
0.687215722582295
0.67838818281291
0.59738490026092
0.671977947984175
0.57295261341639
0.612844878377246
0.693801026849599
0.732097466543223
0.68275481861798
0.669762646241907
0.581581516707359
0.777689588418497
0.532589007659283
0.738719804730238
0.610804646073575
0.688811547849525
0.69441040316471
0.766532278427746
0.662019190303852
0.692161434222726
0.561596666947224
0.638644053530868
0.640364447437094
0.656760373705936
0.615376651796993
0.589136436326925
0.619766854641881
0.598098644895231
0.598263614173902
0.579790421681679
0.550853463513192
0.699750021042007
0.542850770137193
0.650074067839427
0.666507028027951
0.51218668462252
0.545187273798518
0.714620823163045
0.57463260668294
0.585544146115666
0.664995370760039
0.586971635384231
0.555058496759528
0.634455853884361
0.692555340459563
0.581355946469159
0.645569396515441
0.571595825267252
0.584466795724268
0.55154027438769
0.581669051426644
0.660308896557524
0.604051005807605
0.636826024745403
0.634274051005804
0.578137362174914
0.627183738742531
0.695733524114132
0.63345593805235
0.646209073310331
0.539453749684384
0.511856746065149
0.631287770389719
0.646875683865005
0.602966921976275
0.575282383637756
0.610804646073575
0.616346267149225
0.659736554162123
0.620015991919871
0.631735544146125
0.606996885784042
0.652309569901519
0.566114805151102
0.608414274892681
0.630365289117094
0.680327413517375
0.573319585893444
0.571993098224056
0.584827034761389
0.554839659961289
0.549388940324889
0.548385657772911
0.507904216816769
0.626766265465875
0.562293577981649
0.628136520494905
0.593610807171132
0.538878040568989
0.588557360491535
0.599337597845306
0.580504166315961
0.587486743540126
0.564131807086966
0.542541031899674
0.622042757343678
0.509321605925436
0.584907836040742
0.569774429761821
0.583510647251927
0.552900429256795
0.631967847824257
0.580861038633117
0.596216648430271
0.483428162612569
0.587210672502323
0.607845299217246
0.542285161181724
0.577548186179627
0.602296944701635
0.554678057402583
0.571373621749018
0.570774345593804
0.536390034508884
0.505416210756664
0.610700277754404
0.590220520158255
0.578827539769378
0.562950088376397
0.536790674185681
0.579221446006244
0.612794377577643
0.520522683275829
0.538915074488699
0.545099739079205
0.605616530595086
0.569178520326574
0.659066576887483
0.446892517464875
0.597102095783185
0.529235754566116
0.53384816092921
0.490723844794218
0.500477232556193
0.580938473192504
0.533467721572265
0.566895884184845
0.501164043430691
0.537012877703916
0.555287433717695
0.538554835451578
0.585931318912543
0.464308559885552
0.500339197037306
0.57635636730916
0.538187862974496
0.48698005218418
0.598930224728576
0.613100749095196
0.502581432539358
0.495366551637062
0.571767527985855
0.523822068849427
0.571070616951431
0.578740005050093
0.574612406363116
0.551880313104959
0.475933843952532
0.589550542883615
0.542645400218845
0.548941166568483
0.557536402659707
0.51788654153691
0.577218247622255
0.548207221614348
0.478266980893864
0.538925174648597
0.561081558791358
0.570629576634957
0.591095867351243
0.492575540779399
0.447205622422359
0.550429256796576
0.519758437841944
0.528043935695649
0.542541031899674
0.55154027438769
0.419982324720138
0.531797828465614
0.491366888309074
0.520307213197555
0.523822068849427
0.533548522851618
0.475179698678573
0.543847319249238
0.560694385994452
0.446885784024914
0.469271105125841
0.52875094689
0.561461998148303
0.478189546334477
0.500541200235688
0.447676963218584
0.483583031731342
0.545870717953051
0.441084925511319
0.570336671997325
0.497416884100659
0.512590691019284
0.517906741856763
0.472479589260161
0.566431276828553
0.482323878461415
0.507904216816769
0.526293241309673
0.473371770053035
0.505544146115653
0.480152344078789
0.556378250988985
0.589904048480776
0.590075751199407
0.485172123558641
0.430109418399127
0.467234239542137
0.493814493729502
0.471701876946383
0.55063799343489
0.56527312515783
0.460595067755236
0.470580759195371
0.432752293577977
0.567188788822506
0.489808096961553
0.497315882501482
0.51763740425892
0.421160676710713
0.48242488006062
0.475395168756847
0.417373116741032
0.492831411497349
0.465938052352499
0.42567881491459
0.552075582863409
0.614646073562852
0.486461577308319
0.458911707768721
0.482633616698934
0.447313357461496
0.453090648935273
0.519472266644243
0.481916505344685
0.440973823752216
0.436098813231212
0.488798080969616
0.440973823752216
0.478738321690088
0.465958252672351
0.493814493729502
0.447239289622104
0.443798501809624
0.469523609123826
0.501823920545405
0.455656089554765
0.417130712902974
0.489515192323893
0.439970541200239
0.443259826613939
0.475388435316887
0.451434222708542
0.445532362595742
0.463456779732354
0.472674859018611
0.452801111017607
0.426853800185171
0.529441124484492
0.475455769716348
0.466840333305271
0.494016496927884
0.457420250820633
0.402599949499205
0.418160929214707
0.473705075330372
0.408545576971648
0.478327581853392
0.524633448362948
0.479677636562599
0.50632185842943
0.427742614258079
0.419790421681682
0.417534719299738
0.416959010184343
0.465224307718216
0.404189041326504
0.431446006228441
0.488666778890661
0.410447773756431
0.46668209746656
0.411868529585064
0.473499705411996
0.379376315125
0.47171197710631
0.434634290042936
0.474880060600981
0.443189125494484
0.465938052352499
0.459709620402322
0.393550206211614
0.443798501809624
0.485522262435836
0.428537160171715
0.518115478495076
0.469213870886307
0.466671997306634
0.422291894621679
0.45209073310329
0.446101338271205
0.461918188704658
0.462672333978617
0.420850938473194
0.466099654911204
0.39661055466712
0.432149650702797
0.488811547849508
0.413683191650534
0.467234239542137
0.435209999158332
0.471812978705515
0.463638582610912
0.424830401481358
0.446720814746243
0.407990068176076
0.420941839912473
0.419009342647939
0.360303846477564
0.509520242403852
0.439697836882431
0.426941334904484
0.449956232640346
0.38519737395842
0.410707011194347
0.4621875263025
0.448532110091747
0.369835030721333
0.445980136352176
0.419844289201251
0.422140392222872
0.460783604073725
0.398718121370251
0.440761720393908
0.410346772157226
0.412585640939312
0.455184748758541
0.400236512078124
0.387459809780324
0.439930140560563
0.413292652133663
0.43870465449038
0.350196953118427
0.443448362932429
0.396051679151583
0.428611228011107
0.393449204612409
0.376928709704572
0.420127093678985
0.393115899335072
0.454673007322612
0.363653732850764
0.360489016076087
0.46317397525462
0.314516454843869
0.437974076256211
0.559808938641538
0.398546418651648
0.447087787223296
0.344904469320767
0.453575456611389
0.413784193249739
0.456632438346958
0.402381112700965
0.429860281121137
0.393866677889065
0.394237017086112
0.417346182981248
0.449595993603253
0.439950340880415
0.401613500547086
0.368825014729396
0.393900345088809
0.381066408551476
0.436748590186028
0.382503997979967
0.390341722077267
0.350607692955151
0.401522599107835
0.422692534298477
0.36073478663414
0.373302752293597
0.389011867687913
0.36465028196281
0.397755239457979
0.403067923575463
0.379096877367232
0.432264119181895
0.402347445501221
0.42589091827287
0.383689083410502
0.292245602222039
0.330461240636311
0.409282888645748
0.345863984513102
0.400829054793377
0.407508627219926
0.317799006817609
0.425167073478661
0.40209157478327
0.415736890834125
0.415026512919809
0.357617203939071
0.392950930056401
0.332807844457534
0.494673007322632
0.436028112111785
0.378305698173563
0.381150576550795
0.368030468815761
0.446545745307645
0.356610554667128
0.417494318660061
0.324209241646344
0.453561989731497
0.410639676794887
0.38322447605421
0.405815167073484
0.418107061695139
0.35184327918526
0.475156131638755
0.309085935527321
0.367434559380541
0.371030216311766
0.312526723339801
0.358654153690765
0.38654406194766
0.364088039727307
0.341153943270768
0.319610302163113
0.347661812978714
0.325374126757026
0.345863984513102
0.262002356703988
0.368787980809714
0.368838481609288
0.321179193670588
0.357192997222455
0.36073478663414
0.350607692955151
0.410999915832008
0.377490951940075
0.334332968605338
0.371969531184249
0.45227926942178
0.453639424290884
0.35024072047807
0.319623769043005
0.391442639508455
0.292976180456208
0.324391044524873
0.373302752293597
0.363290127093677
0.341315545829474
0.354782425721737
0.337501052100009
0.338490867772094
0.35133153774936
0.303413012372715
0.31532783435739
0.364316976685473
0.353799343489612
0.378938641528492
0.362953455096374
0.356947226664431
0.38500883763993
0.361391297028888
0.325471761636237
0.381153943270789
0.339335914485332
0.370397272956836
0.435741940914085
0.292265802541891
0.341682518306555
0.317799006817609
0.313142833094872
0.347917683696664
0.314880060600956
0.328606177931164
0.314762225401921
0.343581348371345
0.313859944449121
0.305136772998907
0.376188031310505
0.295457453076352
0.326683780826528
0.321101759111201
0.360334146957342
0.286912717784702
0.343052773335586
0.345530679235765
0.343197542294433
0.370144768958852
0.336719973066238
0.349489941924077
0.360189377998495
0.261221277670245
0.321105125831167
0.320940156552496
0.322387846140913
0.352371854221019
0.282754818617974
0.325256291557963
0.317799006817609
0.287636562578911
0.343561148051521
0.340820637993431
0.348890665768891
0.333807760289545
0.341689251746487
0.361125326151011
0.318428583452572
0.307991751536065
0.332073899503428
0.269516875683877
0.328404174732782
0.339548017843612
0.309324972645413
0.35818281289454
0.293386920292903
0.358765255449896
0.285215890918266
0.307597845299227
0.327798165137608
0.311920713744655
0.312378587660987
0.288006901775958
0.257787223297697
0.281054625031572
0.304436495244516
0.331360154869117
0.292753976937973
0.281290295429699
0.30596161939232
0.310308054877538
0.308469825772249
0.270944364952442
0.266281457789745
0.320660718794727
0.324751283561994
0.357277165221802
0.337029711303757
0.296844541705241
0.297100412423191
0.331403922228787
0.291814662065491
0.266348792189206
0.323869202929046
0.363330527733353
0.280593384395274
0.276852958505174
0.277250231462006
0.317772073057824
0.278371349213046
0.336794040905659
0.285727632354195
0.312792694217677
0.305459978116318
0.29936621496509
0.322061274303508
0.309388940324908
0.347022136183824
0.335962461072313
0.30767864657858
0.267301573941609
0.289370423365057
0.333302752293577
0.263116741015068
0.297773756417826
0.348355357293173
0.285454928036359
0.316984260584121
0.255383385236939
0.313166400134662
0.309388940324908
0.277536402659706
0.310395589596851
0.256841174985283
0.266806666105566
0.323145358134838
0.26440956148474
0.277361333221108
0.296595404427251
0.294009763487935
0.29301321437589
0.278846056729236
0.331760794545914
0.277630670818951
0.299830822321354
0.294349802205204
0.300275229357794
0.313681508290557
0.303413012372715
0.262335661981325
0.282647083578837
0.308651628650807
0.225204107398383
0.242498947900003
0.293120949415027
0.276677889066576
0.30589428499286
0.268341890413268
0.306251157309987
0.26660129618719
0.284653648682792
0.312163117582713
0.293740425890093
0.286135005470925
0.265082905479346
0.265291642117688
0.254151165726796
0.250457873916332
0.302948405016423
0.255868192913056
0.272954296776362
0.252669808938663
0.246427910108594
0.297729989058155
0.358307381533535
0.330579075835374
0.25111438431108
0.263918020368664
0.248171871054637
0.264921302920641
0.274957495160351
0.263473613332224
0.289198720646425
0.252164800942694
0.265500378756002
0.237698005218419
0.23773503913813
0.263116741015068
0.286916084504668
0.246569312347447
0.257945459136437
0.292333136941352
0.255922060432624
0.276560053867513
0.263476980052189
0.260251662317984
0.263106640855142
0.28059001767528
0.282869287097043
0.29256880733945
0.22004292567965
0.298935274808514
0.23728389866173
0.234496254524032
0.275991078192078
0.258255197373956
0.277815840417475
0.240216311758275
0.248387341132911
0.286687147546502
0.246135005470933
0.274317818365461
0.258133995454926
0.286475044188194
0.265183907078523
0.268789664169702
0.242761552057914
0.274364952445097
0.270957831832334
0.246596246107231
0.273600707011212
0.248811547849527
0.215693123474466
0.269533709283735
0.254356535645144
0.242556182139566
0.277883174816935
0.275533204275746
0.266365625789092
0.223345677973242
0.250501641276003
0.23728389866173
0.236250315630002
0.226523861627811
0.231843279185256
0.247734197458129
0.266533961787729
0.266082821311358
0.2530637151755
0.248764413769891
0.27504839659963
0.258302331453592
0.232092416463274
0.285875768033009
0.228803131049574
0.260349297197223
0.253605757091151
0.236216648430286
0.234954128440364
0.20822910529418
0.251296187189638
0.23814914569482
0.24914821984683
0.234496254524032
0.283869202929054
0.223248043094031
0.288330106893369
0.264611564683122
0.229166736806661
0.223379345172987
0.251010015991938
0.282182476222545
0.240714586314283
0.249818197121471
0.227476643380186
0.22727800690177
0.253582190051361
0.230479757596157
0.244805151081579
0.237526302499788
0.247454759700361
0.273139466374886
0.243626799091004
0.219935190640513
0.300157394158759
0.266247790590029
0.224025755407808
0.229486575204106
0.268527060011792
0.240445248716441
0.236953960104387
0.219578318323386
0.216612238027096
0.22483040148137
0.237610470499135
0.224429761804572
0.215824425553421
0.218386499452919
0.244815251241477
0.24040821479673
0.221739752546085
0.217447184580436
0.209454591364363
0.245673764834606
0.223884353168927
0.230260920797917
0.239441966164463
0.188442892012461
0.278694554330457
0.239186095446513
0.213659624610727
0.243997138288023
0.236563420587487
0.228314956653492
0.220659035434721
0.239041326487666
0.219157478326736
0.254635973402912
0.26134584630924
0.250909014392732
0.206071037791446
0.224082989647343
0.239869539601045
0.206367309149073
0.270961198552328
0.225675448194608
0.191186768790516
0.269722245602225
0.244613248043095
0.226274724349821
0.227476643380186
0.213750526050006
0.203845635889252
0.228712229610323
0.221581516707346
0.256480935948161
0.260571500715429
0.209326656005402
0.191802878545587
0.233917178688671
0.227628145778993
0.246387509468917
0.224574530763419
0.231213702550292
0.231415705748674
0.218958841848348
0.223140308054894
0.196119013551055
0.225446511236441
0.210154869118782
0.220009258479934
0.222325561821407
0.251956064304352
0.210478074236192
0.219484050164141
0.217447184580436
0.220659035434721
0.205286592037709
0.197836040737315
0.203397862132817
0.20739415874084
0.248606177931151
0.227742614258062
0.180369497517063
0.19847908425217
0.163256459893944
0.232122716943024
0.248949583368415
0.211720393906234
0.231429172628566
0.216810874505512
0.279334231125347
0.203461829812312
0.235007995959933
0.205838734113286
0.212235502062128
0.209902365120797
0.198236680414112
0.229442807844464
0.20087282215303
0.251616025587083
0.241088292231296
0.19124400303005
0.211198552310407
0.214077097887383
0.230254187357986
0.215255449877958
0.248912549448704
0.216053362511587
0.211962797744292
0.214245433886049
0.181800353505594
0.173157983334733
0.205438094436516
0.188863732009111
0.187348708021204
0.208158404174753
0.212046965743639
0.20322279269422
0.210515108155874
0.198236680414112
0.225574446595402
0.207629829138966
0.204138540526912
0.191964481104293
0.202677384058575
0.188708862890337
0.200953623432383
0.214925511320615
0.20255954885954
0.219157478326736
0.196176247790589
0.180234828718142
0.179507617203939
0.225113205959104
0.196425385068608
0.211898830064825
0.177073478663431
0.1907625620739
0.23095109839241
0.199175995286595
0.194661223802711
0.198883090648934
0.190314788317494
0.233378503492986
0.184379261004977
0.248192071374461
0.204266475885873
0.203953370928389
0.216618971467057
0.222423196700618
0.190675027354615
0.182365962461091
0.238054877535575
0.20087282215303
0.218605336251159
0.195371601717028
0.1857023819544
0.191940914064475
0.16345509637236
0.18385068596919
0.190314788317494
0.204653648682779
0.205444827876448
0.198701287770405
0.190237353758107
0.199617035603069
0.187756081137962
0.181275145189801
0.1907625620739
0.174811042841526
0.17920461240638
0.209134752966918
0.172137867182897
0.191466206548284
0.191897146704832
0.170861880313112
0.193839744129292
0.215036613079718
0.189920882080628
0.190217153438283
0.199674269842603
0.195513003955909
0.182174059422607
0.184507196363938
0.191614342227098
0.18857082737145
0.207767864657853
0.165064388519482
0.175592121875269
0.201253261509976
0.228210588334321
0.202051174143605
0.185187273798505
0.161192660550455
0.206626546586989
0.21654827034763
0.220544566955653
0.168808181129549
0.180487332716098
0.198640686810876
0.199310664085516
0.167724097298219
0.187823415537423
0.171754061105986
0.174171366046636
0.174632606682934
0.19408214796735
0.179945290800447
0.176901775944799
0.19296103021631
0.183817018769474
0.170380439356961
0.184517296523865
0.182456863900342
0.18072636983419
0.151294503829661
0.189358639845125
0.178773672249804
0.176312599949512
0.185480178436165
0.180164127598687
0.18022136183825
0.171387088628904
0.175339617877285
0.209111185927128
0.163606598771167
0.174464270684297
0.168872148809044
0.17458210588336
0.184123390287027
0.179524450803825
0.19994697416044
0.183833852369332
0.166959851864334
0.162556182139554
0.213861627809109
0.163256459893944
0.164401144684803
0.178898240888827
0.213908761888746
0.157691271778475
0.179750021041997
0.166242740510057
0.183446679572427
0.164088039727289
0.176824341385412
0.1993375978453
0.166855483545163
0.17282131133743
0.179743287602065
0.161320595909444
0.157118929383046
0.20306455685548
0.186513761467893
0.179955390960373
0.172585640939332
0.197256964901953
0.164805151081566
0.171090817271278
0.177561653059513
0.177793956737645
0.183591448531274
0.154667957242651
0.163825435569407
0.167037286423721
0.171084083831346
0.162556182139554
0.156788990825703
0.189850180961201
0.146533961787725
0.170639676794877
0.16193333894455
0.173299385573614
0.150664927194697
0.161522599107826
0.16345509637236
0.176278932749767
0.182729568218178
0.165158656678727
0.155954044272363
0.169239121286097
0.171114384311096
0.163135257974915
0.166623179867031
0.183722750610229
0.167882333136959
0.158182812894552
0.157522935779838
0.180578234155377
0.18203602390372
0.154516454843872
0.161909771904732
0.154391886204877
0.184587997643291
0.171690093426491
0.175740257554082
0.141850854305204
0.179507617203939
0.153859944449124
0.18748001010016
0.168033835535738
0.179450382964404
0.140719636394238
0.157691271778475
0.18901523440789
0.193593973571268
0.159310664085524
0.163286760373722
0.166757848665952
0.1750871138793
0.169518559043865
0.161556266307571
0.155954044272363
0.168744213450054
0.150129618718978
0.16017927783858
0.158684454170526
0.161344162949263
0.162835619897322
0.156290716269694
0.162030973823761
0.148695396010453
0.168579244171383
0.171797828465628
0.162131975422938
0.163471929972218
0.138706337850351
0.155216732598262
0.140160760878729
0.167959767696317
0.160078276239375
0.167054120023579
0.153311169093513
0.182860870297134
0.172043599023652
0.166145105630847
0.151486406868116
0.168225738574193
0.140901439272795
0.154792525881675
0.163172291894625
0.148506859691963
0.155492803636065
0.179285413685733
0.189813147041491
0.14188452150492
0.173386920292899
0.138430266812577
0.142827203097397
0.163956737648363
0.169508458883939
0.146621496507038
0.148594394411248
0.144369160845059
0.172380271020955
0.157351233061206
0.159122127767034
0.155752041073981
0.170090901439266
0.148836798249306
0.142638666778907
0.153627640770992
0.141820553825454
0.129939399040495
0.170602642875195
0.144369160845059
0.146682097466538
0.135114047639092
0.149200404006393
0.147362174901104
0.134447437084418
0.166959851864334
0.143843952529267
0.154462587324304
0.157859607777141
0.158341048733291
0.130377072637003
0.148409224812724
0.140648935274811
0.1612869287097
0.182908004376742
0.130084167999343
0.157246864742035
0.149372106725025
0.145554246275566
0.152449288780417
0.162727884858185
0.151294503829661
0.157118929383046
0.130430940156572
0.164747916842032
0.127522094099817
0.144860701961107
0.167754397777969
0.146126588670995
0.136642538506862
0.134585472603334
0.166333641949336
0.172811211177532
0.143312010773514
0.170016833599874
0.133787559969704
0.15823668041412
0.145820217153442
0.136827708105386
0.160270179277859
0.138457200572361
0.143099907415206
0.141534382627725
0.14975927952193
0.14815672081474
0.126761215385926
0.167357124821137
0.134679740762579
0.13678730746571
0.14729820722161
0.142756501977942
0.117613837219096
0.137339449541287
0.13936958168506
0.136827708105386
0.145497012036031
0.142978705496176
0.130377072637003
0.149900681760812
0.146140055550887
0.13876020536992
0.14054456695564
0.144557697163549
0.142399629660815
0.122966921976285
0.156681255786566
0.130377072637003
0.136063462671501
0.145567713155458
0.146005386751966
0.139965491120279
0.132023398703808
0.131222119350241
0.153152933254773
0.131956064304347
0.146234323710132
0.130410739836719
0.156883258984948
0.13468647420251
0.129939399040495
0.147150071542796
0.133774093089812
0.152264119181893
0.151833179025346
0.137982493056143
0.169165053446676
0.12005807591953
0.150685127514521
0.131905563504773
0.157704738658367
0.138938641528512
0.121680834946574
0.144564430603481
0.123559464691539
0.123539264371686
0.141897988384812
0.144901102600812
0.14864489521085
0.141012541031898
0.138309064893548
0.123569564851437
0.125175490278593
0.131905563504773
0.13468647420251
0.122744718458051
0.134945711640455
0.157516202339878
0.145170440198655
0.126161939230713
0.131737227506108
0.121832337345353
0.135518054035856
0.119142328086866
0.130195269758445
0.13376735964988
0.137746822658045
0.138430266812577
0.135380018516969
0.147372275061031
0.12413180708694
0.135171281878627
0.127589428499306
0.124933086440535
0.123293493813662
0.138878040568983
0.122781752377762
0.147554077939589
0.130282804477758
0.127175321942616
0.129181887046542
0.133514855651896
0.126858850265137
0.136810874505528
0.151947647504414
0.1507760289538
0.117613837219096
0.119125494487008
0.136258732429951
0.13924837976603
0.131134584630928
0.13678730746571
0.13309064893528
0.130801279353591
0.118102011615179
0.122630249978954
0.122781752377762
0.12327329349381
0.11541200235672
0.128734113290136
0.133400387172799
0.125906068512762
0.127198888982406
0.126771315545824
0.132578907499379
0.123916337008666
0.125835367393336
0.112496422860033
0.146527228347793
0.136137530510894
0.11499116236007
0.130060600959524
0.113782509889745
0.14991078192071
0.110223886878202
0.111924080464604
0.141786886625709
0.125586230115317
0.126973318744234
0.12633700866931
0.133444154532441
0.122717784698267
0.137198047302434
0.1245896810033
0.131440956148481
0.119657436242761
0.121832337345353
0.119987374800104
0.141982156384159
0.124633448362943
0.118287181213702
0.122556182139562
0.118209746654316
0.122142075582872
0.129323289285423
0.119179362006577
0.126411076508731
0.113513172291903
0.123889403248882
0.127589428499306
0.122943354936467
0.120078276239383
0.114883427320933
0.119980641360172
0.131797828465636
0.122047807423627
0.113523272451829
0.118465617372294
0.124710882922329
0.124084673007332
0.115728474034171
0.12873074657017
0.134349802205207
0.0992955138456466
0.114112448447116
0.112031815503741
0.121650534466795
0.118176079454599
0.126458210588339
0.11760373705917
0.12806076929553
0.124189041326503
0.116209914990321
0.112594057739244
0.118872990489024
0.120677552394596
0.111304603989566
0.122438346940498
0.107715680498274
0.133575456611396
0.121929972224564
0.116132480430934
0.0978680245770533
0.133218584294269
0.121674101506613
0.133659624610743
0.131565524787476
0.107190472182481
0.11518643211852
0.120936789832513
0.117832674017336
0.117751872737983
0.121626967427005
0.113681508290568
0.128070869455428
0.128037202255712
0.119909940240717
0.116886625704922
0.109163370086691
0.121738069186108
0.120566450635465
0.112267485901867
0.119714670482296
0.125663664674704
0.101544482787659
0.101059675111543
0.120162444238701
0.105362343237118
0.116964060264309
0.112280952781759
0.113583873411329
0.104867435401076
0.108422691692624
0.0992248127262201
0.126266307549884
0.110964565272297
0.106308391549533
0.109442807844459
0.108082652975355
0.125054288359564
0.105948152512411
0.113523272451829
0.117533035939744
0.118233313694134
0.118388182812907
0.127121454423047
0.111129534550969
0.118475717532192
0.112614258059097
0.111664843026688
0.108072552815429
0.13223886878211
0.105769716353848
0.11145273966838
0.129831664001358
0.122886120696904
0.104823668041405
0.114762225401904
0.1079513508964
0.117368066661072
0.118994192408053
0.113684875010534
0.112594057739244
0.0978680245770533
0.12461324804309
0.106092921471259
0.114715091322296
0.117031394663769
0.121724602306216
0.107735880818126
0.114014813567877
0.116226748590179
0.104396094604851
0.11473529164212
0.100322363437442
0.113513172291903
0.102547765339637
0.114795892601649
0.102897904216832
0.117862974497115
0.115055130039565
0.101157309990754
0.107399208820823
0.0970364447437078
0.108136520494924
0.113684875010534
0.104901102600792
0.111321437589424
0.12261004965913
0.123926437168592
0.105614847235103
0.102258227421942
0.120320680077441
0.113459304772334
0.104382627724959
0.110008416799928
0.103796818449638
0.105109839239134
0.11127093678985
0.100904805992769
0.102332295261363
0.110944364952445
0.108564093931506
0.105796650113632
0.0976660213786715
0.10100917431194
0.12148893190809
0.105736049154132
0.100824004713417
0.119505933843953
0.101106809191151
0.105362343237118
0.117825940577404
0.088114636815078
0.114661223802727
0.122687484218517
0.100315629997482
0.100285329517732
0.10641612658867
0.108466459052266
0.11194091406449
0.125219257638264
0.118058244255536
0.0973192492214423
0.102881070616945
0.105675448194603
0.0957907583536723
0.102365962461079
0.101544482787659
0.098679404090575
0.0872392896220902
0.0924509721403979
0.0978680245770533
0.10734870802122
0.0969758437842074
0.101372780069028
0.0955517212355801
0.104086356367304
0.0874345593805401
0.10402912212777
0.111462839828306
0.0980498274556112
0.109718878882262
0.111506607187948
0.100685969194529
0.100463765676295
0.114755491961972
0.100460398956329
0.103874253009025
0.0996254524030178
0.0977400892180924
0.108830064809354
0.122562915579493
0.102207726622339
0.0947403417220869
0.101544482787659
0.102234660382123
0.102335661981328
0.0978107903375189
0.102594899419245
0.0963328002693515
0.104221025166225
0.0968613753051102
0.106597929467227
0.105325309317408
0.097827623937377
0.116381617708953
0.104177257806583
0.100824004713417
0.124811884521506
0.0834315293325574
0.106308391549533
0.0895825267233477
0.0918483292652184
0.0861686726706523
0.0970936789832706
0.103352411413198
0.0893805235249658
0.0907204780742461
0.0971307129029526
0.104382627724959
0.115354768117157
0.0942622674859024
0.113415537412692
0.0879362006565145
0.0978175237774792
0.0905353084757223
0.0964607356283125
0.105476811716187
0.0944642706842842
0.10473613332212
0.100005891759963
0.109311505765504
0.0964674690682727
0.0962957663496411
0.0979925932160768
0.0988814072889568
0.101918188704673
0.0902323036781354
0.0989824088881619
0.103817018769462
0.0969253429846049
0.100288696237698
0.113708442050353
0.0903265718374087
0.0893199225654371
0.100103526639174
0.0985279016917957
0.0998644895210816
0.103052773335577
0.0930536150155774
0.0877308307381668
0.102379429340971
0.0982821311337432
0.0830780237353963
0.101857587745144
0.0972754818618
0.102190893022481
0.0900134668798955
0.0881281036949702
0.0940232303678101
0.100824004713417
0.0854650281962961
0.0816875683865135
0.0964843026681308
0.0887509468900021
0.0946427068428761
0.0956695564346433
0.0941141318070891
0.0851889571584934
0.100574867435398
0.0824248800606142
0.0919021967847868
0.098928541368565
0.0947908425216895
0.083266560053886
0.0988410066492804
0.0900740678394243
0.0949995791600031
0.0969287097045708
0.0914241225486023
0.0936192239710465
0.0895757932833874
0.105342142917266
0.0848219846814402
0.0899225654406166
0.0886735123306153
0.0908618803130992
0.092124400303021
0.092676542378598
0.0863067081895394
0.0924779059001821
0.103891086608883
0.0769371265045038
0.0984336335325509
0.0874345593805401
0.0941982998064077
0.106931234744565
0.0770919956232774
0.10100244087198
0.0892492214460106
0.0851687568386694
0.0952116825183111
0.0959927615520542
0.0935316892517619
0.095642622674859
0.088417641612665
0.094629239962984
0.0800244087198223
0.0954574530763352
0.100137193838918
0.0872392896220902
0.089090985607271
0.0804991162360125
0.085596330275223
0.0868049827455764
0.0790110260079189
0.0925418735796768
0.0808593552731338
0.0851350896389249
0.0883503072132044
0.0914342227085285
0.0916092921471261
0.0845088797239271
0.0765129197879162
0.0839028701287816
0.0893131891255052
0.085131722918959
0.0930300479757591
0.0870810537833506
0.0877375641780986
0.0894074572847501
0.0842866762057213
0.0846469152428426
0.0845425469236716
0.0903804393569771
0.0812162275902892
0.0908955475128437
0.0820747411834191
0.0861956064304366
0.0892189209662604
0.0863033414695735
0.0904780742361879
0.0898282972813718
0.0930670818954695
0.0887677804898601
0.0839331706085318
0.0867140813062974
0.0832295261341756
0.0934879218920912
0.083162191734715
0.0921176668630608
0.0851451897988511
0.0803711808770515
0.0927539769379848
0.0899730662402192
0.0878587660971277
0.0928280447773773
0.0799537076003674
0.0924543388603638
0.0862191734702549
0.0838759363689974
0.0858724013130256
0.0805024829559784
0.0892626883259027
0.0778831748169466
0.0739272788486005
0.0855491961956147
0.0796035687231722
0.0816438010268428
0.0812869287097158
0.0819973066240323
0.0864615773083131
0.0892088208063342
0.0828861206969123
0.0877745980978091
0.0811657267906867
0.0879227337766224
0.0807785539937811
0.0885321100917622
0.0777047386583831
0.0721260836629938
0.101261678309925
0.0833507280532046
0.0914173891086705
0.087882333136946
0.0807347866341388
0.0869665853042818
0.0909696153522361
0.0848085178015481
0.0864784109081711
0.0783511488932049
0.0809839239121288
0.0855828633953308
0.0857747664338149
0.0875187273798588
0.0754254692365919
0.082610049659138
0.0910167494318728
0.0835762982914048
0.0818626378251111
0.0823878461409038
0.0739912465280668
0.0937976601296384
0.0795396010436775
0.0752436663580625
0.089962966080293
0.0851350896389249
0.0826807507785645
0.0812801952697555
0.0872392896220902
0.0867275481861896
0.0877308307381668
0.0782669808938579
0.0758496759532079
0.0737050753303663
0.0833406278932785
0.0816067671071607
0.0762099149903293
0.0812566282299656
0.0801287770389649
0.0816404343068768
0.0821791095025617
0.0806236848750075
0.0788022893695768
0.0834887635720918
0.0732236343742159
0.0810445248716576
0.076290716269682
0.0810546250315838
0.0803711808770515
0.0819670061442821
0.0821050416631692
0.0814316976685632
0.0690287012877775
0.0781929130544654
0.0778394074573043
0.0821656426226696
0.0739777796481746
0.0787888224896847
0.0808425216732758
0.0819838397441401
0.0741629492466984
0.0800412423196804
0.0725401902196836
0.0812869287097158
0.0794655332042851
0.0865996128272002
0.08042504839662
0.074994529080044
0.0759001767528105
0.0742201834862328
0.0882089049743229
0.0822666442218747
0.083815335409497
0.077603737059178
0.0739407457284926
0.0855996969952173
0.0759035434727764
0.0819939399040663
0.0814485312684212
0.0878688662570539
0.0790817271273454
0.076290716269682
0.0734424711724557
0.0772199309822383
0.0742605841259092
0.0697929467216625
0.0830207894958335
0.0759001767528105
0.0795631680834958
0.0739407457284926
0.0840375389277028
0.0724762225401889
0.0717927783856567
0.0789739920882084
0.0675675448194681
0.0871887888224876
0.0744188199646487
0.0743481188452222
0.0769371265045038
0.0751359313189255
0.0796944701624511
0.0715032404679903
0.0812667283898634
0.0769808938641461
0.0823003114215908
0.0747925258816622
0.0692441713660514
0.0838793030889633
0.0821319754229535
0.0700892180792891
0.0728330948573443
0.075866509553066
0.0769876273041064
0.0803274135173808
0.0725637572595019
0.0762839828297217
0.0792466964060452
0.0803341469573411
0.0696077771231387
0.0782467805740339
0.0731765002946076
0.0777384058580992
0.0768529585051851
0.0780212103358338
0.0781996464943973
0.0757823415537473
0.0722102516623124
0.0765398535477004
0.0802432455180622
0.0777047386583831
0.070944364952453
0.0713753051090009
0.0703854894369158
0.0730182644558681
0.0805058496759727
0.0731461998148291
0.0753480346772335
0.0752874337177047
0.0743481188452222
0.0721866846225225
0.0725637572595019
0.0700892180792891
0.0738296439693613
0.0668403333052936
0.0707187947142529
0.0721395505428859
0.0749002609207992
0.0746612238027069
0.0752234660382101
0.0717220772662301
0.0740080801279532
0.0776980052184229
0.0724122548607227
0.0734290042925636
0.0743346519653301
0.0722674859018753
0.0695976769632125
0.0745736890834223
0.0750517633196068
0.0701161518390734
0.0747083578823435
0.0787248548102184
0.0745130881238936
0.0646620654827075
0.0776071037791439
0.0659313189125612
0.0838119686895027
0.0670591701035335
0.0695202424038541
0.0673689083410522
0.0769438599444641
0.0696077771231387
0.0740552142075614
0.0748430266812647
0.0712810369497561
0.0742875178856934
0.0709813988721635
0.0808627219930997
0.0757688746738552
0.073785876609719
0.0688064977695433
0.0736478410908319
0.0697323457621621
0.0734559380523478
0.0714561063883536
0.0728061610975601
0.0753009005975969
0.0757890749937076
0.0669009342647939
0.0755163706758708
0.0645947310832469
0.0656350475549345
0.0680052184159763
0.065372443397024
0.0699242488006178
0.0749271946805834
0.0759405773924868
0.0678772830569869
0.0611707768706538
0.0686516286507981
0.0770212945038509
0.0752975338776309
0.0658606177931347
0.0744827876441434
0.0719375473445041
0.0660356872317323
0.0725368234997177
0.0742942513256537
0.0752672333978808
0.0685203265718428
0.0718264455854012
0.0698165137614808
0.0704662907162685
0.0687324299301508
0.0732977022136367
0.0696885784024914
0.0745467553236381
0.0680287854557662
0.0774724349802227
0.0650492382796131
0.0751359313189255
0.0685001262520188
0.0666214965070253
0.0722809527817674
0.0671029374631757
0.0714224391886376
0.0672679067418755
0.0615175490278546
0.0699377156805099
0.069314872485478
0.0627666021378843
0.072577224139394
0.0684361585725242
0.0700016833600046
0.0713450046292508
0.0679176836966633
0.0689782004881749
0.0740754145274138
0.0684933928120586
0.068318323373461
0.0704595572763367
0.0700925847992551
0.0658202171534583
0.0708298964733558
0.0682610891339266
0.0668874673849018
0.0742807844457616
0.060773503913822
0.0656788149145768
0.0652748085178132
0.0678402491372765
0.0674227758606207
0.0607230031142194
0.062547765339616
0.0691465364868407
0.0676012120191842
0.0586895042504807
0.0734593047723422
0.0706245265550081
0.0662881912296882
0.0719341806245382
0.071176668630585
0.0700824846393573
0.0711127009511188
0.0670154027438912
0.0673285077013759
0.0666989310664121
0.0610832421513408
0.0683957579328478
0.0682173217742559
0.0649213029206237
0.0660996549111985
0.0646923659624576
0.0710419998316638
0.0679008500968052
0.062867603737061
0.0724088881407283
0.0764422186684612
0.0656451477148323
0.0703248884774155
0.0598409224812713
0.0665171281878827
0.0640728894874201
0.0653219425974214
0.058036360575727
0.0643489605252228
0.0622144600622789
0.0660356872317323
0.067766181297884
0.0716446427068433
0.0581777628145801
0.0627396683781001
0.0702272535981763
0.0631638750946877
0.0574774850601898
0.0657629829138955
0.0663959262688536
0.0696077771231387
0.0621706927026366
0.0678200488174525
0.0671871054625228
0.0633894453328878
0.0695875768033147
0.0607600370339298
0.0675675448194681
0.0617027186263783
0.0669514350643965
0.0627026344583896
0.0639112869287146
0.0671029374631757
0.062106725023142
0.0671500715428124
0.0693249726454042
0.0647428667620602
0.0625275650197921
0.0686819291305483
0.0622380271020972
0.0688300648093616
0.0609081727127432
0.069846814241231
0.0694394411245014
0.0579420924164822
0.0694057739247569
0.0685472603316271
0.071392138708859
0.0666080296271332
0.0598038885615892
0.0641132901270964
0.063291810453677
0.0676180456190707
0.0593190808854445
0.0598038885615892
0.061658951266736
0.0613963471088255
0.066453160508388
0.0674766433801892
0.0599351906405161
0.0594470162444338
0.060665768874685
0.064396094604831
0.0591743119266255
0.0679715512162318
0.0658774513929927
0.068301489773603
0.0598543893611634
0.0579622927363062
0.0627026344583896
0.0629652386162718
0.0624433970204734
0.069543809443644
0.0599351906405161
0.0610462082316303
0.0617330191061569
0.0603863311169164
0.0599419240804764
0.0610361080717325
0.0587635720899016
0.0585312684117696
0.065264708357887
0.0609283730325672
0.0628844373369191
0.0569253429846128
0.0634870802120986
0.0625275650197921
0.063083073815335
0.0593594815251208
0.0588915074488625
0.0599015234408
0.0583124316135013
0.0635173806918772
0.0662141233902958
0.0610765087114089
0.0623457621412342
0.0636924501304748
0.0604132648767006
0.0603223634374217
0.0586659372106908
0.0612549448699724
0.0625511320596104
0.0637530510899751
0.0578747580170216
0.0611741435906197
0.0628070027775607
0.0577535560979925
0.0580161602558746
0.0576357208989293
0.0571946805824552
0.0615916168672754
0.0648640686810893
0.0585986028112302
0.0564102348287179
0.0615040821479624
0.058181129534546
0.0612381112701144
0.062618466459071
0.0628541368571689
0.0612414779900803
0.0603896978368823
0.059672586482634
0.0600429256796531
0.0580700277754431
0.0601876946385005
0.0596557528827475
0.0582080632943303
0.0606321016749405
0.0639180203686749
0.0572249810622054
0.0626689672586451
0.0587265381701911
0.0673487080212283
0.0578040568975666
0.0621134584631022
0.0603055298375637
0.0598038885615892
0.0616858850265203
0.0620225570238233
0.0636284824509801
0.0573630165810926
0.0568344415453339
0.0593662149650811
0.0609317397525615
0.0587433717700492
0.0612482114300121
0.0601641275986822
0.0572788485817739
0.0632480430940348
0.0563260668293992
0.0650290379597891
0.0589689420082493
0.0594335493645417
0.0578478242572373
0.0577333557781401
0.0603257301573876
0.0582114300143246
0.0604940661560534
0.0577299890581742
0.0558311589933567
0.0539962966080338
0.0586491036108043
0.0579925932160563
0.0589016076087887
0.0574202508206554
0.0550332463597272
0.0594436495244679
0.0584471004124225
0.0601573941587503
0.0608071711135381
0.0598543893611634
0.0597634879219129
0.0629416715764819
0.0584269000925985
0.0574976853800138
0.0570297113037554
0.0629719720562321
0.056087029711307
0.0588915074488625
0.0569253429846128
0.0602987963976034
0.0552015823583929
0.0552958505176377
0.0601001599192159
0.0582417304940748
0.059672586482634
0.0582484639340066
0.0561610975507278
0.0598510226411975
0.0630191061358403
0.0552554498779614
0.0565045029879627
0.0576929551384637
0.0577670229778846
0.0572653817018818
0.0566728389866284
0.0557503577140039
0.0586019695311961
0.0600328255197553
0.0599351906405161
0.0574505513004056
0.0558109586735327
0.0610361080717325
0.0624198299806551
0.0596456527228497
0.0568748421850103
0.0567065061863445
0.0559489941924198
0.0612549448699724
0.0562856661897229
0.0553126841174958
0.0564102348287179
0.0557941250736462
0.0555079538759458
0.0602112616783188
0.0647832674017366
0.0569994108240053
0.0569219762646185
0.058608702971128
0.0521816345425634
0.0559085935527435
0.0552554498779614
0.0553901186768826
0.0554675532362694
0.0559220604326356
0.0574943186600478
0.0570465449036419
0.0554540863563773
0.0541679993266655
0.0583023314535751
0.0566492719468101
0.0612818786297566
0.0551073141991481
0.0592584799259441
0.0556560895547591
0.0553901186768826
0.057807423617561
0.0608543051931747
0.0565247033078151
0.0628777038969872
0.058484134332133
0.0556459893948329
0.0555651881154802
0.0609889739920959
0.0623827960609447
0.0568883090649024
0.0554810201161615
0.0553126841174958
0.0560600959515227
0.0557234239542197
0.0544878377241105
0.0592955138456546
0.0581676626546539
0.0552217826782453
0.0593056140055523
0.052905479336772
0.0559085935527435
0.0601237269590058
0.0561307970709493
0.0546258732429976
0.0558446258732488
0.0566896725864865
0.0561105967511253
0.0529223129366301
0.0528381449373114
0.0569421765844709
0.0546494402828159
0.0558109586735327
0.0586861375305148
0.0550972140392219
0.0557166905142878
0.0555651881154802
0.0553194175574561
0.0522826361417401
0.0588679404090726
0.0561274303509833
0.0558176921134645
0.0555719215554404
0.055110680919114
0.0553901186768826
0.0557065903543617
0.054346435485229
0.0571374463429208
0.0542824678057343
0.0557200572342538
0.0560567292315568
0.0533431529332518
0.0566896725864865
0.0557267906741856
0.0545114047639288
0.0600395589596872
0.0604940661560534
0.0545551721235711
0.0561004965911991
0.0531546166147621
0.0559658277922779
0.057524619139798
0.0548851106809138
0.0551342479589323
0.0522388687820978
0.0579286255365901
0.0570128777038974
0.0553463513172403
0.050865247033073
0.0577097887383218
0.0528246780574193
0.0602651291978873
0.0514308559885706
0.054433970204542
0.0533431529332518
0.0552184159582509
0.0542353337261261
0.0590935106472728
0.057150913222813
0.0565920377072757
0.0546427068428557
0.0574707516202295
0.0574808517801557
0.057719888898248
0.0561812978705518
0.0551342479589323
0.0545551721235711
0.0562486322700124
0.0528852790169196
0.054986112280119
0.0586255365710144
0.0541477990068131
0.0567536402659812
0.0513500547092178
0.0519190303846528
0.054538338523713
0.0563765676290018
0.0529896473360907
0.053370086693036
0.0558816597929592
0.0586659372106908
0.05642370170861
0.053033414695733
0.0523432371012689
0.0561543641107676
0.0556224223550146
0.0499528659203747
0.0534811884521673
0.049855231041164
0.0512254860701944
0.0543397020452971
0.0552453497180352
0.0556055887551565
0.0510066492719545
0.059352748085189
0.0546258732429976
0.0544878377241105
0.0526900092584981
0.0577872232977086
0.0532791852537855
0.0531546166147621
0.0533431529332518
0.0535384226917017
0.0510066492719545
0.0506834441545436
0.0524240383806216
0.0566694722666625
0.0500437673596537
0.052461072300332
0.0579454591364481
0.050616109755083
0.0503535055971724
0.0548413433212716
0.0537168588502652
0.0505757091154067
0.0512288527901887
0.0544878377241105
0.0509090143927438
0.0526529753387877
0.0565785708273836
0.0543666358050814
0.0538279606093965
0.0534306876525648
0.0533162191734675
0.0555247874758038
0.0528684454170616
0.0534508879723887
0.0536764582105889
0.0525856409393271
0.0522826361417401
0.0555045871559798
0.058945374968431
0.0528751788569934
0.053137783014904
0.0491111859271314
0.0548649103610899
0.0536764582105889
0.0527977442976351
0.0542555340459501
0.0510672502314833
0.0511345846309439
0.0537101254103334
0.0527472434980325
0.0523331369413427
0.0522557023819559
0.0521715343826372
0.0534508879723887
0.055302583957598
0.0491347529669213
0.0516597929467366
0.0521816345425634
0.0506834441545436
0.0530435148556592
0.0510032825519886
0.0534980220520254
0.0529290463765619
0.0521345004629268
0.0508147462334989
0.0512288527901887
0.0497306624021689
0.0516934601464527
0.0526731756586116
0.0496094604831399
0.0510874505513073
0.0536360575709125
0.0518146620654818
0.0531074825351538
0.0516564262267423
0.0509292147125677
0.049855231041164
0.0503905395168829
0.054558538843537
0.0526395084588955
0.0499326656005508
0.0553901186768826
0.0516968268664186
0.0556695564346512
0.0544676374042581
0.04963976096289
0.0594301826445758
0.0529155794966698
0.0470204528238298
0.0524711724602298
0.0526832758185378
0.0545922060432815
0.0540737311674206
0.0505757091154067
0.0520132985438977
0.0500639676795061
0.0521547007827792
0.0531579833347564
0.0566661055466682
0.0494310243245479
0.050935948152528
0.0486533120107708
0.0520806329433583
0.0530637151755116
0.0513130207895074
0.0492997222456211
0.0504174732766671
0.0486196448110547
0.0530805487753696
0.0500404006396877
0.0526832758185378
0.0504242067166274
0.0474783267401904
0.053477821732173
0.048431108492565
0.0516968268664186
0.050191903038467
0.0498787980809823
0.0498922649608744
0.0511648851106941
0.054683107482532
0.0481954380944387
0.0501279353589723
0.0476971635384302
0.0517338607861291
0.0490943523272449
0.0482358387341151
0.0494411244844741
0.0537437926100495
0.0525250399797983
0.0528078444575328
0.0523028364615925
0.0498114636815217
0.0489394832084997
0.0479732345762329
0.0536293241309806
0.0519998316640056
0.0519257638246131
0.0495219257638269
0.0503568723171384
0.0495656931234691
0.0511379513509098
0.053565356451486
0.0503097382375302
0.0519358639845109
0.0527472434980325
0.0510234828718126
0.0483839744129284
0.0499158320006927
0.0528381449373114
0.046673680666629
0.0491919872064841
0.0519728979042213
0.0511884521505124
0.0521749011026031
0.0488014476895842
0.0490472182476367
0.0494882585641108
0.0499831664001533
0.051700193586413
0.0511749852706203
0.049319922565445
0.0479193670566644
0.0499191987206586
0.0483873411328943
0.048239205454081
0.0495084588839347
0.0497508627219929
0.0496969952024244
0.048346940493218
0.0501212019190405
0.048538843531702
0.0476937968184643
0.0496431276828559
0.0484950761720597
0.0498047302415614
0.0498855315209141
0.0503838060769226
0.050828213113391
0.0457141654742941
0.047777964817783
0.0477712313778511
0.0485253766518099
0.0485624105715203
0.0478553993771698
0.0529593468563405
0.0528751788569934
0.0477813315377489
0.0502525039979957
0.0469968857840399
0.0505757091154067
0.0482089049743308
0.0506800774345777
0.0449398198804829
0.0504949078360539
0.047350391381201
0.0500033667199773
0.0507608787139304
0.050740678394078
0.0486263782509866
0.049535392643719
0.0472123558623139
0.0504242067166274
0.0493131891255132
0.0493401228852974
0.0486061779311626
0.0474783267401904
0.0528852790169196
0.0470238195438242
0.0470911539432848
0.0478452992172436
0.0482257385741889
0.0499360323205167
0.0495724265634294
0.048451308812389
0.0474614931403039
0.047333557781343
0.0501279353589723
0.0489967174480341
0.0506497769547991
0.0481853379345125
0.0476601296187198
0.0509628819123122
0.044741183402067
0.0508181129534648
0.0555887551552985
0.0443540106051614
0.0448219846814197
0.0487980809696182
0.0491246528070235
0.0484715091322414
0.0474513929804061
0.0471315545829611
0.0484041747327808
0.0474648598602982
0.048878882248971
0.0460744045114154
0.0527708105378508
0.0484883427320995
0.0471820553825637
0.0468386499453004
0.0454751283562018
0.0520132985438977
0.0469531184243692
0.0451956905984332
0.0517271273461972
0.0457916000336809
0.0481685043346545
0.0508753471929992
0.0480641360154834
0.0481920713744728
0.04769043009847
0.046889150744903
0.0486701456106573
0.0478048985775672
0.0472089891423479
0.0485523104115941
0.0485321100917417
0.0462225401902288
0.0475086272199405
0.0457343657941465
0.0477981651376354
0.0483873411328943
0.0481045366551598
0.0495757932833953
0.0452125241983197
0.0468386499453004
0.0479665011362727
0.0466366467469186
0.0493367561653031
0.0469329181045453
0.046905984344761
0.0478890665768859
0.0480742361754096
0.0434752966922076
0.0469463849844374
0.0470709536234324
0.0506127430351171
0.0506733439946174
0.0497138288022825
0.0446906826024929
0.0491145526470973
0.0439735712482161
0.0478250988974196
0.045825267233397
0.0454010605168094
0.0410344247117393
0.0465457453076397
0.0462898745896894
0.044936453160517
0.0503198383974564
0.0470238195438242
0.0444954128440429
0.0456434643548675
0.0443607440451217
0.0456602979547256
0.0477611312179249
0.0469733187442216
0.048114636815086
0.0467174480262713
0.0498619644811242
0.04724602306203
0.0471955222624558
0.0485085430519518
0.0466299133069583
0.045061021799512
0.0463942429088604
0.0455693965154467
0.0450004208400117
0.0433675616530707
0.0453202592374566
0.0487172796902655
0.0479362006565225
0.0426672838986804
0.0479766012961989
0.0429803888561651
0.0432564598939678
0.0486600454507311
0.042094941503251
0.0449835872401252
0.0467241814662032
0.0424282467805881
0.0470204528238298
0.0457107987543282
0.047118087703069
0.0451014224391884
0.0470608534635346
0.0441823078865582
0.0482998064136098
0.0445189798838612
0.0468857840249086
0.0437816682097605
0.0467174480262713
0.0451754902786092
0.0461922397104786
0.0472594899419221
0.04418904132649
0.0457612995539307
0.0473739584210193
0.0461855062705183
0.0450441881996539
0.04680161602559
0.0444280784445823
0.0465659456274921
0.0456232640350152
0.0458555677131756
0.0475187273798667
0.0411017591112
0.0446233482030323
0.0467309149061634
0.0452798585977803
0.0426134163791119
0.0438052352495788
0.0491381196869156
0.0492492214460185
0.0410175911118529
0.0438018685295845
0.0442260752462005
0.0445492803636114
0.0458118003535049
0.0462629408299051
0.0457040653143679
0.0434752966922076
0.0442294419661664
0.0435661981314865
0.0414922986280715
0.045061021799512
0.0454246275565993
0.0435089638919237
0.0442833094857349
0.0460272704317788
0.0438624694891132
0.0422363437421041
0.0456501977947994
0.047225822742206
0.0432732934938258
0.0446199814830379
0.0459330022725339
0.042983755576131
0.0442664758858768
0.0464582105883551
0.0450475549196199
0.0439836714081423
0.0464750441882131
0.0412599949499395
0.0462932413096553
0.044704149482385
0.0433170608534681
0.0448186179614538
0.0450273545997959
0.0410445248716371
0.0461181718710577
0.0419097719047272
0.0457612995539307
0.0413542631091843
0.0444550122043665
0.0425932160592595
0.0407650871138969
0.0466703139466347
0.0452899587576781
0.044848918441204
0.044616614763072
0.0452933254776724
0.0446300816429641
0.0448825856409485
0.0430140560558812
0.0429298880565625
0.0402196784782518
0.0418727379850168
0.0450307213197618
0.0398089386415279
0.0423642791010934
0.0423474455012354
0.0425427152596569
0.043000589175989
0.0448455517212381
0.0446839491625326
0.0413104957495136
0.0448724854810223
0.0467780489857716
0.0426201498190437
0.0433641949331047
0.0412195943102631
0.0454953286760542
0.0425494486996172
0.0429871222960969
0.0465726790674239
0.0439230704486135
0.0426403501388961
0.0441486406868137
0.0437985018096185
0.0454953286760542
0.0399840080801255
0.0459498358724204
0.0427110512583226
0.041882838144943
0.0438591027691473
0.0434954970120316
0.0453438262772465
0.0434584630923496
0.0427884858177094
0.0455761299554069
0.0423642791010934
0.0437715680498343
0.0410209578318472
0.043657099570737
0.043212692534297
0.0443641107650876
0.0462360070701209
0.0408492551132156
0.0430611901355178
0.0433406278932864
0.0444482787644347
0.0403240467974229
0.043303593973576
0.0431992256544049
0.0386507869708055
0.0448691187610564
0.0395429677636514
0.0434214291726391
0.0422060432623539
0.0396742698426067
0.0398459725612383
0.0423104115815249
0.0423979463008095
0.0445694806834638
0.0421589091827457
0.0408122211935051
0.044720983082243
0.0413374295092979
0.0387349549701241
0.0456064304351571
0.0435291642117761
0.0433776618129968
0.0398863732009147
0.0412330611901552
0.0407044861543682
0.0399200404006592
0.0442732093258087
0.0401557107987571
0.0428086861375334
0.0419400723844774
0.0423306119013489
0.0404082147967415
0.0447108829223168
0.0419266055045853
0.0427985859776072
0.0417953034256584
0.0430376230956995
0.0439870381281082
0.0413542631091843
0.0396507028027884
0.0435964986112367
0.0414047639087585
0.0421959431024277
0.0423642791010934
0.0412195943102631
0.0414451645484348
0.0416842016665271
0.0451721235586433
0.0440341722077449
0.0408324215133575
0.0437076003703396
0.0410849255113419
0.0448388182813062
0.039465533204293
0.0417515360659877
0.0402129450382915
0.043091490615268
0.0411556266307684
0.0382669808938658
0.0415832000673504
0.040694385994442
0.0378798080969602
0.0424349802205199
0.0420444407036484
0.0421454423028536
0.0434146957326789
0.0394150324046905
0.0412768285497975
0.0418458042252325
0.0392971972056273
0.0414081306287528
0.0413374295092979
0.0390749936873931
0.0404587155963441
0.041670734786635
0.0396742698426067
0.0387349549701241
0.0411017591112
0.0408122211935051
0.0395429677636514
0.0401321437589388
0.0410647251914895
0.0408896557528919
0.0418727379850168
0.0407044861543682
0.0412970288696215
0.0408896557528919
0.0399065735207671
0.0402062115983597
0.0387349549701241
0.0386844541705216
0.0418121370255164
0.0419838397441481
0.0391894621664903
0.0402062115983597
0.038846056729227
0.0399739079202277
0.0414047639087585
0.0405731840754129
0.041118592711058
0.0412027607103767
0.0386575204107373
0.0411320595909501
0.0406203181550495
0.0392567965659509
0.0389302247285741
0.0389234912886138
0.0393274976853775
0.0388729904890113
0.0378293072973861
0.0425797491793674
0.0383242151334002
0.0422632775018883
0.0388056560895507
0.0382501472940078
0.0399974749600176
0.040034508879728
0.038277081053792
0.0382669808938658
0.0411522599108025
0.0378764413769943
0.0370987290632172
0.0401658109586833
0.0395497012036117
0.0391894621664903
0.0402062115983597
0.0408963891928238
0.0436469994108393
0.0379875431360972
0.038617119771061
0.0396608029627146
0.039681003282567
0.0395093005639353
0.0393375978453037
0.038846056729227
0.0402062115983597
0.0385262183318105
0.0387450551300503
0.0412330611901552
0.0404317818365598
0.0397752714418118
0.0387080212103399
0.0381626125746948
0.0396473360828224
0.039502567123975
0.0432295261341835
0.0364354852285373
0.0403307802373547
0.0407718205538288
0.0390446932076429
0.0390177594478587
0.0392938304856614
0.0401624442387174
0.0398459725612383
0.0381592458547289
0.0372805319417751
0.0390648935274953
0.0384757175322079
0.0392567965659509
0.04065735207476
0.039502567123975
0.0434786634121735
0.0352167325982862
0.0402129450382915
0.0382097466543314
0.0387113879303058
0.0424821143001566
0.0375700698594414
0.041031057991745
0.0379942765760575
0.0392433296860588
0.0398594394411305
0.0371020957831831
0.0387282215301923
0.0404822826361624
0.0386709872906295
0.0386608871307317
0.0379976432960234
0.0384353168925315
0.0402634458378941
0.037300732261599
0.0386676205706635
0.0385161181718843
0.0385262183318105
0.0404587155963441
0.0409704570322447
0.0365903543472825
0.040778553993789
0.0391052941671717
0.0379774429761994
0.0400782762393703
0.0399570743203412
0.0386979210504137
0.0372468647420305
0.0396002020032142
0.0389133911286876
0.0387383216900901
0.0381659792946891
0.0389807255281482
0.0389403248884719
0.0386575204107373
0.0382669808938658
0.038617119771061
0.0373983671408098
0.0395497012036117
0.0378798080969602
0.0364994529080036
0.0379000084168126
0.040441881996486
0.0377350391381128
0.0381659792946891
0.0381323120949446
0.0383982829728211
0.0365600538675324
0.0372468647420305
0.0385497853716004
0.0383881828128949
0.0384218500126394
0.0378023735376019
0.0383814493729631
0.0345097214039356
0.0378663412170681
0.036768790505846
0.0385464186516344
0.0385060180119581
0.0409266896726024
0.0396338692029303
0.0386676205706635
0.0399335072805513
0.0382333136941497
0.037300732261599
0.0370179277838645
0.0396372359228963
0.0388729904890113
0.037068428583467
0.0381053783351604
0.0383578823331447
0.0362772493897978
0.0376441376988623
0.038260247453934
0.0388191229694428
0.0383814493729631
0.0385699856914528
0.0373579665011334
0.0343784193249803
0.0355971719552315
0.0383343152933264
0.0365735207474245
0.0364489521084295
0.0381828128945472
0.0421353421429274
0.0404149482367018
0.0406640855146918
0.0380616109755181
0.0369674269842619
0.0369977274640121
0.0353817018769576
0.0376374042589021
0.0364388519485033
0.0372468647420305
0.0391591616867402
0.0371020957831831
0.0389739920882164
0.0364422186684692
0.0373108324215252
0.0393712650450482
0.0386810874505557
0.0368293914653748
0.03698426058412
0.0378562410571703
0.0380313104957679
0.0365667873074642
0.0393510647251958
0.0381356788149105
0.0367957242656303
0.0362738826698035
0.0372266644222066
0.0383477821732185
0.0374791684201625
0.0348733271610229
0.0354995370760207
0.0379437757764549
0.0361863479505189
0.0401927447184676
0.0356847066745161
0.0371862637825302
0.0384858176921341
0.0378192071374599
0.0357621412339029
0.0370616951435068
0.034906994360739
0.0366745223466012
0.0348329265213465
0.0369977274640121
0.0386272199309872
0.0403442471172468
0.036731756586164
0.0383040148135763
0.037728305698181
0.0431083242151544
0.0373276660213833
0.0365903543472825
0.0390716269674272
0.0352503997980023
0.0369909940240802
0.035775608113795
0.0364556855483613
0.034906994360739
0.0363445837892584
0.0354995370760207
0.0373411329012754
0.0340922481272798
0.0374791684201625
0.0375734365794074
0.0345332884437539
0.0363950845888326
0.0337555761299768
0.0390648935274953
0.0363109165895139
0.0340552142075694
0.0381424122548708
0.0372030973823883
0.0382097466543314
0.0370549617035749
0.0348329265213465
0.037512835619907
0.0374926353000546
0.0345534887635779
0.0355365709957027
0.0352672333978603
0.0373074657015593
0.0385666189714868
0.0381255786550128
0.0371660634626778
0.0371357629829276
0.0381154784950866
0.0364051847487588
0.0361257469909901
0.035970877872245
0.0358193754734657
0.037425300900594
0.038721488090232
0.0363008164295877
0.0361156468310924
0.0320520158235809
0.0361425805908766
0.0384757175322079
0.0343413854052699
0.0395093005639353
0.037960609376313
0.0365735207474245
0.0343784193249803
0.0348901607608809
0.0348733271610229
0.0358092753135395
0.0362671492298716
0.036432118508543
0.0327758606177895
0.0338565777291535
0.0352604999579285
0.036324383469406
0.0339508458883984
0.0346814241225673
0.0351089975591492
0.0349473950004153
0.036731756586164
0.0362536823499795
0.0345972561232202
0.0320419156636831
0.0357183738742606
0.0334121706927135
0.0363041831495821
0.0354894369160945
0.0354827034761342
0.0357150071542947
0.0364691524282534
0.035418735796668
0.0368899924248751
0.0333179025334687
0.0352099991583259
0.0347016244423912
0.0353244676374231
0.0357520410740051
0.0358328423533578
0.0348396599612784
0.0373343994613435
0.0356443060348397
0.0352874337177127
0.0346477569228227
0.0344928878040776
0.0360718794714217
0.0346982577224253
0.0345063546839697
0.0366071879471406
0.032385321100918
0.0354961703560264
0.03392727884858
0.0354423028364579
0.0357789748337893
0.0362334820301271
0.034991162360086
0.036839491625301
0.036519653227856
0.03609544651124
0.034994529080052
0.034338018685304
0.0360011783519951
0.0353783351569916
0.0392938304856614
0.0313854052689351
0.033253934853974
0.033253934853974
0.0362974497096218
0.0348430266812727
0.0346948910024594
0.0336848750105219
0.036731756586164
0.0372468647420305
0.0336882417304878
0.0320520158235809
0.034546755323646
0.0314628398282935
0.0343817860449462
0.0348295598013806
0.0341326487669562
0.0340282804477852
0.0336747748505957
0.0327354599781131
0.0353918020368837
0.0349743287601996
0.0337219089302323
0.0369573268243357
0.0328667620570684
0.0346174564430726
0.0352571332379625
0.0347824257217439
0.0346948910024594
0.0326714922986469
0.0361594141907347
0.0326344583789364
0.0351460314788312
0.0342100833263146
0.0356880733945104
0.0350180961198703
0.034906994360739
0.0337421092500563
0.0341898830064906
0.033021631175842
0.0327960609376419
0.0318533793451934
0.0351392980388994
0.0320048817439726
0.0392803636057693
0.0325401902196916
0.0330014308559896
0.0342403838060932
0.0318904132648754
0.0333010689336106
0.0321967847824283
0.0323886878208839
0.0353817018769576
0.0344760542041911
0.0333987038128214
0.0338700446090456
0.0350248295598021
0.032257385741957
0.0318601127851252
0.0322472855820308
0.0323954212608442
0.0341730494066326
0.0333448362932529
0.0360180119518532
0.0310622001514957
0.0325805908593679
0.0327085262183289
0.0355365709957027
0.0351931655584679
0.034105715007172
0.0341966164464225
0.0347319249221414
0.0326445585388626
0.0331495665348029
0.0314291726285774
0.0343784193249803
0.0341663159666723
0.0340922481272798
0.0334189041326454
0.0330014308559896
0.0326883258985049
0.0333179025334687
0.0326580254187547
0.036075246191416
0.0333515697331848
0.0335401060516745
0.0328667620570684
0.0339441124484665
0.0342235502062067
0.0350315629997624
0.0332909687736844
0.0342807844457695
0.0323550206211678
0.032385321100918
0.0313854052689351
0.033466038212282
0.0308130628735057
0.0355062705159526
0.0310622001514957
0.0313854052689351
0.0314729399882197
0.032826361417392
0.0333684033330712
0.0354490362764182
0.0342774177257752
0.0318264455854091
0.0315604747075326
0.0330485649356262
0.0332876020537185
0.0312271694301955
0.0322843195017413
0.0332808686137582
0.0330485649356262
0.0327825940577497
0.0318735796650174
0.0310958673512403
0.031281036949764
0.031725443986204
0.0303787559969635
0.0355567713155551
0.0338296439693693
0.0313820385489407
0.0337623095699087
0.0355466711556289
0.0330990657352288
0.0325502903796178
0.0327253598182153
0.0334121706927135
0.0322001515023942
0.0313046039895823
0.0336141738910953
0.0319005134248016
0.0308467300732218
0.0337488426900165
0.0329778638161713
0.0321193502230415
0.031708610386346
0.0332943354936504
0.0314998737480039
0.0314864068681118
0.0340720478074275
0.03367814157059
0.0317658446258804
0.0307861291137215
0.0330923322952685
0.0312911371096902
0.0318870465449095
0.0311463681508428
0.031940914064478
0.0317759447858066
0.0327287265381813
0.0321159835030755
0.032472855820231
0.0314291726285774
0.0344457537244409
0.0303821227169578
0.0306043262351636
0.0316311758269592
0.0332034340543714
0.0315200740678563
0.0322742193418151
0.0315032404679698
0.0325502903796178
0.0318298123053751
0.0317725780658407
0.0303450887972474
0.032065482703473
0.0320082484639386
0.0313147041494801
0.0309275313525745
0.0317187105462438
0.033698341890414
0.0304898577560948
0.0315571079875383
0.0320991499032175
0.0339003450887958
0.0305504587155951
0.0317389108660961
0.0319072468647619
0.0313753051090089
0.0311295345509848
0.032701792778397
0.0308837639929322
0.0308298964733638
0.0318062452655568
0.031940914064478
0.0314224391886171
0.0311531015907747
0.0334727716522139
0.0326411918188683
0.0314594731083275
0.0316345425469251
0.0315066071879642
0.03083999663329
0.0313685716690486
0.0331562999747632
0.0302070532783603
0.0313349044693325
0.0306884942345107
0.0317692113458463
0.0304965911960267
0.0296885784024994
0.0326310916589705
0.0303450887972474
0.0310285329517797
0.0314796734281799
0.031600875347209
0.0308837639929322
0.0297963134416364
0.0315672081474645
0.0327623937378974
0.0293990404848046
0.0316749431866015
0.0316278091069933
0.0326007911791919
0.0307053278343687
0.0307894958336874
0.0315234407878222
0.0316109755071068
0.0317557444659542
0.0314763067081856
0.0321328171029336
0.0321866846225021
0.0313079707095483
0.0311968689504454
0.0306918609544766
0.0303215217574291
0.0304965911960267
0.0294832084841516
0.0314527396683957
0.0309241646326086
0.0312372695901217
0.0305134247959131
0.031388771988901
0.0312743035098038
0.0308265297533978
0.0311026007912005
0.0315436411076462
0.0320385489436887
0.0302070532783603
0.0311800353505589
0.0333010689336106
0.0302575540779344
0.0322371854221046
0.031068933591456
0.0322068849423545
0.0319712145442281
0.0305740257554135
0.0308904974328925
0.0309510983923929
0.0296178772830729
0.0313988721488272
0.0306649271946924
0.0309174311926768
0.0313854052689351
0.0297256123222098
0.0310184327918535
0.0300488174396207
0.0301632859186896
0.0315874084673169
0.0313281710293722
0.0297390792021019
0.0310184327918535
0.0308298964733638
0.0307053278343687
0.0328431950172501
0.030217153438258
0.033253934853974
0.0307187947142609
0.030304688157571
0.0301632859186896
0.0310756670313879
0.0306918609544766
0.0319106135847278
0.0305773924753794
0.0302811211177527
0.032614258059084
0.0288502651291935
0.0314729399882197
0.0292610049659174
0.0319240804646199
0.0300050500799784
0.0304460903964525
0.0304460903964525
0.0302979547176108
0.0302339870381445
0.0307457284740451
0.0319442807844439
0.0305538254355895
0.0315335409477484
0.0313753051090089
0.0309342647925348
0.0314426395084695
0.0301868529585079
0.0295471761636179
