6.97061629620975
8.27016186842257
5.74790284538174
6.60139796361335
11.9383830510021
7.01121723153933
7.31395265486779
12.3511384328346
6.45646033857155
7.27025614718055
8.7916690678865
7.80882671865521
7.19355870931836
12.6812922668262
12.4871648700078
5.89028198324127
13.199540115902
12.5303215193474
11.632335098605
6.80270681718717
9.28936089453464
6.0420021151421
6.93085272133768
12.3824989125203
7.18653069529231
12.2766220824251
6.00887488993853
8.161227492655
7.81729037066826
8.25166196177184
6.62329462661839
8.49601669036906
7.35872544815704
8.28537305071795
7.01197987662609
5.56065788443592
6.96160047571707
7.55181058902909
5.70820037256462
5.73191234535086
8.75365176056969
7.82940079654161
11.1456504557472
6.45052046017769
11.8702614875651
6.84936095908333
8.64535772515978
6.83706813181926
11.8725882162008
6.68258547357397
6.59663870655857
10.9707911736072
7.00173198793521
7.14470498816311
12.1655291569681
10.459395811886
12.9773449937746
8.33256420179083
8.13557135688024
7.32625480395618
6.04560396177444
7.03297936835322
6.9004975104351
13.4029876661834
12.502239990729
7.01705790328447
8.11806230020699
7.94239554510801
6.92239451502903
7.55671902886773
13.4567236207772
12.8949592412465
12.9130527904649
9.44964600157381
12.8668653304851
7.737644956463
7.73693624139929
7.44131012500898
6.60907828302819
5.04441750720885
10.8795881504185
5.41083680336598
6.32679517414283
5.93140772639035
11.9967232351183
7.01455979523129
7.70359142292233
12.4667804271001
11.1959792945583
7.05831144511864
5.28773371493869
6.55166885839413
11.9017357450151
7.46418183866071
6.68659324943463
8.02510172615325
8.6412133176891
8.01607318560439
7.02537637580986
7.15582921191134
12.6969276000913
13.4291789272346
13.245901910272
7.79941412670114
11.4985481612097
7.82530168521246
8.9731600902496
11.771901699251
7.0378893697701
7.04534151318947
5.46400350232462
7.53694039029828
8.66963949269363
7.08166302954516
6.61297508787154
7.62482321361049
7.84327466218417
6.91699492490034
9.25936223561665
7.30025278714232
10.5089720296639
6.15381357399047
6.95901584400205
12.4717370711842
7.5348607442952
8.38192787982099
6.88729544807987
12.3539162213902
11.6010227914524
12.311330810654
8.23193177929622
7.53194710260077
13.0957696690569
11.4324593406395
8.70297707164285
13.8427067645152
6.58073746078099
11.6426625193924
11.6876422483743
8.44253587811096
6.29776102379781
8.02506101878708
8.52997126496956
8.59014109180798
9.04208667201624
8.85135592379248
6.78634692873797
11.1202746668735
12.6181887035957
7.82483726191536
12.5463721811232
7.89601379805532
11.3544378742932
7.9388662563359
11.7155860453649
5.70959168491323
13.2722868922806
7.61391907970952
8.53754457835237
12.235002423196
7.26065903708082
6.49556589313665
12.7701336331681
12.7178551287833
5.83552389964548
12.2988607962511
8.08992100116902
6.31545085354678
7.68015619002609
7.14335325397724
7.7202417632678
12.9419349061364
7.14086742228108
6.29370469867935
12.1507709903438
6.36255950768817
8.23592543222838
7.97313992549321
8.09849857245273
8.34780119281824
7.97309091465679
7.73060849156985
11.9509666514007
12.781862603029
8.76855060749303
12.4482020286009
12.611738808793
10.2859107768696
7.15212389764499
6.76541252650555
7.9297211590873
6.63945197821362
7.72962483115938
7.33917347601823
15
13.7856450544693
10.8108947303298
7.81286789243278
8.8470040027201
12.4502492210848
5.43910713894352
12.7550996404076
9.00962960001386
7.41170586244666
8.23431825370668
7.22478372614695
8.53527994052413
8.79510805578541
6.97535377506571
13.1517815621318
8.28240582476045
7.4574728067233
7.4214294553976
8.85958911005023
7.02159878668499
11.5067617244624
6.23287423552493
6.66474491338263
7.48322922348352
7.65765458905167
12.6628720729683
6.12423717482127
12.6686377419278
7.64800656928382
8.06209843758306
8.05110687549074
7.87249930505295
7.31963631665075
7.98492061114733
6.97914538284304
7.48234211879865
8.16177755117453
8.05929903344381
7.67174702354544
7.52598018527989
6.8235242162426
12.5255068104681
7.56885024471261
6.01930538809929
5.48018768059092
6.68071651982179
9.52857003184105
6.81650625742077
7.2086773793341
12.5240689139506
8.14455769577065
7.5657155767349
6.71175522345214
13.2160025233161
7.9456764822322
6.5620748786038
12.8849152205131
7.10042810851634
8.75905024900322
7.20726581993714
13.1961767406513
6.78801666148117
12.2586948276852
9.01731907334936
8.01861763530015
12.3836174196059
7.06836221423375
6.25153653168182
5.5699529679576
12.0769452875153
6.41074444820386
9.3349128442552
9.1322773241928
6.7139468288923
7.1769487844222
8.3405733685481
5.42059463805021
8.72557529464538
11.7983764184152
8.11067781569083
6.45112627539628
7.0298605910697
7.23216826953287
11.7780068338271
8.2542128062048
12.578087966351
12.1947950471436
6.66696192691758
7.67063991793015
7.27980343348772
6.00592230002732
9.82464342977745
7.33061258172229
7.8051468531237
10.3280742261636
12.4079720330508
11.2235237983549
8.7085874832451
6.78207518136464
7.15081054588087
8.04271394018084
6.46625733360936
8.16042662674493
7.33191406681627
8.92335047238711
8.40521264333472
13.1142489845044
8.01703690986167
8.70248081183729
7.2757176582307
8.2360215380144
8.02958607904827
8.5993993060957
6.15822857979437
8.42777955163043
6.79860504193905
7.81703844918406
7.37250167063833
7.2719166281127
7.12545203694327
12.3533806605371
5.98265020281776
8.99251239053595
6.30277136746346
8.46842846777332
6.59539975639962
6.37819303640014
5.91097586697364
10.6761067033448
7.1601117816943
10.0776830886978
6.46332210378956
7.62851796930505
11.0053881631803
9.64730661366895
6.48850314877082
11.9925998304847
6.93175601212981
8.05164120385439
6.05995943249989
7.17412257591895
6.43306282864865
12.4535188015787
6.88292157021883
7.79673637774759
6.50797100431135
7.61432083686801
6.51161249425067
7.61713483524055
7.8063793832776
8.04056341792641
6.77585167727437
7.1843625244993
7.18369805360214
12.3060497412729
9.10320976387661
12.0190246931838
13.8014031537927
11.4627563057661
7.88554954047337
11.7514477113092
11.7258942550471
8.14886661299802
7.83999592435361
7.89368559875552
8.35462397880153
6.92045196267077
5.60525533698724
8.41593115286112
9.12787435680131
8.36639786930476
11.1244469656051
7.97225635926613
7.46416024692717
6.53216522936645
6.79764339525649
5.85583590042771
8.15379470461751
7.53744993544247
7.40227443040683
7.16417191724655
5.41776956689236
10.5946252862212
8.27537772985359
7.55073733257169
9.13876981945753
12.205567791342
8.70275130340072
7.33964461324282
7.27701972005296
8.68226345743166
8.52779109915408
12.6535791619838
12.0495006458702
6.26847754354644
8.47163680727568
6.21901297280847
7.81142635592567
7.71744140895921
7.65800645314505
11.3575632630312
12.1183990471934
12.2102048962643
12.5644369613317
6.95837570385357
8.33121580555197
8.03332879184845
12.2186996242143
6.29783534198974
6.55819399807499
6.09130381980731
9.22612968300807
7.61369187528971
7.10661820094991
6.988357404374
9.95307084322256
7.32059527320199
14.5492060449829
7.02631863486535
6.72669177381449
6.46960719175316
7.82351080586581
6.30366053071141
8.09971572759482
9.43210263634035
6.05206242135982
12.3489098004129
11.8420584857109
8.24266966681257
8.00877905788565
11.7135936454518
8.05984572899682
6.4094233893917
7.90894653215107
5.99261929863841
9.31782262472564
6.88997091404578
7.61881203492559
7.00941880221137
6.05001514443222
12.9766352347149
8.35914510210191
7.83961671700192
7.80220522236984
6.84723799901221
8.16303531828753
6.15483455383287
7.53459927539422
6.81633057984898
6.44522245005958
7.23442825119724
12.6930074684274
6.35025271382373
7.34209255592081
7.75761805536939
7.93976718527333
8.01083875678763
13.7316696786867
8.45531592990036
12.501527403383
6.49699936015243
6.39910010489811
7.18550186540011
6.22261881117263
11.537757585155
8.12314233378675
6.88206016866534
5.76286968008493
6.40562472771026
7.06916714237147
7.09955163375018
7.89163094272293
12.3421410511501
7.50263728788412
6.80603866229574
5.31956925733875
6.48276001039131
12.537599471452
6.97816131309352
7.1084120118209
13.5640424571755
7.18840995790267
8.70253798048801
10.9010666125723
8.31869867253025
6.10593467581387
6.73628814528791
8.44824008861804
8.84408287417032
8.92896841607542
7.91788554734111
8.19984708691418
7.26847422374221
12.0527568351214
7.26566345469204
8.06615851029078
6.23691566871751
7.31482869748288
7.94676698085527
5.13476502785005
6.79207536761063
6.52698587999647
7.57930164172231
7.37588070706932
8.41512463810759
6.83877085075664
11.9789887819852
6.78348154778381
6.59206367431476
13.1234192287985
11.4711557463162
6.76370400504394
7.67432981892688
5
7.62311167274816
6.98930221643403
8.19743121494598
7.46526256322279
6.65271540603883
6.93677804523347
6.74174833406662
7.80047352308307
5.50214606928632
8.46164280936301
8.21980116224562
7.41653126526745
12.684460796679
6.99497753191675
9.08893369597619
8.82115428440571
6.07594668040671
6.7393856735035
7.16442556864769
6.098863852512
7.96475351626654
6.69895563147729
7.78349141439587
12.9523870279598
7.50013421635711
5.39058464016433
6.4942274478081
8.69376121506508
12.2706162103014
12.6156535491954
7.60353562871484
6.98687967446485
6.18046062553658
6.26051949333843
11.9971050046659
7.18465632470919
