2430.29717740972
6536.64236418623
-3816.7037318786
-12841.7106406942
19383.9749554265
30574.8787679016
-3572.27342981399
6094.61541339805
11503.0209530465
-59.0312765671266
25106.9583859034
-1451.51115608649
5421.1397891242
17140.7491077292
5313.07624617496
17182.9244496079
14602.5018517428
806.616795371522
2531.49984602592
10813.6534015703
16504.9454311262
-2532.73778232
4810.36669811908
28967.4716956734
4497.22793023811
-2248.58777397524
9724.73776466413
16883.8503535356
8222.68472308589
19467.2044319753
12591.8052665521
10542.1402416153
18758.2208897581
10622.8228728444
-232.915785923193
17088.5232978249
23388.0147662893
1141.52760222758
-883.582536604946
1971.85720416613
10977.3145560117
1015.21533166289
14000.8057538178
14397.9555459725
1306.19650514904
2478.80182794988
-13307.8164351579
18297.5398502618
16553.99389423
15864.2562899219
-2219.95713403833
-14518.3525058408
-3221.19290311841
2439.50051317429
2787.00067646171
-3811.18049163858
12151.3442573611
14738.2929955753
-5619.51713021641
15329.255989685
-12251.3846352212
3998.29317412188
8937.93745388881
-461.581578435296
4584.46530659483
6945.72437782751
26247.6280144048
6664.80246293811
6514.12662463175
19026.4449834212
18782.8889314697
-8160.99385766117
2603.7569752312
9336.80232161632
14857.2352044583
16408.1697847967
19228.2028501878
7125.21785400789
-2797.88931229246
6753.03486733109
692.886440298103
7933.02429518571
12256.5350636102
10809.2469611443
11526.339663096
11160.9480513394
4999.42982892429
3836.32911560266
7730.54389110968
-1241.11707099633
24327.8581689517
-420.179039967788
-2475.38924373573
-1452.20271312391
2664.54800118481
21379.9874873419
9965.75253489361
4854.55599015884
9534.88138613098
14032.8017017001
17205.400548725
-4137.21631253774
22139.7810930941
10196.3257596946
-8679.5290225227
-12228.3030470402
4242.89621603134
9152.33115066592
14166.9008500494
-1935.73921516106
-3243.02088705639
14462.3849761173
16112.4445587985
6442.39627115809
25590.5068219878
19692.1090076325
2416.35896385977
1254.81314596445
-2964.57942944123
-3479.47075323635
17281.7783000331
15013.9507063027
12319.5438395958
4406.77304019204
19039.0596420969
4413.69537969545
6094.23604971477
2486.26444372307
11872.5725060237
2126.12255617918
-14384.3293261116
-2678.03752238864
11512.676153853
1298.12795081656
9423.20246505042
3791.23593164316
7434.27359930929
25763.9461862116
10022.2234315282
8740.08178099087
5077.19389103383
4587.77800310884
4906.5942223908
4714.97966708859
23025.9135203059
14405.8117252406
11539.9002449607
-3780.04109365865
13318.161760163
483.443260223119
2423.3840846711
4588.49580459147
11946.1747112571
17946.6600361989
12844.1461614491
4470.22766594233
6258.26015548878
-12745.8257362531
-453.722716878289
992.62687755996
5202.63839248336
10562.9419319041
10626.9486206681
14169.2769637031
-6905.31383135595
-9150.43487934025
16651.903321221
1048.70864431966
12381.0047027513
4504.74652906721
518.535376621799
18018.0047280368
28583.7979997569
19214.6916079218
453.9562482332
18128.4579750621
17387.343008041
18908.8191091281
-7691.02094247488
10497.0364991295
17618.1059181016
-1229.50990468881
30734.3509186239
-2246.07228832514
24616.3187968302
11544.5183454058
12083.7153945622
-1950.08197970452
10011.1685502316
3229.60382568921
5865.75690944228
20098.4179510799
26108.4732418572
21986.2158992802
6379.46607181718
-2196.47047717929
6458.5722728152
2391.59461625531
-5355.98050778332
23621.9910002265
3289.37748723374
-1459.35848203674
2891.34745319903
21226.7903508605
8174.34460315585
7128.18257967321
-4132.11425889532
8814.26187677735
-1411.04806341091
6295.31845455386
22649.4660672993
-5083.6407017437
17017.1288034482
12861.0831207386
19896.0571974918
17506.2251204465
4537.38267947593
-3089.55331032774
16524.0202452564
16386.0280037019
-5016.22262132457
7551.24867428237
11137.4421193723
18361.1770392592
18464.7564387848
-8656.67487700365
-8038.15070367704
19229.5325668608
12116.3684374279
12436.0390177598
5106.7010447011
19957.6018861818
24370.9311210441
7584.50024426962
8610.712390824
17805.8105274931
1676.60276825058
5411.1065400055
2314.70309416078
251.007536683285
-631.749138563821
-1352.89169413639
25.8271326593004
15755.2424456332
-12507.091067635
-1292.94951605045
17247.7586250943
956.440189158354
231.429074204656
-9905.3479012993
-4732.28690982656
-2167.95330831772
-5566.00847648958
19944.1864537903
-1861.36360098993
15734.8010288465
-3544.3738737823
15753.9108350429
24051.5718168494
6624.39364701898
-3509.49817179251
5765.15331254781
9182.85613360107
9291.59488165038
8143.25958544304
6388.94123307221
-3.13076961315587
-13834.0416946024
5641.97468686914
8457.00407777868
14806.6721444268
1871.32792879559
20905.3656466946
1955.53272917684
5314.5912259178
-6802.42993068329
19706.8361746617
14119.2014529084
11067.1648454894
14608.0060156806
8739.86661648751
13019.020809588
8159.93103887846
15979.148406378
23883.0276228609
-396.216690867367
365.459569092459
8626.92729771191
4194.0388986301
17082.3585027908
2419.75890469695
-5896.63981471272
-1619.60287987091
8776.35533472106
17935.7512495952
2220.72398594848
22710.4758640266
3574.05462436338
-2438.30243810648
22313.1331856937
20417.1531599561
2331.88279066582
7636.29654999488
6745.04938295818
19541.8665873762
-563.79746426949
23212.432362051
18731.8269573818
3472.90046123218
6790.00995161643
6303.64862711974
6974.66569541101
3388.77607807468
24039.9675636361
16535.9225261629
8578.52618463492
10076.7399739277
2977.88819669339
-1374.90027291813
10108.9475981493
1808.52796668054
1094.08573067089
13368.5477858111
-3335.08922877064
18080.3959749775
16753.0178883915
11534.4607840609
6394.69578507748
17374.79695813
21137.9651912462
4539.57920955652
18030.4133840734
1070.40281681385
-5430.74424581373
-3129.91316235397
21303.349678522
11904.0264724102
15726.3018037866
-3086.06439645569
16636.7869704699
2764.69709490055
9289.42039235855
13161.8100278695
29463.3477246363
6402.18400171979
19521.1556621494
20286.0872769905
4423.09296512585
19449.0243772844
20347.7280249132
-842.369966150133
8101.59700191915
-4333.61540702293
-3922.50657437873
9419.19436689078
2863.51953681719
-1015.20529658761
15183.6745184755
-1270.72725923704
20425.7668673859
-3235.49250519284
20399.1184165398
-9650.97649085046
6087.6803527394
-3856.53263441259
1662.01573858066
-2066.46667280343
2910.50929495297
13074.5753914577
-5652.83704767035
4055.73708128685
23174.0403528469
176.266375843017
7766.04486737146
12455.6079149012
7318.80602247812
3274.69398876413
13551.8328534
5022.14316831277
11231.4042425003
13736.7243254254
1378.80640453351
25712.4948994058
14471.1655841046
6555.49168661426
-4387.96861637946
6906.4802104959
4411.17049814101
3849.14987147686
13599.4145617386
16720.359659052
18691.6399566583
9346.90988106849
3876.80665911661
398.448039641688
12936.2598195514
1564.23242502789
13555.8969733115
-3985.39414499581
17597.8418216337
-325.473106840307
4045.35104382489
-2061.53350172382
22568.7261444504
28574.7352930156
27071.6817431999
23886.1103429994
20858.0048525783
3584.95444733481
-2408.23403648335
3143.28786821985
4375.09080968767
-191.642023398856
-504.132609514889
-2040.32517132315
18454.8121233042
4808.80190468735
7257.62835083222
-4849.32524259712
7437.95374552865
-130.891903027242
13583.5447853905
13360.9585344394
13414.4829151015
6246.40073599907
-3847.9626648249
4199.18974436597
15312.5511386111
21299.0259538309
-768.350170739144
-3015.21254995021
19092.090306339
14885.1222305136
22835.4934222402
13630.9828160689
5312.93125378578
12385.0910808058
12982.0037030919
17057.0237003565
7621.60581227631
-3565.08221896625
21214.6693461626
16654.5199277107
-1640.07440643959
15451.2069889209
-2418.21850777258
4161.50556934944
11010.5878895272
-4651.62107890895
15856.8849869325
7269.8370028623
-4907.7406491785
14340.7198539437
-1193.56789024446
1498.87655644098
9251.8546325299
8909.32792461883
3734.27729215133
3736.68229582008
18440.82662738
-2892.26355363667
560.639628658568
15297.9995665375
-6102.39586555044
7020.47289676107
-2984.06546076273
7921.00855590831
12889.6823512829
12071.2426694955
720.61484984842
-13920.3208020892
23691.629089124
19349.6154671284
5757.30404278687
513.532627373197
6134.02805825313
27862.8574247534
12900.7664483729
18255.0632933912
-851.644492970772
8413.78956581386
5636.35994899919
4519.281673835
-6258.1342739833
-14903.7698520276
26958.2021269282
-4562.08158541279
2228.72420545339
3223.33541656337
20755.9955168546
25200.5689750488
4638.49071068323
7057.6737188291
30648.8483701688
13249.9430101559
19039.5727478222
-13174.8630079445
16724.2728439138
21853.8212504854
10542.0465067157
1688.23452557098
-1096.45572559373
17385.7024483281
20084.7504033264
-73.8547238190768
2070.07298128761
10681.7060799408
22919.199335437
12206.6608480955
16779.9234003027
21847.6930300895
-3053.27094384472
19800.2698985868
4892.69196998117
1996.90676365983
4570.92367867634
-4791.02499665447
-75.2386122637171
-5878.01866770861
3832.36105372987
21003.6401309683
6914.24099190819
4540.25303912272
-2037.87381608441
30102.3226249545
12513.9238376541
13170.4663416073
2443.81597514395
952.157460521722
4042.6708907363
5069.49047956687
-1622.48438697106
4362.39826266785
1401.84037232701
-2683.70615475561
22972.949488832
8567.28405700746
2005.68864704952
12066.296567938
8376.09491428979
7908.87041703636
8424.71707953094
8209.79201845036
6878.035682287
1721.76360782019
