2.39927026344586
3.15949246696405
2.9857764497938
3.12960946048312
3.24396010436831
2.93919451224644
2.7137892433297
2.49775692281796
3.21769632185843
2.27577224139384
2.9104763908762
3.36485228516119
2.47829391465365
3.32315545829476
3.03065819375473
1.87250315629998
3.36469068260249
2.95144263950846
2.83310579917517
2.77173386078613
2.49152175742785
2.20279521925764
2.98794125073647
3.13858176921136
3.09570322363439
2.42795808433635
2.37978368824173
3.25554835451561
2.87297113037624
3.20076845383386
2.37244423870047
2.69129282046967
3.132999747496
2.71852621833179
2.85839659961283
2.17193586398452
3.34139634710883
2.6098619644811
2.50800521841597
2.7342993014056
3.59216985102265
2.75477569228181
2.28233734534132
2.61292904637656
2.76975759616195
1.82847319249223
3.10006985943946
2.84966669472269
2.86405942260754
2.80183907078529
2.23019358639846
3.0634769800522
2.02790421681678
3.14792105041664
2.54812978705496
2.48653564514771
2.79782594057741
2.37864237017087
2.84990909856074
2.77071711135426
2.59237522094099
2.82573604915413
2.07416631596666
2.23140560558878
2.53641696826867
2.65088208063295
2.53922481272622
2.53762898745899
2.71852621833179
1.86980978032153
2.45424543388606
2.54393148724856
2.41541705243668
2.81899924248802
2.8401624442387
3.05032993855735
2.20387930308897
2.05794545913645
2.06367224981062
2.61741688410066
2.99555677131556
2.7342993014056
2.74711640434307
2.77965911960274
3.07797070953623
2.42205622422355
2.98117414359061
2.2130872822153
2.76710798754314
2.70142664758859
1.98502903795978
3.10455433044356
1.95524366635806
2.78773588081813
1.86606935443146
2.53130628734957
2.45115141823081
2.70909266896726
3.0286751956906
3.24029711303763
2.34661812978706
2.17390876188873
2.12479168420168
2.52326992677385
2.08034761383723
1.94619728979043
1.57654827034762
2.45787139129703
2.42614005555089
2.47259069101929
2.22617708947058
2.17712061274304
2.28851527649189
2.61807676121541
2.53482114300144
2.52235754566115
1.72506102179952
2.25412086524705
2.41904300984766
2.16934012288527
2.10812305361503
2.47829391465365
1.82598855315209
2.34244339702045
2.20387930308897
2.41608029627136
2.18895800016836
2.01625873242995
2.24664001346687
2.16232724518139
2.29029963807761
2.35805151081559
2.3304141065567
2.53568302331453
2.43751620233988
2.36630334146957
2.03549280363606
2.38278343573774
2.12725612322197
1.945749516034
2.94902196784784
2.07693375978454
1.87200488174398
1.99729736554164
1.97484807676122
2.1173882669809
2.26196868950427
2.06560138035519
2.29059254271527
2.54185422102518
1.98101590775187
1.89428246780574
2.24014897735881
2.00270431781837
2.09409393148727
1.94791095025673
1.86980978032153
1.98361501557108
1.82894116656848
2.07375557612997
1.88264035013887
1.74607945459138
2.01992172376063
2.1672392896221
2.06348034677217
1.90687063378505
2.43055382543557
2.23970120360241
2.11573184075417
1.93289537917684
2.10248379766014
2.11304183149568
2.1189133911287
2.17296944701624
2.12195690598435
2.14899840080801
2.02402912212779
1.86567544819459
2.11403164716776
1.97027270431784
2.09649103610809
2.04655584546757
1.56041831495665
2.05215806750275
1.91804141065569
1.98126841174985
2.71386331116909
2.00876104704992
1.71070869455434
1.46233229526135
2.00995959936034
1.57050500799596
1.7980245770558
1.96817860449457
2.18466879892264
2.4120873663833
2.26189462166485
2.06787054961706
1.94777628145781
1.9533010689336
2.03787980809696
1.45451813820387
2.00287938725697
1.70429172628567
1.75914906152681
1.59572510731419
2.03152007406786
1.72732682434139
1.85483460988132
2.16983503072132
1.77484134332127
2.02569228179448
2.00519905731841
2.13057234239542
1.82858766097129
1.68592626883259
1.72941755744466
1.46159161686728
2.24396347108831
1.44948825856409
1.71270852621834
1.87820637993437
2.01681424122549
2.0191877788065
1.83632438346942
1.87451982156384
1.96986533120108
1.98963471088294
1.97027270431784
1.57319838397441
1.8447613837219
2.17120528575038
2.14996801616027
1.61665937210674
1.41317145021463
1.87754650281963
1.79406531436749
1.88949835872401
1.85414106556689
1.43003535055973
1.95603821227169
1.42371601717028
2.11449625452403
2.14782004881744
1.73470330780239
2.03747243498023
1.9442748926858
1.76924248800606
1.6859633027523
1.90965827792274
2.0025898493393
1.81582442555342
1.79291726285666
1.66193502230453
1.28695985186434
1.38287433717701
2.07675195690598
1.68486238532111
1.36449877956403
1.86516034003873
1.72315882501474
2.070749095194
1.75682939146537
1.68756922817946
1.4149255113206
1.56796986785625
1.65342395421263
1.55168504334654
1.9959001767528
1.71671492298628
1.53781079033752
1.7675759616194
1.54422775860618
1.79518306539853
1.47677889066577
1.70182055382546
1.41682434138542
1.58894790000844
1.4016505344668
1.74685380018516
1.68749179362007
1.54714333810287
1.91061105967512
1.44578486659373
1.42371601717028
1.60584883427322
1.41490194428079
1.45200656510394
1.90638245938894
2.08615857251073
1.96221614342227
1.53458883932331
1.71323373453413
1.52756922817946
1.80972056224223
2.02945627472437
1.59605841259153
1.87212608366301
1.45995539096037
1.54437252756503
1.54886709872906
1.25697247706424
1.59788990825689
1.49227253598184
1.83849928457201
1.48053615015573
0.97290547933676
1.25791852537665
1.44308812389531
1.56870717953035
1.64287938725698
1.54735880818114
1.60613163875095
0.92966669472267
1.35243245518055
2.15193754734452
1.65396262940831
1.46415369076678
1.57545408635639
1.84316555845467
1.57511068091912
1.29273377661815
1.31085683023315
1.88733355778135
1.44407120612743
1.50279016917767
1.62977611312181
1.31824341385405
1.5729896473361
1.39224055214208
1.30690430098477
1.44827287265383
1.48096709031228
1.5651014224392
1.58771904721826
1.34945290800439
1.65259237437928
1.67799090985608
1.32834020705329
1.32634374210926
1.46641275986872
1.41613753051089
1.6189386415285
1.46186768790506
1.23440871980475
1.31393401228854
1.62358134837135
1.5366492719468
1.48756586145947
1.35859355273126
1.41769632185844
1.41083157983334
1.42663496338693
1.4149255113206
0.94518390707853
1.22094857335242
1.57408383132733
1.13383806076931
1.32088965575289
1.51511573099907
1.33856156889152
1.33200656510397
1.29236007070114
1.23909182728727
1.27957663496341
1.41809359481525
1.11943186600456
1.7343531689252
1.56252251493981
1.40421934180625
1.21975338776198
1.41317145021463
1.4188006060096
1.46143338102854
0.92966669472267
1.50389782004882
1.4532152175743
1.43631091658952
1.38844289201248
1.25891844120866
1.06645652722835
1.64385236932918
1.26098224055215
1.62398535476814
1.49805319417558
1.15826698089387
1.0892020873664
1.50759111185928
1.49646410234828
1.33596919451224
1.21560558875515
1.40818533793453
1.31029458799765
1.50457116404343
0.926077771231377
1.31936453160509
1.26766854641866
1.34316724181468
1.22104284151166
1.33599276155206
1.02723423954214
1.16919198720646
1.30115394327078
1.01401649692787
1.12791600033668
1.40431024324553
1.19232808686138
1.29601969531186
1.00945795808434
1.1345383385237
1.21872990489018
1.23496422860029
1.20996969952026
1.18854726033163
1.20913138624695
1.34009679319922
1.16360659877117
1.0711531015908
1.13185842942514
1.15943523272452
0.93361922397105
1.19718626378253
1.01763235417894
1.22096204023231
1.08820553825436
1.30657436242743
1.01591532699268
1.47019695311843
1.12637740930899
1.11832084841345
1.18457789748339
1.09648430266813
1.32028364615775
1.50366214965072
1.22572594899421
1.18847319249221
1.01131638750948
1.29623179867016
1.09987122296104
1.14975927952193
1.17165979294674
1.42257133237945
1.05765255449879
1.22004629239964
1.38561821395507
1.15107566703139
1.23287349549702
1.33266980893865
1.13744381786046
1.10701540274388
0.944534130123742
1.13056560895549
1.00973402912214
1.14895463344837
1.04256628229948
1.04240804646074
1.18652722834779
1.26376651796988
1.21823836377411
0.900854305193178
1.22963807760291
1.13676710714586
0.950964565272301
0.856450635468406
1.15943523272452
1.11678899082568
0.873859944449123
1.03607524619142
1.31991667368067
1.11901439272791
0.946032320511762
0.998768622169848
1.08160340038717
1.12000757511996
1.00493981988049
1.14917347024661
1.03380607692955
1.09503997979968
1.26261846645906
0.875576971635383
1.02408972308729
0.927602895379181
1.14347024661225
1.10081727127346
1.18610975507113
1.40601717027187
1.12123642791011
1.04563673091491
1.0854616614763
1.05797239289623
1.17566955643466
0.944123390287018
1.18363858261091
1.16212187526304
1.11315629997475
0.883421429172643
0.937679488258567
1.15899419240804
1.16069101927448
0.905261341637924
0.976201498190392
0.883485396852137
1.2022397104621
0.940608534635146
1.01409056476729
0.854403669724775
1.01843026681257
1.14642959346858
1.0249145694807
1.05897904216818
0.984658698762729
1.0529122127767
1.12339112869287
1.06243329686055
0.920512583115908
0.882562915579513
0.706601296187188
0.977726622338196
1.07975507112198
0.834371685885031
0.93361922397105
0.94869876273043
0.92950845888393
0.927747664338028
1.27914569480683
0.950964565272301
0.963145358134852
0.969989899840101
1.02853379345174
0.927037286423712
0.977484218500138
1.107375641781
0.837182897062547
1.06492466964062
1.07952276744382
0.876839491625304
1.06065566871476
0.944123390287018
1.2605614005555
0.758522851611815
0.784594731083246
0.820332463597339
1.07739836714083
0.967734197458128
0.994957495160349
1.02893779984851
1.00014561063884
1.03448278764415
0.946032320511762
0.961286928709711
0.655309317397524
1.13996885784024
0.706843700025246
1.2051889571585
0.878950425048401
1.36979799680162
0.870415789916677
0.853730325730169
0.94518390707853
0.92966669472267
1.02651712818786
1.01142748926858
1.00288612069693
0.816278932749782
0.790334988637341
0.836997727464023
0.931656426226766
0.792159750862737
0.915570238195443
0.846047470751614
0.94194512246446
0.578453833852365
1.11628734954971
0.98383721908931
0.882724518138218
0.937679488258567
0.706601296187188
0.957068428583455
0.945042504839677
0.973407120612762
0.877243498022068
0.994462587324307
0.79003535055972
0.96488595236093
0.935464186516299
0.943379345172986
0.730090901439269
0.92033078023735
0.919765171281881
0.911385405268931
0.837711472098306
0.976992677384061
1.04005807591955
0.927030552983751
0.927198888982417
0.731717027186278
1.06835535729317
0.784752966921985
1.0093636899251
0.756795724265629
0.802004040063963
0.884178941166567
0.71777207305783
0.760694385994441
0.892632775018939
0.791200235670402
0.998031310495747
0.657426984260582
0.669604410403167
0.59216648430268
0.765030721319761
0.703544314451648
1.01759195353927
0.905183907078538
0.91411918188706
0.762000673344005
0.744177257806598
0.828412591532697
0.907850349297206
0.803933170608531
0.779194512246448
0.837445501220429
0.80377493476982
0.687926100496611
0.813757259489961
0.985672081474632
0.831738910866108
0.971191818870466
0.670675027354605
0.66901523440788
0.720529416715777
0.840401481356793
0.741396347108832
0.822402996380788
0.70772914737816
0.845239457958087
0.830361922397117
0.721192660550457
0.99744886794042
0.793556939651552
0.81126588670989
0.71337513677301
0.813511488931908
0.772713576298287
0.631819712145443
0.965576129955394
0.807333557781334
1.08498695396011
0.74437926100498
0.801589933507302
0.874735291642111
0.697965659456287
0.670759195353924
0.704217658446254
0.935962461072307
0.678576719131399
0.794368319165073
0.50431866004547
0.91440535308476
0.70776618129787
0.804455012204357
0.561152259910784
0.662473697500218
0.917479168420186
0.770956148472351
0.808229105294174
0.719936874000524
0.838223213534235
0.874442387004478
0.832587324299311
0.575312684117506
0.538268664253849
0.713604073731176
0.71120696911035
0.795152764918782
0.706025587071792
0.647242656342058
0.682562915579496
0.60280531941757
0.801101759111191
0.794728558202166
0.592624358219012
0.729710462082323
0.759398198804831
0.747873916337028
0.662382796060939
0.855861459473118
0.624766433801881
0.657608787139139
0.64151923238785
0.85567965659456
0.749055635047569
0.871974581264197
0.613080548775372
0.956751956906004
0.718425216732612
0.825520579075857
0.478677720730587
0.716964060264303
0.786308391549539
0.657426984260582
0.596826024745411
0.66576971635385
0.757691271778469
0.548708862890322
0.643172291894615
0.633802710209579
0.720852621833188
0.733918862048654
0.536127430351002
0.642192576382456
0.630301321437599
0.438815756249483
0.692609207979132
0.63498442892012
0.715785708273728
0.523040989815684
0.640539516875691
0.689040484807691
0.529936032320506
0.775773924753821
0.811225486070214
0.654662907162702
0.589409140644733
0.671405605588774
0.661329012709388
0.662167325982665
0.608387341132897
0.55434138540528
0.569417557444666
0.653804393569573
0.767653396178787
0.694423870044602
0.686468310748268
0.576026428751788
0.704739500042081
0.609535392643721
0.569279521925779
0.661682518306549
0.650148135678819
0.570366972477075
0.692572174059421
0.665830317313379
0.4728633953371
0.603633532530949
0.69702971130377
0.776780574025764
0.429469741604237
0.761980473024153
0.743951687568398
0.567650029458804
0.517543136099675
0.601643801026853
0.502089891423282
0.551341637909275
0.612824678057422
0.671018432791868
0.586227590270198
0.563189125494489
0.611249053110015
0.571400555508802
0.576026428751788
0.661130376230972
0.608387341132897
0.438623853211027
0.701194343910458
0.481613500547098
0.578989142328084
0.59385321100919
0.505921218752633
0.596826024745411
0.660332463597342
0.522775018937807
0.58094857335243
0.401714502146291
0.572892012456862
0.623668883090659
0.556788990825709
0.596876525544985
0.737295682181639
0.630069017759467
0.484936453160515
0.604253009005987
0.602219510142248
0.652104199983171
0.564983587240135
0.702460230620318
0.51935443144518
0.722973655416212
0.545520579075855
0.643172291894615
0.589570743203439
0.636920292904648
0.639519400723856
0.558061610975528
0.50431866004547
0.56940745728474
0.532854978537159
0.460295429677643
0.724949920040416
0.519357798165146
0.518196279774429
0.612481272620158
0.44529332547765
0.657921892096624
0.478677720730587
0.508500126252017
0.578453833852365
0.545466711556287
0.544483629324134
0.558351148893195
0.470419156636666
0.453902028448795
0.595391802036886
0.566532278427758
0.508277922733782
0.64151923238785
0.492548607019614
0.339514350643896
0.542955138456364
0.579433549364552
0.457097045703222
0.448878882248977
0.324922986280626
0.721603400387181
0.448912549448693
0.54956064304352
0.538285497853735
0.484249642286017
0.595799175153616
0.540770137193846
0.527097887383235
0.517300732261589
0.458783772409731
0.500534466795727
0.453753892769981
0.457238447942103
0.532592374379277
0.672557023819564
0.400371180877045
0.451764161265885
0.559411665684706
0.472570490699439
0.632173217742633
0.473109165895124
0.467166905142676
0.454423870044621
0.559761804561902
0.559657436242759
0.496847908425224
0.4269144011447
0.517563336419499
0.523017422775865
0.486741015066087
0.354092248127273
0.515994444912053
0.380739836714099
0.439889739920886
0.448878882248977
0.484657015402746
0.431816345425489
0.528707179530358
0.543736217490107
0.408013635215895
0.552927363016579
0.38780994865752
0.411353421429169
0.443256459893945
0.421645484386858
0.526943018264461
0.483290127093682
0.425907751872757
0.449764329601891
0.368737480010111
0.506103021631191
0.469695311842457
0.351907246864755
0.545069438599455
0.518539685211692
0.523987038128098
0.391193502230465
0.508617961451051
0.447946300816426
0.394435653564528
0.442633616698942
0.394290884605681
0.448912549448693
0.457097045703222
0.516199814830401
0.451821395505448
0.467762814577895
0.602674017338614
0.331127851190985
0.565377493477001
0.53553488763572
0.434708357882329
0.428853631849165
0.438623853211027
0.488394074572852
0.486057570911555
0.401485565188125
0.460032825519733
0.369515192323888
0.467564178099508
0.436687989226499
0.344298459725621
0.436846225065239
0.395162865078703
0.361334062789325
0.426638330106897
0.32857924417138
0.456773840585811
0.408293072973663
0.464547597003616
0.336534803467742
0.3953379345173
0.435890076592898
0.396102179951185
0.42150071542801
0.425029037959774
0.372737143338099
0.475516370675876
0.385396010436835
0.449710462082322
0.40925932160593
0.392759027017945
0.366727548186191
0.429910781920711
0.438623853211027
0.438738321690096
0.452168167662649
0.429385573604918
0.39724349802205
0.478519484891848
0.40206127430352
0.422628566618982
0.404232808686146
0.368276239373785
0.395805908593559
0.399408298964744
0.423571248211431
0.414447437084419
0.400738153354098
0.470062284319511
0.415709957074341
0.380901439272805
0.414726874842188
0.387348708021221
0.415295850517651
0.405616530595069
0.396445585388449
0.431796145105636
0.384163790926692
0.419019442807866
0.337295682181633
0.389799680161616
0.407656762898739
0.404461745644312
0.365875768032993
0.344813567881488
0.424665432202687
0.404566113963483
0.328070869455445
0.350688494234504
0.347321774261445
0.337501052100009
0.504497096204034
0.297319249221459
0.414827876441393
0.394678057402587
0.409713828802296
0.311425805908613
0.340318996717457
0.418046460735638
0.374541705243672
0.407118087703054
0.338679404090584
0.293999663328009
0.372346603821228
0.403034256375747
0.335824425553426
0.527939567376478
0.43813231209495
0.431893779984847
0.403421429172624
0.374104031647164
0.415922060432621
0.511173301910617
0.30566871475466
0.337969026176268
0.389220604326255
0.326360575709117
0.302675700698614
0.407165221782691
0.358963891928283
0.418352832253191
0.371030216311766
0.465803383553578
0.327872232977029
0.439987374800097
0.38832842353338
0.352560390539537
0.303948320848434
0.484599781163212
0.295571921555421
0.408623011531034
0.337834357377346
0.306466627388261
0.32032741351739
0.450161602558723
0.401633700866938
0.365074488679397
0.302938304856497
0.320024408719803
0.309153269926782
0.374400303004791
0.42318744213452
0.381608450467127
0.331784361585733
0.356960693544323
0.298921807928622
0.33100328255199
0.362236343742126
0.28619897315042
0.44137783014898
0.321317229189475
0.339830822321375
0.362589849339287
0.34789074993688
0.359596835283241
0.329289622085696
0.355206632438353
0.390779395673775
0.351873579665011
0.325784866593722
0.397630670818955
0.295666189714666
0.312368487501061
0.397977442976185
0.429954549280382
0.302184159582538
0.30324467637405
0.449545492803651
0.376652638666798
0.311489773588079
0.336373200909009
0.337608787139146
0.272678225738588
0.319670903122642
0.28126672838988
0.302264960861891
0.279704570322366
0.321317229189475
0.444337177005309
0.248330106893377
0.3708618803131
0.249202087366399
0.34629492466965
0.310382122716959
0.366431276828564
0.302244760542038
0.28779479841765
0.279923407120606
0.313775776449802
0.34591111859271
0.327872232977029
0.336575204107419
0.312291052941674
0.307035603063724
0.32160003366721
0.28126672838988
0.333979463008177
0.328532110091743
0.225810116993529
0.265540779395678
0.326081137951348
0.315001262519985
0.293316219173477
0.310089218079298
0.339527817523788
0.296221698510237
0.324795050921637
0.269732345762151
0.270459557276325
0.345160340038717
0.361573099907417
0.38223802710209
0.260797070953629
0.333050248295592
0.357472434980224
0.231722077266227
0.31918272872656
0.320411581516709
0.296544903627648
0.329306455685554
0.296682939146535
0.322253177341992
0.319526134163795
0.338272030973826
0.335140981398865
0.240754986953959
0.295723423954229
0.276896725864844
0.312078949583366
0.314038380607713
0.276805824425566
0.320374547596998
0.264729399882185
0.251669893106651
0.303005639255957
0.305648514434807
0.296682939146535
0.311419072468652
0.274183149566539
0.289898998400815
0.248639845130896
0.281135426310925
0.276358050669131
0.330309738237531
0.33979042168167
0.259904890160755
0.240825688073414
0.194913727800696
0.294656173722757
0.268116320175068
0.244663748842697
0.278139045534886
0.212599107819216
0.347315040821485
0.291410655668727
0.256006228431971
0.28126672838988
0.33147799006818
0.299888056560917
0.302184159582538
0.305433044356533
0.339901523440801
0.312735459978114
0.305167073478657
0.343638582610907
0.21596919451224
0.242835619897335
0.252575540779389
0.312449288780414
0.303204275734373
0.31659372106725
0.295423785876608
0.324502146283976
0.273297702213625
0.351270936789831
0.185766349633866
0.273439104452507
0.224500462923999
0.237788906657698
0.232052015823598
0.29652807002779
0.356711556266305
0.194913727800696
0.213147883174827
0.282121875263044
0.239219762646258
0.278667620570673
0.326549112027607
0.239000925847989
0.325454928036379
0.304315293325487
0.248602811211185
0.347419409140656
0.269907415200748
0.264133490446937
0.237458968100327
0.267974917936215
0.244391044524889
0.216393401228856
0.263342311253268
0.253454254692372
0.261366046629092
0.334225233566201
0.391833179025355
0.191573941587421
0.175780658193759
0.298517801531858
0.255693123474458
0.230409056476731
0.347291473781667
0.259665853042691
0.288851948489196
0.240586650955322
0.227688746738494
0.247562494739498
0.327027186263791
0.238256880733957
0.294831243161354
0.232637825098891
0.194873327161019
0.281273461829812
0.265022304519817
0.2449398198805
0.245757932833953
0.27559043851528
0.215140981398889
0.221214544230293
0.238758522009931
0.226941334904467
0.259029542967767
0.276923659624629
0.269803046881577
0.235684706674533
0.217854557697166
0.261531015907764
0.168161770894727
0.188897399208827
0.235543304435652
0.36235417894116
0.228341890413276
0.23298459725612
0.236233482030144
0.172107566703147
0.189193670566453
0.167091153943289
0.249202087366399
0.19248632270012
0.212124400303026
0.246804982745573
0.191917347024656
0.253292652133666
0.195189798838499
0.239303930645576
0.208858681929144
0.209835030721337
0.166522178267826
0.247141654742876
0.219992424880076
0.290760878713911
0.22572594899421
0.200425048396596
0.275947310832436
0.300268495917862
0.209626294082994
0.213481188452164
0.191573941587421
0.239643969362845
0.224278259405793
0.209491625284073
0.273637740930894
0.308170187694657
0.220773503913819
0.237913475296693
0.217140813062883
0.282445080380455
0.163923070448618
0.256807507785538
0.195331201077352
0.183076340375408
0.194913727800696
0.185126672839004
0.182692534298468
0.168161770894727
0.189213870886306
0.208858681929144
0.210356872317163
0.187826782257389
0.236512919787913
0.183099907415198
0.19714586314285
0.193651207810802
0.200425048396596
0.178080127935374
0.223413012372703
0.181009174311924
0.232311253261514
0.2209149061527
0.190836629913321
0.192001515024003
0.195758774513934
0.192284319501738
0.207219089302242
0.217925258816592
0.212945879976445
0.232439188620504
0.163276660213796
0.227830148977375
0.182365962461091
0.206084504671338
0.16852874337178
0.25111438431108
0.208821648009433
0.217140813062883
0.215073646999429
0.17314451645484
0.272509889739922
0.173094015655266
0.216265465869895
0.198670987290626
0.28272115141823
0.239273630165826
0.171208652470341
0.206687147546518
0.223628482450977
0.182642033498865
0.170090901439266
0.194199983166413
0.162929888056567
0.181413180708688
0.190560558875518
0.236725023146221
0.206013803551883
0.187671913138644
0.161940072384482
0.164643548522861
0.203475296692204
0.20736385826109
0.141268411749849
0.200758353673933
0.160438515276496
0.193391970372858
0.242828886457374
0.193290968773681
0.187395842100841
0.183103274135192
0.226298291389611
0.15670818954635
0.159431866004553
0.166421176668649
0.24534719299723
0.215060180119536
0.160647251914838
0.206912717784718
0.195176331958606
0.233253934853963
0.183190808854476
0.19573857419411
0.184221025166238
0.153560306371531
0.181931655584549
0.184527396683791
0.174063631007499
0.210733944954143
0.150998232472034
0.189213870886306
0.189755912801957
0.183076340375408
0.141776786465783
0.176504502987967
0.178888140728901
0.232674859018601
0.166478410908184
0.199593468563251
0.187123137783033
0.163646999410844
0.156321016749445
0.162923154616635
0.194196616446447
0.16078192071376
0.202270010941845
0.178773672249804
0.137575119939413
0.167091153943289
0.159330864405348
0.187729147378178
0.160573184075417
0.190967931992276
0.19379597676965
0.167104620823181
0.181601717027206
0.164808517801532
0.194573689083427
0.161505765507968
0.192058749263538
0.215582021715363
0.186426226748608
0.174457537244336
0.153560306371531
0.142029290463768
0.169097719047215
0.240186011278524
0.160707852874339
0.165929635552573
0.168639845130883
0.214201666526407
0.191173301910624
0.175050079959618
0.178268664253864
0.164778217321782
0.155940577392471
0.181951855904401
0.191513340627893
0.157364699941098
0.145113205959092
0.205784866593717
0.133982829728154
0.172918946216669
0.12614847235082
0.162226243582211
0.125380860196969
0.197896641696843
0.180817271273469
0.182463597340302
0.259453749684383
0.193910445248719
0.181709452066343
0.142036023903728
0.165485228516133
0.155792441713658
0.162862553657106
0.157674438178617
0.123283393653736
0.18620738995034
0.202882753976951
0.170010100159914
0.163596498611241
0.132757343657943
0.162138708862898
0.174922144600629
0.164323710125416
0.126599612827221
0.160505849675957
0.175417052436671
0.179723087282213
0.125596330275243
0.176383301068938
0.146305024829559
0.157647504418833
0.194610723003109
0.137376483460997
0.142854136857181
0.155940577392471
0.166697247706423
0.220295429677634
0.171908930224731
0.110439356956505
0.144167157646677
0.162505681339951
0.165384226916927
0.160573184075417
0.129410824004708
0.175588755155303
0.161142159750881
0.165781499873759
0.191755744465951
0.147123137783012
0.195556771315552
0.115933843952547
0.162933254776533
0.108032152175753
0.176066829391459
0.123515697331868
0.137575119939413
0.161940072384482
0.135824425553409
0.183631849170951
0.121936705664524
0.129602727043192
0.134110765087115
0.12824930561402
0.131188452150496
0.180584967595337
0.12873074657017
0.132585640939311
0.13019190303848
0.192415621580693
0.155401902196786
0.151008332631932
0.115933843952547
0.148641528490884
0.136652638666789
0.11432791852539
0.167474960020201
0.124734449962119
0.126932918104558
0.141032741351751
0.114513088123914
0.146641696826862
0.140460398956321
0.118660887130716
0.171114384311096
0.113853211009172
0.180201161518397
0.123007322615962
0.145490278596071
0.138867940409057
0.144490362764088
0.126599612827221
0.16170103526639
0.12398030468816
0.137029711303768
0.147089470583296
0.141847487585238
0.164949920040414
0.136551637067583
0.150998232472034
0.107028869623775
0.131807928625534
0.144914569480704
0.115701540274387
0.1139138119687
0.121727969026182
0.167330191061353
0.144099823247217
0.130181802878553
0.142133658782939
0.146564262267503
0.161206127430347
0.16483208484135
0.122364279101106
0.149402407204775
0.160549617035599
0.133548522851612
0.108947900008417
0.137214880902292
0.130151502398803
0.165586230115309
0.114247117246038
0.118664253850682
0.129676794882585
0.107840249137297
0.130451140476396
0.1298148304015
0.126565945627476
0.13044777375643
0.110520158235857
0.141089975591285
0.104843868361257
0.140177594478587
0.1139138119687
0.103197542294424
0.128390707852873
0.113331369413345
0.129818197121466
0.159775271441816
0.125599696995209
0.117132396262946
0.108190388014492
0.138948741688409
0.127690430098482
0.105736049154132
0.102608366299137
0.131141318070888
0.125387593636901
0.112132817102946
0.11455348876359
0.167532194259763
0.0942622674859024
0.135901860112796
0.175231882838148
0.12873074657017
0.119404932244777
0.121670734786647
0.115119097719059
0.130770978873841
0.104039222287696
0.120276912717799
0.122714417978301
0.102857503577155
0.0928549785371615
0.11980220520158
0.116455685548374
0.112836461577302
0.112132817102946
0.115863142833092
0.0921984681424135
0.142820469657437
0.129323289285423
0.0988342732093201
0.125141823078877
0.122229610302156
0.151516707347866
0.115031562999746
0.0877678646578772
0.125656931234744
0.110264287517879
0.103901186768809
0.127697163538443
0.129084252167331
0.107416042420681
0.0948379766012977
0.119142328086866
0.120024408719814
0.116937126504524
0.139766854641863
0.104561063883523
0.12025334567798
0.111553741267585
0.102120191903055
0.113149566534815
0.125444827876436
0.108638161770898
0.187214039222283
0.136534803467725
0.0994537496843861
0.126616446427079
0.108190388014492
0.109688578402512
0.10995454928036
0.119048059927621
0.115900176752803
0.115119097719059
0.121445164548447
0.12519232387848
0.124990320680098
0.107978284656184
0.0880237353758275
0.103231209494169
0.122222876862224
0.0949827455601451
0.146429593468582
0.120475549196215
0.138521168251827
0.115580338355358
0.0945450719636369
0.118697921050426
0.105618213955069
0.123956737648342
0.119017759447871
0.0789133911287081
0.107304940661578
0.104726033162194
0.103322110933419
0.118260247453918
0.103897820048815
0.0921850012625214
0.0986659372106828
0.076839491625293
0.124367477485066
0.112085683023309
0.106446427068448
0.107416042420681
0.115731840754165
0.110153185758776
0.115422102516618
0.0934441545324489
0.110291221277691
0.0900269337597877
0.112748926858018
0.110459557276329
0.103362511573096
0.108116320175071
0.116277249389782
0.110203686558378
0.0976727548186318
0.1191389613669
0.111557107987551
0.108547260331619
0.1005647672755
0.163007322615954
0.159081727127358
0.0866400134668766
0.0992618466459021
0.103635215890932
0.124576214123408
0.0910941839912596
0.144126757007001
0.110473024156221
0.0944811042841707
0.0818929383048612
0.111913980304706
0.0975246191398185
0.110031983839747
0.104577897483381
0.0976727548186318
0.116455685548374
0.0923466038212268
0.111472939988232
0.0997836882417289
0.111062200151508
0.0863538422691761
0.103874253009025
0.0990733103274124
0.104039222287696
0.0943700025250394
0.100349297197226
0.0761728810706188
0.104338860365289
0.0607061695143614
0.127020452823842
0.121903038464779
0.0822329770221302
0.104227758606186
0.100514266475898
0.103211009174316
0.11383974412928
0.0987938725696438
0.100170861038634
0.0827615520579172
0.0991608450467254
0.101551216227591
0.112560390539528
0.094753808601979
0.118734954970137
0.104527396683778
0.107385741940931
0.0876298291389617
0.0886802457705755
0.0820107735039244
0.0967772073057915
0.129922565440637
0.110944364952445
0.0837042336503657
0.0999553909603605
0.120701119434386
0.102971972056224
0.0820107735039244
0.0950803804393558
0.0847748506018036
0.082717784698275
0.106624863227012
0.0756577729147523
0.0973731167410108
0.085151923238783
0.101137109670901
0.0790211261678451
0.0914645231882787
0.103830485649354
0.10010689335914
0.101655584546762
0.0980161602558667
0.107658446258739
0.0765768874673824
0.0914241225486023
0.0956055887551486
0.101568049827449
0.0952722834778399
0.0928347782173375
0.0744087198047509
0.0796002020032063
0.0647496002020205
0.080212945038312
0.0923466038212268
0.0827076845383488
0.0843304435653636
0.0734222708526318
0.0803745475970175
0.114496254524028
0.0971441797828447
0.102130292062952
0.0811455264708343
0.137053278343586
0.0906868108745016
0.0661568891507613
0.0877678646578772
0.0881483040148225
0.09290884605673
0.0861888729905047
0.073112532615113
0.0957537244339903
0.0834416294924836
0.0760415789916635
0.0924880060601083
0.101137109670901
0.0901010015992085
0.073112532615113
0.0819266055046057
0.0905689756754668
0.0846401818028824
0.0674093089807286
0.0623390287013024
0.0789268580086002
0.0934037538927726
0.102147125662839
0.0732202676542499
0.0787585220099345
0.0749339281205437
0.0801893779984937
0.0984538338523748
0.0657293157141794
0.0781323120949367
0.0843035098055793
0.090814746233491
0.083640265970871
0.0866063462671605
0.0749238279606175
0.0962553657099647
0.0909056476727699
0.0796709031226328
0.0955786549953643
0.0806472519148258
0.0817616362259059
0.0822329770221302
0.080212945038312
0.0875860617793194
0.0765937210672689
0.05464607356285
0.112227085262191
0.0663959262688536
0.0759776113121973
0.0757520410739971
0.0944811042841707
0.123313694133486
0.0855155289958702
0.0920839996633447
0.0850105209999299
0.0706177931150762
0.127572594899419
0.070964565272277
0.088878882248963
0.0866669472266608
0.14379681844963
0.0995715848834209
0.0809536234323787
0.0936427910108648
0.0912288527901808
0.0757520410739971
0.053669724770657
0.0892559548859708
0.0722573857419491
0.0716412759868774
0.0803678141570572
0.0658707179530325
0.09335325309317
0.0664497937884221
0.0817347024661217
0.0667696321858386
0.0662174901102617
0.0540198636478522
0.0538144937295044
0.092444238700466
0.0902895379176982
0.0593258143254047
0.080569817355439
0.064271525965836
0.0733987038128134
0.0770414948236748
0.0739609460483166
0.0972721151418341
0.0818087703055426
0.0476668630586801
0.0896835283225528
0.0779269421765889
0.0693350728053304
0.0624804309401554
0.0810108576719131
0.0686886625705085
0.0752604999579205
0.0862663075498631
0.074088881407306
0.0597601212019185
0.0779269421765889
0.0615949835872414
0.0693317060853644
0.0662713576298302
0.0771525965827777
0.0782131133742894
0.0731765002946076
0.0709982324720215
0.0727657604578837
0.102615099739097
0.0809502567124127
0.073112532615113
0.0789133911287081
0.090831579833349
0.0605748674354061
0.0737050753303663
0.0693317060853644
0.0838826698089576
0.062211093342313
0.0556628229946909
0.0580195269758406
0.0973293493813685
0.0721563841427439
0.0769943607440382
0.0655542462755818
0.0729239962966233
0.0509864489521021
0.0686213281710479
0.0687290632101849
0.0557772914737882
0.0877240972982065
0.0725098897399334
0.0749305614005493
0.0653556097971659
0.0578410908172771
0.0667763656257989
0.0655778133153717
0.0567805740257654
0.0541679993266655
0.0825999494992118
0.0738666778890718
0.0701397188788917
0.0695943102432466
0.0584167999326723
0.0672241393822048
0.0665002945879962
0.0758934433128502
0.0732236343742159
0.0587231714502252
0.0739003450888163
0.0680759195354028
0.0520435990236479
0.0798998400807989
0.0628070027775607
0.0688940324888563
0.0730620318155104
0.0731765002946076
0.0724459220604388
0.0599452908004423
0.0574505513004056
0.0558782930729933
0.0719712145442486
0.0709847655921294
0.0784824509721602
0.0607600370339298
0.0560533625115909
0.07630754986954
0.0819333389445376
0.0688603652891118
0.0636352158909119
0.0511648851106941
0.0574505513004056
0.0527876441377089
0.05464607356285
0.0530266812558011
0.0666012961872013
0.0730418314956864
0.0553901186768826
0.0607465701540377
0.0597533877619867
0.0605513003955878
0.0586996044104069
0.0706682939146503
0.0758934433128502
0.0689276996885724
0.0493300227253712
0.0561341637909436
0.0704157899166944
0.0692105041663353
0.0471988889824217
0.0587972392896177
0.0756173722750759
0.053918862048647
0.0710116993519136
0.0629248379765954
0.0520469657436422
0.0779606093763334
0.0699410824004758
0.0587837724097255
0.0645947310832469
0.081990573184072
0.0661770894705853
0.0493771568049795
0.0513062873495471
0.053474455012207
0.0709544651123792
0.0567300732261629
0.070927531352595
0.0847613837219114
0.0756443060348602
0.0713685716690691
0.0493064556855529
0.0677291473781736
0.0609788738321697
0.0616825183065544
0.067678646578571
0.0472527565019902
0.0527876441377089
0.0529963807760225
0.0574707516202295
0.0576491877788214
0.0638574194091461
0.0511413180708757
0.0573293493813765
0.0679176836966633
0.0532286844541829
0.0497777964817772
0.0489091827287211
0.0613896136688936
0.0514577897483548
0.059564851443497
0.0538111270095101
0.0452394579581039
0.0452899587576781
0.055551721235588
0.0640796229273803
0.068995034088033
0.0536663580506627
0.0573091490615241
0.0576256207390031
0.0493636899250873
0.0615916168672754
0.0538245938894022
0.0525755407794009
0.0517136604663051
0.0522725359818139
0.0473032573015928
0.0622481272620234
0.0519459641444371
0.0550770137193979
0.0564674690682807
0.0513601548691156
0.0614737816682123
0.0571206127430344
0.0576188872990429
0.0515150239878892
0.061197710630438
0.0600799595993635
0.0531882838145066
0.060009258479937
0.0572822153017398
0.0512591532699389
0.0530738153354093
0.0611202760710512
0.0497340291221349
0.0496700614426402
0.0532488847740069
0.0704191566366603
0.0545316050837528
0.064840501641271
0.050935948152528
0.0547134079623106
0.0619552226243627
0.0485253766518099
0.0650054709199708
0.0453875936369172
0.0510403164716706
0.0452461913980358
0.0487139129702996
0.0587231714502252
0.0406169514350836
0.0505487753556224
0.0607533035939696
0.0499023651208006
0.0527708105378508
0.0489630502482896
0.0703551889571656
0.0541545324467734
0.0578949583368455
0.0547975759616293
0.0520065651039658
0.0594369160845076
0.0540703644474547
0.0490236512078184
0.0627464018180319
0.0491381196869156
0.0479193670566644
0.0506295766349751
0.0639382206884989
0.0652748085178132
0.0484647756922811
0.0496532278427821
0.0559658277922779
0.0490606851275288
0.0436368992509131
0.0495959936032477
0.054666273882674
0.0614030805487857
0.0728297281373784
0.0451317229189669
0.0504982745560199
0.052589007659293
0.0546023062031793
0.0494444912044401
0.0547100412423163
0.045061021799512
0.0485253766518099
0.0474311926605537
0.0557335241141459
0.03653985354768
0.0448623853210961
0.0600563925595452
0.0441351738069216
0.0607196363942535
0.0618171871054756
0.0508585135931412
0.0570936789832501
0.0386844541705216
0.0508585135931412
0.0525957410992532
0.0485051763319575
0.0535720898914178
0.0466871475465211
0.0589049743287546
0.0476331958589356
0.063274976853819
0.0763883511488928
0.0456670313946574
0.104833768201331
0.04635720898915
0.0507272115141859
0.0476230956990094
0.0537538927699757
0.0469430182644714
0.0527034761383902
0.0620057234239653
0.0837143338102919
0.0494175574446558
0.0526832758185378
0.0599250904806183
0.0594402828044736
0.0370414948236828
0.0483940745728546
0.0415259658277876
0.0537370591701176
0.0423238784614171
0.0500538675195799
0.0465423785876737
0.0533195858934619
0.0520536991835741
0.0414687315882531
0.0633456779732455
0.0537101254103334
0.0560432623516647
0.0517877283056976
0.0708702971130322
0.0671197710630622
0.0475288275397645
0.0402533456779679
0.0324964228600493
0.0427379850181069
0.0548110428415214
0.0480405689756935
0.0577973234576348
0.0450105209999094
0.0538750946890048
0.0485253766518099
0.0413778301489742
0.0630595067755451
0.0428086861375334
0.0424114131807301
0.0438086019695447
0.060898072552817
0.0501851695985351
0.0456737648346177
0.0472359229021322
0.0538212271694363
0.0509090143927438
0.0480439356956595
0.0438894032488975
0.0435392643717023
0.0443001430855929
0.0488283814493684
0.0528953791768458
0.0493434896052634
0.0428894874168861
0.0408593552731418
0.0493064556855529
0.0483907078528887
0.0441351738069216
0.0424686474202645
0.0490135510478922
0.0592046124063756
0.0405125831159125
0.045929635552568
0.0512187526302625
0.0379134752967047
0.0640089218079254
0.050831579833357
0.0497205622422428
0.0442159750862743
0.0466669472266688
0.0428053194175675
0.0472561232219562
0.0483200067334337
0.0435089638919237
0.0392433296860588
0.0396473360828224
0.0463403753892919
0.0421185085430693
0.0482863395337176
0.0372535981819908
0.0429904890160913
0.0422801111017748
0.0563967679488258
0.044279942765769
0.0514443228684627
0.0364859860281115
0.0579387256964878
0.051255786549973
0.035311000757531
0.0353817018769576
0.0428995875768123
0.0510773503913811
0.0521648009426769
0.0412633616699054
0.0456064304351571
0.0651300395589658
0.0590463765676361
0.0427682854978571
0.0417145021462773
0.0404385152764917
0.0393375978453037
0.0435392643717023
0.0462764077097972
0.0405832842353391
0.0400749095194044
0.0621437589428524
0.0333347361333267
0.0326075246191522
0.0398863732009147
0.0402533456779679
0.0395463344836458
0.0465087113879292
0.0370953623432513
0.0451586566787512
0.0437210672502317
0.037957242656347
0.0595177173638604
0.0366509553068113
0.043407962292747
0.0544036697247918
0.0446233482030323
0.0456064304351571
0.0491246528070235
0.0400412423196883
0.0426033162191857
0.0415124989478954
0.0486398451308787
0.0530165810958749
0.0479059001767723
0.0600833263193294
0.037745139298039
0.0402600791179282
0.0487745139297999
0.0465726790674239
0.0384252167326054
0.0333347361333267
0.0393375978453037
0.0368091911455224
0.0326075246191522
0.0379134752967047
0.0392433296860588
0.0389672586482561
0.0413441629492581
0.0408660887130736
0.0345029879639753
0.0443304435653715
0.039058160087535
0.0362974497096218
0.0348430266812727
0.0458353673933232
0.0414855651881112
0.0408290547933632
0.0452461913980358
0.0399032068007728
0.0338195438094431
0.0319139803046937
0.0387450551300503
0.040122043599041
0.0435224307718158
0.0393308644053718
0.0406405184748735
0.0424989479000146
0.053902028448789
0.0467679488258739
0.0485018096119916
0.0412364279101212
0.0385497853716004
0.0493266560054053
0.0367620570659142
0.0427043178183624
0.034674690682607
0.0410579917515292
0.035311000757531
0.0386844541705216
0.0376643380186863
0.0304326235165604
0.037640770978868
0.0464514771483948
0.043852369329187
0.0336141738910953
0.0339441124484665
0.0382097466543314
0.0469766854641875
0.0344962545240435
0.0351022641191889
0.0369270263445856
0.0322674859018548
0.0352706001178547
0.0422363437421041
0.0504006396768091
0.0365263866677878
0.0645812642033547
0.0298670145610629
0.035526470835805
0.0442092416463424
0.030961198552319
0.0430578234155519
0.0394150324046905
0.0457511993940045
0.0365061863479639
0.0352369329181101
0.0474884269000881
0.0324459220604467
0.0463841427489342
0.029419240804657
0.0319038801447675
0.0522961030216322
0.0504242067166274
0.0373040989815649
0.0444617456443268
0.0348160929214885
0.0372232977022122
0.0389773588081823
0.0356274724349817
0.0386743540106238
0.0398426058412724
0.0370347613837225
0.0369505933844039
0.0353177341974629
0.0325502903796178
0.0377148388182889
0.0393375978453037
0.0411825603905527
0.0626824341385372
0.0320924164632572
0.0276281457789764
0.0334424711724637
0.0411758269505924
0.0410546250315633
0.0311733019106271
0.0313955054288328
0.0483806076929625
0.0539962966080338
0.0536528911707705
0.0347723255618178
0.0453875936369172
0.0273285077013838
0.0380313104957679
0.0379841764161313
0.0329576634963473
0.0317422775860621
0.0325906910192941
0.035970877872245
0.0411791936705868
0.0373950004208439
0.0366038212271746
0.0355702381954472
0.0415158656678898
0.0328970625368186
0.0362637825099057
0.0292610049659174
0.053689925090481
0.0300656510394788
0.0276618129787209
0.0332202676542579
0.0328229946974261
0.0332438346940478
0.0326075246191522
0.0317119771063119
0.0312440030300536
0.0301094183991211
0.0360651460314898
0.0418087703055505
0.0350450298796545
0.0429500883764149
0.0326378250989023
0.0306009595151977
0.0357116404343003
0.0360382122717056
0.0498484976012321
0.032169851022644
0.065369076677058
0.0305975927952318
0.0288233313694093
0.0341360154869221
0.0342134500463089
0.0533465196532461
0.0381558791347629
0.0326075246191522
0.0336545745307717
0.0278537160171766
0.0330081642959499
0.0310285329517797
0.0360853463513138
0.0369438599444436
0.0324290884605887
0.0314426395084695
0.0283452571332532
0.032826361417392
0.0322035182223885
0.0557638245938961
0.0366172881070668
0.0347655921218859
0.0309005975927903
0.0288940324888642
0.0456367309149073
0.0352908004376786
0.0445459136436455
0.0356577729147318
0.0339744129282167
0.0296650113626811
0.0361661476306665
0.0421218752630352
0.0411623600707003
0.0377653396178914
0.0345804225233621
0.0315907751872828
0.0245980978032208
0.036644221866851
0.031176668630593
0.028351990573185
0.0413104957495136
0.0394722666442249
0.0341393822068881
0.0273285077013838
0.0298468142412389
0.0332438346940478
0.0329509300563871
0.0350483965996204
0.0320688494234673
0.0353918020368837
0.0287559969699487
0.0366341217069248
0.0356072721151577
0.0347453918020335
0.0272106725023207
0.0321597508627178
0.0288771988889778
0.0338363774093295
0.0285741940914193
0.0299309822405576
0.0322405521420706
0.032028448783791
0.0285607272115271
0.0312541031899798
0.039785371601738
0.0301329854389394
0.0297996801616023
0.0278840164969267
0.0284967595320325
0.0272746401818154
0.0277156804982894
0.0312675700698719
0.0321900513424964
0.0270187694638651
0.0356375725949079
0.0294428078444753
0.0425528154195831
0.0262679909098722
0.0291532699267805
0.0295741099234021
0.0409906573520686
0.0276584462587266
0.031068933591456
0.028442892012464
0.0279479841764214
0.032294419661639
0.0270322363437572
0.0415899335072822
0.0242782594057758
0.028318323373469
0.0281937547344455
0.0301733860786157
0.0229416715764614
0.0378461408972441
0.0303821227169578
0.0332573015739399
0.0229214712566375
0.0444247117246164
0.0320250820637966
0.0433574614931445
0.0414821984681453
0.0300016833599841
0.0247933675616707
0.0280220520158423
0.0266955643464541
0.0324627556603048
0.0262881912296962
0.0288704654490459
0.0373748001010199
0.0284226916926116
0.0330317313357398
0.0315335409477484
0.0207398367140854
0.0374421345004805
0.028318323373469
0.0288233313694093
0.0310992340712062
0.0272746401818154
0.0316547428667775
0.023184075414548
0.0281668209746613
0.025264708357895
0.036220015150235
0.0307894958336874
0.0266214965070333
0.0281600875347294
0.0261770894705933
0.0381626125746948
0.0280287854557741
0.0276281457789764
0.026170356030633
0.0299276155205916
0.026025587071814
0.0274732766602312
0.0276214123390446
0.0381491456948027
0.028355357293151
0.031405605588759
0.0334694049322479
0.0252344078781448
0.0304662907162765
0.0252445080380426
0.0233557781331513
0.0236890834104884
0.025725948994193
0.0261871896305195
0.0289377998485065
0.0228911707768873
0.0275742782594079
0.0272106725023207
0.0279042168167791
0.0299141486406995
0.023204275734372
0.0289613668883248
0.0245240299638283
0.0291903038464909
0.0221336587829342
0.0226117330191187
0.0278368824173185
0.0213121791095148
0.0229618718963138
0.0267527985859886
0.024837134921313
0.0265002945880042
0.0275002104200155
0.0245980978032208
0.0257427825940511
0.0271702718626443
0.0248674354010632
0.033129366214979
0.0300050500799784
0.0235880818113117
0.0253657099570717
0.0317692113458463
0.0230224728558142
0.0275002104200155
0.0270558033835471
0.0280624526555187
0.0262679909098722
0.0274362427405208
0.0243220267654181
0.0232211093342301
0.0252680750778609
0.021039474791678
0.0216286507869654
0.0231638750946956
0.0237934517296594
0.0206893359144829
0.0232413096540824
0.0273487080212078
0.0250829054793371
0.0235173806918567
0.0262073899503434
0.0279244171366031
0.0264396936285038
0.026062620991496
0.023204275734372
0.025264708357895
0.0233759784530037
0.0331562999747632
0.0330182644558477
0.0237160171702726
0.0266888309064939
0.0250593384395188
0.02494486996045
0.0255710798754478
0.023524114131817
0.0231234744550193
0.0240089218079333
0.0265238616278225
0.0302003198384
0.0218441208652678
0.0253118424375032
0.0223423954212763
0.0208240047134041
0.0276483460988288
0.0217296523861705
0.0208004376736142
0.0246519653227892
0.0188881407289045
0.0269716353842284
0.0325166231798733
0.0315436411076462
0.033486238532106
0.023840585809296
0.0211943439104516
0.0254599781163165
0.0232278427741903
0.0302137867182921
0.0236554162107723
0.0245071963639418
0.0290253345677911
0.022315461661492
0.0197971551216369
0.0273823752209523
0.0280994865752007
0.0273722750610261
0.0288165979294774
0.0234500462923961
0.0239718878882229
0.0249011026008077
0.0335670398114587
0.0234029122127879
0.0229416715764614
0.0257192155542612
0.0260390539517061
0.024180624526565
0.0263050248295542
0.0231672418146616
0.0224063631007425
0.0217397525460967
0.0280355188957344
0.0287896641696932
0.0408021210335789
0.0210361080717121
0.0224972645400214
0.0272376062621049
0.0232615099739064
0.0223221951014239
0.0271803720225705
0.0217464859860286
0.0213761467890095
0.0206691355946589
0.024604831243181
0.0231571416547638
0.0227666021378639
0.0234938136520668
0.023187442134514
0.023099907415201
0.023948320848433
0.0212448447100542
0.0259515192323931
0.0225006312600158
0.0320082484639386
0.0268234997054151
0.0244634290042995
0.0437985018096185
0.0224366635805211
0.0413475296692241
0.0219619560643025
0.0206893359144829
0.0222481272620314
0.0397449709620616
0.0241368571669227
0.0273992088208104
0.0240863563673202
0.0231268411749852
0.0228945374968532
0.0255609797155216
0.0217868866257049
0.0274295093005605
0.0275473444996237
0.0262679909098722
0.0217397525460967
0.0203122632775035
0.0248910024408815
0.0269750021041943
0.0257293157141589
0.0213121791095148
0.0209418399124672
0.0269682686642625
0.021995623264047
0.02146704822826
0.0286785624105903
0.024072889487428
0.028123053615019
0.0292576382459515
0.0220966248632237
0.0177569228179379
0.0207162696742671
0.0204031647167824
0.0253993771568162
0.0448623853210961
0.0536124905310942
0.0228373032573188
0.0226656005386872
0.0223962629408447
0.0204536655163849
0.0193965154448392
0.0239314872485465
0.0214131807086915
0.021143843110849
0.0205378335157036
0.0215949835872493
0.0280422523356663
0.0304393569564922
0.0218777880649839
0.0287526302499828
0.0253859102769241
0.0229585051763479
0.0206590354347327
0.0230864405353088
0.0208846056729328
0.023291810453685
0.0212650450298781
0.0234567797323564
0.0207836040737277
0.0200159919198768
0.0234264792526062
0.0234601464523223
0.0250391381196948
0.0182720309738329
0.0245711640434365
0.0234399461324983
0.0224568639003451
0.0191642117667072
0.0194436495244474
0.0261568891507409
0.0180195269758485
0.0280456190556322
0.0272847403417416
0.0289411665684725
0.0244667957242655
0.0215007154280045
0.0201607608787242
0.0192719468058442
0.0179858597761324
0.0257192155542612
0.0199621244003083
0.0276449793788345
0.0205479336756298
0.0203964312768221
0.0205816008753459
0.01949415032405
0.0260390539517061
0.0267056645063519
0.0206051679151642
0.0260828213113484
0.0207836040737277
0.021339112869299
0.0216084504671414
0.0211808770305595
0.0234130123727141
0.0208846056729328
0.0219249221446205
0.0192416463260656
0.0357318407541527
0.0238372190893017
0.0176862216985114
0.0204031647167824
0.0220966248632237
0.0205513003955957
0.0213929803888675
0.0217801531857731
0.0213963471088334
0.0206051679151642
0.0247192997222498
0.0197298207221763
0.0289411665684725
0.0221336587829342
0.0249650702802739
0.0218340207053416
0.0208543051931827
0.0248640686810973
0.0174673849002716
0.0227363016581137
0.0196793199225738
0.0207398367140854
0.0185110680919252
0.020275229357793
0.0254599781163165
0.0211169093510648
0.019598518643221
0.0188645736890862
0.030180119518576
0.0254296776365663
0.0223592290211343
0.0256687147546586
0.0197904216816767
0.027995118256058
0.0217498527059945
0.0194066156047654
0.0174606514603113
0.0201977947984346
0.0214333810285439
0.0209923407120698
0.0213997138287993
0.0193998821648051
0.0213155458294807
0.0196725864826135
0.0276382459389026
0.0288603652891197
0.0253320427573556
0.0232581432539405
0.0261602558707352
0.0176020536991928
0.0229080043767453
0.0294428078444753
0.0182147967342985
0.0204906994360954
0.0189521084083992
0.0219282888645864
0.0206085346351301
0.0192349128861338
0.0184605672923226
0.022227926942179
0.0234702466122485
0.0249953707600525
0.0208240047134041
0.0182450972140487
0.0209654069522855
0.0205344667957377
0.0210866088713146
0.0227666021378639
0.0250458715596267
0.018962208568297
0.0228440366972507
0.0189554751283652
0.0205378335157036
0.0198442892012451
0.0208677720730748
0.0168546418651658
0.0185110680919252
0.0193998821648051
0.0198409224812792
0.0189925090480756
0.0173933170608507
0.0204031647167824
0.0165516370676073
0.0257427825940511
0.0182518306539805
0.0195278175237945
0.0214266475885836
0.018962208568297
0.0180195269758485
0.0201607608787242
0.0188645736890862
0.0180094268159223
0.0243556939651626
0.0210765087113884
0.0216252840669995
0.0191642117667072
0.0218407541452734
0.0198611228011316
0.0243523272451966
0.0172822153017478
0.0160634626714966
0.0234264792526062
0.0177501893780061
0.0220797912633657
0.0153227842774299
0.0204805992761692
0.0195951519232551
0.0210798754313544
0.0227464018180399
0.0222548607019633
0.0184942344920671
0.0198914232808818
0.0207331032741536
0.018305698173549
0.0193460146452367
0.0177569228179379
0.018962208568297
0.0201169935190819
0.0172384479421055
0.0218845215049441
0.0226588670987269
0.018729904890165
0.0255778133153797
0.0212482114300201
0.0275372443396975
0.0156426226748749
0.0190194428078598
0.018056560895559
0.0217700530258469
0.0144070364447373
0.0197533877619662
0.0176458210588351
0.0199351906405241
0.0198947900008477
0.0290590017675356
0.0241435906068546
0.0226824341385452
0.0185110680919252
0.0166459052268522
0.0188713071290465
0.0194672165642658
0.0186827708105568
0.0173495497012084
0.0201169935190819
0.0271669051426784
0.017309149061532
0.0308265297533978
0.0166728389866364
0.0182181634542644
0.0193796818449812
0.0239651544482911
0.0223693291810605
0.0197836882417448
0.016989310664087
0.0166257049069998
0.0190935106472523
0.0156964901944434
0.0170398114636896
0.019706253682358
0.016884942344916
0.0180161602558826
0.0181878629745142
0.017736722498114
0.0187231714502332
0.017612153859119
0.0188814072889443
0.0184875010521068
0.0197197205622501
0.0174303509805611
0.0219653227842969
0.0217161855062784
0.023009005975922
0.0195412844036866
0.0211472098308434
0.0179824930561381
0.0168748421850182
0.0176794882585796
0.0158547260331829
0.0184841343321409
0.0154069522767486
0.0180700277754511
0.0205075330359534
0.0194066156047654
0.0161139634710992
0.0177333557781481
0.0167536402659891
0.0191877788064971
0.0168108745055235
0.0171340796229345
0.0178646578571033
0.0152857503577195
0.0182922312936569
0.0186895042504887
0.0188713071290465
0.0160735628314228
0.0203593973571401
0.0208139045535063
0.0176155205790849
0.0164641023482943
0.0185110680919252
0.0183763992930039
0.0186693039306647
0.015356451477146
0.0217599528659207
0.0219888898240868
0.016544903627647
0.018285497853725
0.0205344667957377
0.017649187778801
0.0189891423280812
0.0198510226412054
0.0199621244003083
0.0173293493813844
0.0223996296608107
0.0170095109839394
0.016315966669481
0.0210765087113884
0.0201405605588718
0.018517801531857
0.0191507448868151
0.0193359144853105
0.0162317986701623
0.0162250652302021
0.0194571164043396
0.0168546418651658
0.0161812978705598
0.0149187778806663
0.0173495497012084
0.0202314619981507
0.0174673849002716
0.0165550037875732
0.0183965996128279
0.0171138793030821
0.0256821816345507
0.0177266223381878
0.0209250063126092
0.0219855231041208
0.0193998821648051
0.016423701708618
0.013706758690347
0.0178175237774667
0.0183225317734355
0.0201270936789797
0.0173259826613901
0.0182821311337591
0.0185514687316015
0.0185346351317435
0.0200631259995134
0.0174269842605952
0.0197129871222899
0.0198678562410635
0.015447352916425
0.0211573099907412
0.019261846645918
0.0190867772073204
0.0154305193165669
0.0199991583200188
0.0221875263025026
0.0183595656931175
0.0152083157983327
0.0172822153017478
0.0166257049069998
0.0166459052268522
0.0178545576971771
0.0144878377241184
0.0187029711303808
0.0175448194596584
0.016315966669481
0.0167570069859551
0.0184639340122885
0.014807676121535
0.0170330780237293
0.0179993266560246
0.0190968773672182
0.0180498274555987
0.0167300732261708
0.0158782930729728
0.0243556939651626
0.0354591364363444
0.0198240888814212
0.0192685800858499
0.0145955727632554
0.0203324635973559
0.0196355525629315
0.0186491036108123
0.0161812978705598
0.0342100833263146
0.0140467974076444
0.0185918693712779
0.0181171618550593
0.0163125999495151
0.0151780153185825
0.0200597592795191
0.0168277081053816
0.0154237858766066
0.0161846645905257
0.0171138793030821
0.0192887804057023
0.0174000505008109
0.0175077855399479
0.0174606514603113
0.012585640939335
0.0137168588502732
0.0161240636310254
0.0151140476390879
0.0170330780237293
0.016847908425234
0.0136798249305627
0.0167233397862105
0.0161509973908096
0.015534887635738
0.018625536570994
0.0157907583536883
0.0253354094773215
0.0137134921303073
0.0250054709199503
0.0144003030048054
0.019154111606781
0.0180834946553432
0.0163294335493731
0.0176660213786874
0.0256653480346927
0.0223693291810605
0.0178478242572169
0.0161779311505938
0.0137168588502732
0.0170667452234738
0.0156628229946989
0.0206152680750904
0.014807676121535
0.0191339112869287
0.0197904216816767
0.016864742025092
0.0198914232808818
0.013706758690347
0.0155416210756698
0.0154338860365328
0.0210899755912806
0.0149962124400247
0.0168815756249501
0.0164540021883681
0.0179723928962403
0.0299848497601261
0.0222346603821393
0.0180430940156668
0.0162890329096967
0.0153833852369303
0.0158681929130751
0.0169455433044448
0.0165415369076811
0.013242151334083
0.0167570069859551
0.0171441797828606
0.0165718373874313
0.0126361417389091
0.0158143253935066
0.0144979378840162
0.0199789580001664
0.0180632943354908
0.013935695648513
0.0180868613753091
0.0178478242572169
0.0170600117835136
0.0156123221950963
0.0152790169177877
0.0158782930729728
0.012585640939335
0.0151308812389743
0.0146797407625741
0.015356451477146
0.015763824593904
0.0138178604494783
0.0139727295682235
0.0158075919535463
0.0148480767612114
0.0125789074993747
0.0167166063462787
0.0137168588502732
0.0161644642707017
0.0155079538759537
0.0125991078192271
0.0146494402828239
0.0150702802794456
0.0190295429677576
0.0154372527564988
0.0172283477821793
0.0137572594899495
0.0182922312936569
0.0150096793199168
0.0140299638077579
0.0149894790000928
0.0145147714839027
0.0129088460567459
0.0159927615520701
0.0144743708442263
0.0168378082653078
0.0125385068596984
0.0157705580338359
0.0121075667031505
0.0147807423617508
0.0132960188536515
0.0167940409056655
0.0162183317902702
0.0112221193502364
0.0167704738658472
0.0144373369245159
0.0152790169177877
0.0152184159582589
0.0147302415621766
0.0135384226917097
0.0145417052436869
0.0157436242740516
0.0190362764077179
0.0129896473360986
0.0144912044440844
0.0165078697079366
0.0178814914569614
0.0171340796229345
0.0201977947984346
0.0169825772241552
0.0189285413685809
0.0150669135594796
0.0191642117667072
0.0154035855567827
0.0152453497180431
0.0145484386836188
0.014912044440706
0.0146494402828239
0.012498106220022
0.0140939314872526
0.01404343068765
0.0168580085851318
0.0169085093847343
0.0139626294082973
0.0145349718037266
0.0153227842774299
0.0158951266728593
0.0151611817187245
0.0152823836377536
0.0134138540526862
0.018517801531857
0.0150231461998089
0.0141073983671447
0.0146494402828239
0.0125789074993747
0.0126597087787275
0.0131142159750937
0.0160567292315648
0.0164944028280445
0.0133094857335436
0.0165651039474994
0.013366719973078
0.0112221193502364
0.0128246780573988
0.0148447100412454
0.013706758690347
0.0145888393232951
0.0140871980473207
0.0155820217153462
0.0155079538759537
0.0128617119771093
0.0138851948489389
0.013582190051352
0.0171542799427868
0.0267797323457728
0.0187063378503467
0.0139424290884733
0.0144575372443398
0.0133128524535095
0.0154002188368167
0.0192416463260656
0.0142387004461
0.0173697500210608
0.0127371433381143
0.0123533372611746
0.0123331369413506
0.0129997474959964
0.0156156889150907
0.0155651881154881
0.0180262604158088
0.0137538927699836
0.0146023062031873
0.0130199478158488
0.0131142159750937
0.0119594310243372
0.0240493224476097
0.0184639340122885
0.01924501304606
0.0143262351653846
0.0140804646073605
0.0164641023482943
0.0159052268327571
0.0132455180540489
0.011609292147142
0.0133566198131518
0.0134273209325784
0.0170431781836555
0.0151376146789062
0.0187467384900231
0.0195379176836923
0.0128213113374329
0.0136158572510681
0.0150500799595932
0.013050248295599
0.0119392307044848
0.0137101254103129
0.0130536150155649
0.0124004713408112
0.012922312936638
0.0138313273293704
0.0136596246107388
0.0135619897314996
0.0157166905142674
0.0128684454170696
0.0134441545324648
0.0145922060432611
0.0152958505176457
0.0200597592795191
0.0193931487248733
0.014807676121535
0.0156729231546251
0.0161375305109175
0.014807676121535
0.0180767612153829
0.0148447100412454
0.0136326908509545
0.01226580254189
0.0152790169177877
0.0209014392727909
0.0124139382207034
0.0129324130965358
0.0271938389024626
0.0153059506775719
0.0124038380607772
0.0119089302247346
0.0126630754986934
0.0128886457368935
0.0156998569144093
0.0128785455769673
0.0193056140055603
0.0163732009090154
0.0147201414022504
0.0126630754986934
0.0136629913307047
0.0126428751788694
0.0154675532362774
0.0137269590101994
0.0141713660466394
0.0139626294082973
0.012922312936638
0.0212650450298781
0.0151914821984747
0.0207162696742671
0.0132758185337991
0.0133094857335436
0.013366719973078
0.0135855567713179
0.0116160255870739
0.0143262351653846
0.0131344162949461
0.0148918441208821
0.0127741772578247
0.0154944869960616
0.0130233145358147
0.0178781247369955
0.0142959346856344
0.0141713660466394
0.0134205874926465
0.0126967426984379
0.0142016665263895
0.0140030300479737
0.0136427910108523
0.0122422355020717
0.0142925679656685
0.011504923827971
0.0129593468563201
0.0134340543725386
0.013137783014912
0.0111817187105601
0.0123600707011349
0.0123196700614585
0.0211505765508093
0.0113736217490157
0.0144979378840162
0.0124846393401299
0.0136966585304208
0.0144373369245159
0.0187366383301253
0.0138548943691603
0.0147773756417848
0.0137909266896656
0.0129054793367516
0.0137841932497338
0.0132657183738729
0.0129593468563201
0.0118314956653478
0.0125014729399879
0.0126832758185458
0.0112524198299866
0.0141040316471788
0.0111278511909916
0.0134138540526862
0.0144811042841582
0.0125014729399879
0.0164270684285839
0.0139289622085812
0.0159254271526095
0.0129761804562065
0.0120166652638716
0.012498106220022
0.0134003871727941
0.0116934601464607
0.0111716185506339
0.0123533372611746
0.01379429340966
0.0121244003030085
0.0139996633280077
0.0125587071795508
0.0140905647672867
0.0128617119771093
0.0124610723003116
0.0136528911707785
0.0131579833347359
0.0125587071795508
0.0112322195101626
0.0140703644474343
0.0218811547849498
0.0110941839912471
0.0118079286255579
0.0154507196363909
0.0126698089386537
0.0137841932497338
0.0133835535729361
0.0104780742361754
0.0132253177341966
0.011629492466966
0.0102996380776119
0.0113870886289078
0.0121749011026111
0.0127640770978985
0.0112524198299866
0.0121917347024691
0.011289453749697
0.0132724518138332
0.0120301321437637
0.0130805487753491
0.0160398956316783
0.0113433212692655
0.0112187526302705
0.0116160255870739
0.0194335493645497
0.0113534214291917
0.0109763487921839
0.0119594310243372
0.0182181634542644
0.0120166652638716
0.0140905647672867
0.0181575624947357
0.0160937631512468
0.01271020957833
0.0155786549953802
0.0110100159919284
0.0131243161350199
0.012498106220022
0.0128482450972172
0.011292820469663
0.0130839154953435
0.012410571500709
0.0119055635047687
0.0126361417389091
0.0146797407625741
0.0129795471761724
0.01379429340966
0.0127236764582221
0.0161846645905257
0.0104679740762776
0.013262351653907
0.0147807423617508
0.0134340543725386
0.010740678394086
0.0111918188704863
0.0131815503745543
0.0143060348455606
0.0154810201161695
0.0115419577476814
0.0122254019022137
0.0108719804730413
0.0123701708610326
0.0110100159919284
0.011201919030384
0.0124307718205614
0.012817944617467
0.0102558707179696
0.0136730914906309
0.0120301321437637
0.0112793535897708
0.0127001094184038
0.0118146620654898
0.0140299638077579
0.0113601548691236
0.0112827203097368
0.0124038380607772
0.0140131302078998
0.0108787139129731
0.0134778217321809
0.0151712818786507
0.0137471593300234
0.0109056476727574
0.0109056476727574
0.0117675279858531
0.012730409898154
0.0109123811127176
0.0154608197963171
0.0143262351653846
0.0117506943859951
0.0122422355020717
0.0122186684622534
0.0119425974244791
0.0119728979042293
0.0112524198299866
0.010441040316465
0.0115823583873578
0.0119728979042293
0.0111278511909916
0.012286002861714
0.0110100159919284
0.010441040316465
0.00993603232052465
0.012269169261856
0.0127775439777906
0.0108383132732968
0.0113231209494131
0.0121311337429688
0.0108282131133706
0.014130965406963
0.0124375052604933
0.0133195858934414
0.0112288527901683
0.0111110175911051
0.0107743455938021
0.0118516959852002
0.0108349465533308
0.0120705327834401
0.0114342227085444
0.0107676121538702
0.0132690850938673
0.0113601548691236
0.0112187526302705
0.0123836377409248
0.0137740930898076
0.0119089302247346
0.0108854473529334
0.0101851695985147
0.0123230367814244
0.015996128272036
0.0154136857167089
0.0111076508711392
0.0102457705580434
0.0120974665432243
0.0152285161181851
0.0165550037875732
0.0102558707179696
0.0107272115141939
0.0145787391633689
0.011060516791531
0.0102659708778674
0.0116900934264947
0.012585640939335
0.0124139382207034
0.011309654069521
0.0125183065398744
0.0116665263866764
0.011609292147142
0.0126731756586196
0.0122792694217821
0.0111312179109575
0.0103905395168908
0.0102659708778674
0.0102424038380775
0.0109022809527914
0.0107642454339043
0.0107440451140519
0.0110201161518546
0.0111076508711392
0.0116328591869319
0.0122085683023272
0.0142622674859183
0.0128482450972172
0.0141107650871106
0.0095656931234771
0.013279185253765
0.0104612406363174
0.0111783519905941
0.0159691945122518
0.0107642454339043
0.0166863058665285
0.0112322195101626
0.0121244003030085
0.0121008332631902
0.0152453497180431
0.010952781752394
0.0136697247706365
0.0110470499116389
0.0111480515108155
0.0105723423954203
0.0100168335998774
0.0110032825519681
0.00992929888056437
0.0111042841511733
0.0124240383806011
0.00993939904049057
0.0103602390371123
0.0111143843110995
0.0148985775608139
0.0127438767780461
0.0102659708778674
0.00993939904049057
0.0150770137193774
0.00974749600203495
0.0125115730999141
0.0121075667031505
0.011504923827971
0.00954212608365879
0.0131142159750937
0.0105622422355225
0.0108349465533308
0.0103737059170044
0.0104006396767886
0.0105622422355225
0.0106396767948809
0.0119223971046267
0.0098417641612798
0.0108618803131151
0.0100942681592642
0.00963976096289798
0.0108080127935466
0.0104780742361754
0.0115453244676473
0.00928625536570848
0.0105151081558859
0.00958926016329542
0.0100740678394118
0.0127910108576828
0.0126832758185458
0.0100538675195878
0.01226580254189
0.0106699772746595
0.0112591532699469
0.0108349465533308
0.0117136604662846
0.0102626041579015
0.0117708947058475
0.00988889824088801
0.0108181129534728
0.0114981903880107
0.0104006396767886
0.0104949078360619
0.0112961871896289
0.00991246528070633
0.0116900934264947
0.0102457705580434
0.0108282131133706
0.0110403164716786
0.0109931823920704
0.00981146368152963
0.0103804393569646
0.0119964649440476
0.0121277670229745
0.0103232051174302
0.0111716185506339
0.0105184748758518
0.0133431529332597
0.00984513088124572
0.0111211177510313
0.0106026428751989
0.00961956064304559
0.010101001599196
0.0106733439946254
0.0124341385405273
0.00958926016329542
0.0114645231882946
0.0111480515108155
0.0145046713239765
0.00969026176247212
0.00964986112279576
0.00892938304858149
0.0105386751957042
0.0101279353589803
0.0120469657436217
0.00987206464102997
0.0102020031984011
0.0103299385573621
0.0110335830317467
0.0133801868529702
0.0106396767948809
0.0110908172712811
0.0101313020789462
0.0106262099149887
0.0134071206127544
0.0100909014392698
0.0124610723003116
0.00971719552225636
0.00950845888394269
0.0107373116741201
0.0102558707179696
0.010848413433223
0.0112288527901683
0.012036865583724
0.0102525039979753
0.0100168335998774
0.0108989142328255
0.00958926016329542
0.0101313020789462
0.0104679740762776
0.00984513088124572
0.0111244844709972
0.00971046208232451
0.00943775776451616
0.00964649440282983
0.0104612406363174
0.0101481356788327
0.00960946048311939
0.0126260415790114
0.00960272704318754
0.0105319417557439
0.0101380355189065
0.00926942176585044
0.00955222624358498
0.01076087871391
0.0119392307044848
0.0115890918272896
0.00990236512078013
0.0116732598266083
0.0103434054372542
0.00996296608030889
0.0127539769379723
0.00992593216059845
0.0128953791768538
0.0119695311842634
0.00960272704318754
0.0110706169514287
0.00980136352160343
0.0101144684790881
0.0103602390371123
0.0118112953455238
0.0087206464102394
0.0100909014392698
0.0103434054372542
0.00875431360998391
0.0102693375978618
0.0100168335998774
0.0109191145526495
0.00985186432120599
0.00985859776113784
0.00923575456613435
0.00956232640351118
0.00989563168084828
0.0111110175911051
0.010740678394086
0.0123163033414642
0.0116698931066423
0.0102929046376516
0.0103535055971804
0.00998316640013286
0.0104915411160675
0.011292820469663
0.010848413433223
0.0116328591869319
0.00996296608030889
0.00951855904386889
0.00949162528408465
0.0102861711977198
0.00942429088462404
0.00881491456948424
0.0106935443144494
0.00907415200740047
0.0102390371180832
0.00932665600538485
0.00978789664171131
0.00956232640351118
0.00972392896221663
0.0111749852705998
0.0103063715175438
0.0107709788738362
0.00885868192912653
0.00899335072804774
0.0112322195101626
0.00972392896221663
0.0100303004797695
0.0111884521504919
0.0100067334399512
0.010989815672076
0.00978116320175104
0.00955895968354525
0.0100404006396957
0.0118988300648084
0.0102592374379356
0.0102154700782933
0.00992593216059845
0.00977106304182485
0.00930645568556088
0.00970372864236424
0.0092424880060662
0.0129290463765699
0.011501557108005
0.0100101001599171
0.00998316640013286
0.00955222624358498
0.00917515360660559
0.0101414022388724
0.00970036192239832
0.00937379008502148
0.0108753471930072
0.00889234912887105
0.00940409056477165
0.00998316640013286
0.00945459136437421
0.00993603232052465
0.0101851695985147
0.00859944449121031
0.00987879808099024
0.0089664169682635
0.00971046208232451
0.00949499200405057
0.00978116320175104
0.0107911791936885
0.00846477569228909
0.00960272704318754
0.00903375136772411
0.00977442976181919
0.00962966080297178
0.0106262099149887
0.0107642454339043
0.009319922565453
0.0123365036613166
0.0109561484723599
0.0111918188704863
0.00848497601214149
0.00987543136099589
0.0100303004797695
0.0112288527901683
0.00995959936034296
0.0109191145526495
0.00928962208570283
0.0100269337598036
0.00883848160930256
0.0105959094352386
0.00985186432120599
0.0105824425553465
0.0093973571248398
0.00907415200740047
0.0092424880060662
0.00931655584548707
0.00964986112279576
0.00951519232387454
0.00841427489268654
0.00945795808434013
0.00897988384815562
0.0100606009595197
0.0101313020789462
0.00842774177257866
0.0091313862469633
0.00909098560728694
0.00945459136437421
0.00919535392645798
0.0106228431950228
0.00899335072804774
0.00942765760458997
0.0101212019190484
0.00935022304520317
0.00922902112617408
0.00978116320175104
0.00962292736301151
0.00975759616193272
0.00882164800944452
0.00991583200067225
0.00898325056814997
0.0101481356788327
0.00892601632858714
0.00936705664506121
0.00866677889067091
0.0101649692786907
0.0102727043178277
0.00931318912549273
0.00859607777124438
0.00941755744466377
0.00944449120444801
0.00955559296355091
0.00888224896894485
0.00974749600203495
0.00950172544398242
0.0100202003198433
0.00961956064304559
0.00950845888394269
0.00976096288192707
0.00900008416800802
0.00853547681171563
0.00886878208905273
0.00990573184077448
0.00981819712146148
0.0114779900681867
0.0119695311842634
0.00997306624023508
0.0146225065230396
0.00983503072131953
0.00925595488595832
0.00912128608703711
0.00877114720984196
0.00995623264034862
0.00971719552225636
0.00896978368825785
0.0097441292820406
0.00880481440955805
0.0101986364784068
0.00970372864236424
0.00988553152092209
0.00975759616193272
0.00899335072804774
0.00967342816261407
0.00889234912887105
0.00919535392645798
0.00859271105127846
0.010101001599196
0.00927952192577663
0.00954549280365313
0.00867351233063118
0.00853547681171563
0.00933338944534512
0.0099427657604565
0.00986869792106404
0.00922228768624223
0.0087206464102394
0.00926268832591859
0.0087879808097
0.00972392896221663
0.00917515360660559
0.00922565440620815
0.00996296608030889
0.0117271273461768
0.00824930561401516
0.00928962208570283
0.0107474118340178
0.00933002272537919
0.00867687905059711
0.00856577729149421
0.00846140897232317
0.0084546755323629
0.00874421345005771
0.0089765171281897
0.00950509216397677
0.00872401313020532
0.00900008416800802
0.00875431360998391
0.009319922565453
0.00836040737311805
0.00990573184077448
0.00938052352495333
0.00963639424290363
0.0101279353589803
0.00972729568218256
0.0110201161518546
0.00957916000336922
0.00998653312012721
0.00949162528408465
0.00874421345005771
0.00924585472603212
0.0100808012793721
0.00883174816934229
0.0090539516875765
0.00856914401146014
0.00890581600876317
0.00899335072804774
0.0089664169682635
0.00841427489268654
0.0108820806329391
0.00845130881239697
0.00943102432455589
0.00885194848919468
0.00915158656678727
0.00844120865247078
0.00859944449121031
0.00918862048649771
0.00830990657351549
0.00920208736638983
0.00916842016667374
0.0105353084757382
0.00925258816599239
0.00907751872739482
0.00838397441293637
0.00859944449121031
0.00944449120444801
0.0086869792105233
0.0096532278427901
0.00961282720311374
0.013811127009518
0.0116059254271477
0.00929972224560061
0.00893611648851333
0.00920545408635576
0.00876778048987603
0.00850180961199953
0.00879134752966593
0.00840417473276034
0.00826950593383913
0.00889234912887105
0.00861291137110243
0.0086869792105233
0.00885531520916061
0.00851864321185758
0.00756249473951698
0.00883174816934229
0.00839407457286256
0.00865331201077879
0.00937379008502148
0.00886878208905273
0.0103972729568227
0.0095757932834033
0.00796986785624654
0.00871391297030755
0.00858597761131819
0.00933002272537919
0.0090438515276503
0.0094209241646297
0.00815503745477031
0.00830317313358364
0.00804056897567307
0.00754229441966459
0.00845804225232882
0.00785876609714364
0.00880144768959212
0.0084546755323629
0.00869034593048923
0.00853884353170997
0.00859607777124438
0.00882838144937637
0.00815503745477031
0.00838397441293637
0.00773419745812021
0.0090640518475027
0.00914485312685542
0.00911791936707118
0.00932328928541892
0.00898998400808182
0.00853547681171563
0.00925932160592424
0.00936032320512936
0.00861291137110243
0.00874421345005771
0.00854557697164182
0.00835030721319185
0.00843110849254458
0.00856914401146014
0.00864321185085259
0.00843110849254458
0.00929635552563468
0.00910781920714498
0.00907415200740047
0.00862974497096047
0.00831327329350984
0.00862974497096047
0.00830317313358364
0.0099191987206666
0.00799006817609893
0.00960272704318754
0.00818197121455455
0.00808433633534378
0.00873074657016559
0.00935358976516909
0.0087980809696262
0.00846814241225502
0.0086196448110627
0.00797660129620681
0.00915495328678162
0.0101279353589803
0.0079429340964623
0.00785539937717772
0.00851527649189165
0.00856914401146014
0.00899671744804209
0.00839744129282849
0.00774766433801233
0.00780826529754108
0.00806750273545731
0.0081887046544864
0.00865331201077879
0.00861291137110243
0.00839407457286256
0.00855231041160209
0.00873748001009744
0.00784866593721745
0.00876441376988168
0.00839070785286822
0.00805740257555954
0.00895968352833165
0.00825603905394701
0.00952529248380074
0.00863311169095482
0.00874084673009179
0.0082762393737994
0.00839407457286256
0.00785539937717772
0.00827960609376532
0.00985859776113784
0.00857924417138634
0.00865331201077879
0.00866341217070499
0.00921218752631603
0.00777123137783065
0.0083536739331862
0.0100505007995935
0.00860281121117623
0.00959262688326135
0.0104982745560278
0.00733692450131684
0.00848834273210741
0.00738069186095913
0.00815167073480438
0.00744129282048789
0.00911118592711091
0.00943102432455589
0.00773419745812021
0.00958252672333515
0.00812137025502579
0.00810453665516775
0.00792610049660425
0.00733692450131684
0.00864657857084694
0.00806076929552546
0.00893274976854741
0.00811463681509395
0.00939062368487953
0.00830653985354957
0.00794630081642822
0.00824593889404923
0.0082762393737994
0.00848497601214149
0.00819207137448075
0.00790253345678593
0.00737059170103294
0.00843447521253893
0.00840754145275469
0.0075759616194091
0.00797996801617273
0.00756249473951698
0.00881154784951832
0.0077442976180464
0.0106262099149887
0.00815167073480438
0.00916842016667374
0.00832000673344169
0.0079429340964623
0.00782509889739913
0.00844794209243105
0.00771399713829624
0.00860281121117623
0.00791263361671213
0.00814493729484411
0.0080978032152359
0.00818197121455455
0.00888898240890512
0.00876104704991576
0.0101919030384749
0.00856914401146014
0.00806076929552546
0.00846477569228909
0.00784866593721745
0.00836714081307832
0.00785876609714364
0.00808433633534378
0.00761972897905139
0.00891928288865529
0.0080203686558491
0.00765676289876183
0.00778806497768869
0.00816177089470216
0.00797323457621246
0.00833684033329973
0.00825603905394701
0.00764666273883563
0.00807423617541758
0.0077442976180464
0.00833347361333381
0.00829307297365744
0.0091313862469633
0.00821563841427064
0.00825603905394701
0.00735039138120897
0.00817523777459428
0.00784866593721745
0.00718205538254324
0.00779479841764896
0.0086196448110627
0.00860617793117058
0.0090438515276503
0.0080102684959229
0.00846140897232317
0.00769379681844384
0.00749179362006203
0.00779816513761489
0.00848497601214149
0.00737059170103294
0.007599528659199
0.00773419745812021
0.00836714081307832
0.00734029122128277
0.00836377409308398
0.00775103105800667
0.00794630081642822
0.0074210925006355
0.00847824257218122
0.0079092668967462
0.00816850433466243
0.0102491372780094
0.00759279521926715
0.00863984513088667
0.00856577729149421
0.0087980809696262
0.0079092668967462
0.00803046881577529
0.00765676289876183
0.00729989058160641
0.00773419745812021
0.00817523777459428
0.00864994529081287
0.00822910529416276
0.00881154784951832
0.00773756417811455
0.00785876609714364
0.0078318323373594
0.00807423617541758
0.0080203686558491
0.00745139298038566
0.00883511488933664
0.00751199393991442
0.00725612322196412
0.00760962881912519
0.0079429340964623
0.0078419324972856
0.00769043009847792
0.00735712482114081
0.00808433633534378
0.0086869792105233
0.00883848160930256
0.0073200909014588
0.00790253345678593
0.00787559969700169
0.00766012961872775
0.00783519905732533
0.00825267233398108
0.00747496002020398
0.0078318323373594
0.00832674017340196
0.00774766433801233
0.0077543977779726
0.00812473697502014
0.00867687905059711
0.00758606177930687
0.00781499873750136
0.00861291137110243
0.00726285666189597
0.0074985270600223
0.0081651376146965
0.00739079202088533
0.00895968352833165
0.0074884269000961
0.0076769632185858
0.00793620065653045
0.00756922817944883
0.00772746401818836
0.00752209409984061
0.00816850433466243
0.00796986785624654
0.00765339617876748
0.00780489857757516
0.00797660129620681
0.00759616193923307
0.0075759616194091
0.00770053025840411
0.00719215554246944
0.00735039138120897
0.00752882753977246
0.00744465954045381
0.00712818786297476
0.00815840417473623
0.00791263361671213
0.00781836545746728
0.00778469825772277
0.00758942849930122
0.00795640097635442
0.00746822658027213
0.00752546081980654
0.00740089218081152
0.00736385826110109
0.00778806497768869
0.00731335746149853
0.00736049154113516
0.00765339617876748
0.00857924417138634
0.00749516034005637
0.00810116993520182
0.00790590017675186
0.0074884269000961
0.00725275650199819
0.00740425890077745
0.00773756417811455
0.00735039138120897
0.00750526049995415
0.00736385826110109
0.00765339617876748
0.00744802626041974
0.0074210925006355
0.00763319585894351
0.00757932833937502
0.00746149314031186
0.00822910529416276
0.0078318323373594
0.00704065314369018
0.00740089218081152
0.00749179362006203
0.00719888898242971
0.0074210925006355
0.0074210925006355
0.00744129282048789
0.00786886625706984
0.00829643969362337
0.0082863395337256
0.00741772578066957
0.007242656342072
0.00733019106135657
0.00749516034005637
0.00790253345678593
0.00722918946217987
0.0079328339365361
0.00710125410319051
0.00764666273883563
0.00752209409984061
0.0074985270600223
0.00744802626041974
0.00781499873750136
0.00764666273883563
0.00729315714167456
0.00769379681844384
0.00732345762142472
0.00744129282048789
0.00726959010185624
0.00758606177930687
0.00718878882250351
0.00702045282383779
0.00753556097973274
0.00696321858430338
0.00719888898242971
0.0070541200235823
0.00733692450131684
0.00725612322196412
0.00731335746149853
0.00761636225908546
0.00742782594059577
0.00768369665854607
0.00730662402156668
0.00750862721994849
0.0076769632185858
0.00757932833937502
0.00742782594059577
0.0072325561821458
0.0074884269000961
0.00748506018013018
0.00742782594059577
0.00719552226243536
0.00744129282048789
0.00734365794124869
0.00725612322196412
0.00773083073815428
0.00736385826110109
0.00867687905059711
0.00943439104452182
0.00704065314369018
0.00733692450131684
0.00724602306203792
0.0073200909014588
0.00706422018348007
0.00726285666189597
0.00741772578066957
0.00719888898242971
0.00732345762142472
0.00753892769969866
0.0074884269000961
0.00750526049995415
0.00750189377998822
0.00708778722329839
0.00676121538592156
0.00743119266056169
0.00762309569901731
0.00733019106135657
0.00654574530764762
0.00715175490279307
0.00725612322196412
0.007242656342072
0.007242656342072
0.00866004545073906
0.00725275650199819
0.00767359649861987
0.00755576129955671
0.00767022977865395
0.00702045282383779
0.00748506018013018
0.00730325730157233
0.0070541200235823
0.00718542210253759
0.00714165474286688
0.00735375810117489
0.00704065314369018
0.00735712482114081
0.00746822658027213
0.0072325561821458
0.00744802626041974
0.00707095362344035
0.00749516034005637
0.00789580001685408
0.00742445922060142
0.0072224560222196
0.00811127009512802
0.00713828802290095
0.00712482114300883
0.00710125410319051
0.00726285666189597
0.00726622338189031
0.00781163201750701
0.0070440198636561
0.00661981314704008
0.00834357377326
0.00737395842102728
0.00767359649861987
0.00745812642034593
0.00749179362006203
0.00801700193588317
0.00750189377998822
0.00737059170103294
0.00741435906070365
0.0070440198636561
0.00702045282383779
0.00694638498444533
0.00708442050333247
0.00708778722329839
0.00726959010185624
0.00717195522264547
0.0072224560222196
0.00729989058160641
0.00717532194261139
0.00791600033667805
0.00718878882250351
0.00700698594394567
0.00699688578401947
0.00754229441966459
0.00685211682520048
0.00739079202088533
0.00673764834610324
0.00665348034678459
0.007155121622759
0.00731335746149853
0.00737395842102728
0.00728979042168021
0.00722918946217987
0.00778469825772277
0.00711135426311671
0.00713828802290095
0.00719888898242971
0.007599528659199
0.00684201666527429
0.00850517633196546
0.00725275650199819
0.0074985270600223
0.00731672418146445
0.00779816513761489
0.00676794882585341
0.00699688578401947
0.00705075330358795
0.00662991330696627
0.00769379681844384
0.0070440198636561
0.00764329601886971
0.00719215554246944
0.00781163201750701
0.00717868866257732
0.00666021378671644
0.00755239457959078
0.00772409729822243
0.0073200909014588
0.00709788738322459
0.00753892769969866
0.00760626209915927
0.00734029122128277
0.00706422018348007
0.00714165474286688
0.00682518306541624
0.00754902785962486
0.00694638498444533
0.00735375810117489
0.00666694722667671
0.00722582274221395
0.00713828802290095
0.00662991330696627
0.00744802626041974
0.00752546081980654
0.00725948994193004
0.00669724770642688
0.00666021378671644
0.00715848834275334
0.00665011362681867
0.00684201666527429
0.00703055298376398
0.00713155458294068
0.00719552226243536
0.00721908930225368
0.00742782594059577
0.00646831074826082
0.00742445922060142
0.00716522178268519
0.00724938978200385
0.0073099907415326
0.00739079202088533
0.00704738658362203
0.00842100833264681
0.00780153185758081
0.00698005218416142
0.00708778722329839
0.00957242656343738
0.00781836545746728
0.00680161602559792
0.00659624610725018
0.00747159330023806
0.00681508290549004
0.00665348034678459
0.00661981314704008
0.007155121622759
0.00701035266391159
0.00681508290549004
0.00667704738660291
0.00757932833937502
0.00703728642369583
0.00762309569901731
0.00661981314704008
0.00794630081642822
0.00745812642034593
0.0069766854641955
0.00714165474286688
0.00698005218416142
0.0068891507448825
0.00712145442304291
0.00706758690347442
0.00691608450466674
0.007242656342072
0.00712818786297476
0.00720562242236156
0.00665011362681867
0.00685211682520048
0.00739079202088533
0.00657941250736371
0.00720898914232748
0.00649524450804506
0.00662991330696627
0.00718205538254324
0.00687568386499038
0.00693628482451913
0.00729652386164048
0.00784866593721745
0.00717868866257732
0.00698005218416142
0.00713155458294068
0.00691608450466674
0.00679151586567173
0.00719888898242971
0.00688578402491657
0.00683864994530836
0.00670398114638715
0.00678141570574553
0.00676794882585341
0.00698341890412735
0.00646157730830055
0.00700025250401382
0.00669724770642688
0.00653901186768735
0.00664338018685839
0.00637067586905005
0.00680498274556385
0.00651544482789745
0.00699351906405354
0.00706085346351415
0.0065423785876817
0.00658277922735806
0.00715175490279307
0.00681844962545597
0.00670734786635308
0.00742782594059577
0.00667368066660856
0.00811127009512802
0.00737395842102728
0.00655921218753974
0.00683191650534809
0.00713155458294068
0.00664001346689247
0.00671408130628492
0.00699015234408762
0.00690261762477462
0.00679488258563765
0.00652554498779523
0.00646157730830055
0.00699688578401947
0.00683864994530836
0.00718878882250351
0.007242656342072
0.00645147714840277
0.00756922817944883
0.00661307970710823
0.00660297954718203
0.0066097129871423
0.00665011362681867
0.00687568386499038
0.00678478242573988
0.00673764834610324
0.0067006144263928
0.00726285666189597
0.00673764834610324
0.00665684706675052
0.00700698594394567
0.00669724770642688
0.00641444322869233
0.00708105378336654
0.00695311842437718
0.00666358050671079
0.0074985270600223
0.00689251746487685
0.00649861122801099
0.00687231714502445
0.00659961282721611
0.00682518306541624
0.0072325561821458
0.00680161602559792
0.00633364194933961
0.00682854978538217
0.00633364194933961
0.00722582274221395
0.00649187778807914
0.00642791010858446
0.00675448194596129
0.00666358050671079
0.00658951266728991
0.00651544482789745
0.00730662402156668
0.0069766854641955
0.00701708610387186
0.00720898914232748
0.00692618466459294
0.00669051426649503
0.00668714754650068
0.00643127682855038
0.00662991330696627
0.00656594562747159
0.00681844962545597
0.00652554498779523
0.00665684706675052
0.00684538338524021
0.00629660802962917
0.00643464354851631
0.00622254019023671
0.00703055298376398
0.00755239457959078
0.00770053025840411
0.00761636225908546
0.00680834946552977
0.00684201666527429
0.00631007490952129
0.00659961282721611
0.00699688578401947
0.00702045282383779
0.00643464354851631
0.00683528322531402
0.00647841090818702
0.00647167746822674
0.00682854978538217
0.00644137698847658
0.0064447437084425
0.00618213955056035
0.006710714586319
0.00677804898577961
0.00697331874422957
0.00707095362344035
0.00643464354851631
0.00699351906405354
0.00686895042505853
0.00665684706675052
0.00661981314704008
0.00635047554919765
0.00654911202761355
0.0070541200235823
0.0061989731504184
0.00665684706675052
0.00666694722667671
0.0067208147462452
0.00632354178941341
0.00657604578739779
0.00636057570912385
0.00664338018685839
0.00678478242573988
0.00687568386499038
0.0067208147462452
0.00737732514099321
0.00685885026513233
0.00713828802290095
0.00744129282048789
0.00727295682182216
0.00682854978538217
0.0070541200235823
0.00713828802290095
0.00653564514772143
0.00642791010858446
0.00655247874757947
0.00694638498444533
0.00717532194261139
0.00640434306876614
0.00663664674692654
0.00623600707012884
0.00727295682182216
0.00643464354851631
0.00627304098981085
0.0074884269000961
0.00629324130966324
0.00648177762815294
0.0067208147462452
0.00625957410991873
0.00658951266728991
0.00662991330696627
0.00656257890750567
0.00659624610725018
0.00651207810790311
0.00649187778807914
0.00692281794462701
0.00628650786970297
0.00638750946890809
0.00648851106811321
0.00655584546757382
0.00649861122801099
0.0066097129871423
0.00698678562412169
0.00615183907078176
0.00652891170778958
0.00658951266728991
0.00636057570912385
0.00694638498444533
0.00615520579077611
0.00661307970710823
0.00651207810790311
0.0064548438683687
0.00637067586905005
0.00625957410991873
0.00667368066660856
0.00614510563084991
0.00630670818955537
0.00662317986703442
0.00655921218753974
0.0065221782678293
0.00637067586905005
0.00635720898915793
0.00641107650872641
0.00644811042840843
0.00665011362681867
0.00642791010858446
0.00655247874757947
0.00717195522264547
0.00625957410991873
0.00629997474959509
0.00707095362344035
0.00670734786635308
0.00669051426649503
0.00646157730830055
0.00637067586905005
0.00629324130966324
0.00630670818955537
0.00668714754650068
0.00675111522599536
0.00768032993855172
0.00609123811128143
0.00636394242908978
0.00643127682855038
0.00645147714840277
0.0060878713913155
0.00632354178941341
0.00707095362344035
0.00633027522937368
0.00596666947228641
0.0066332800269322
0.00620233987038432
0.00642117666862418
0.00580506691355254
0.00701708610387186
0.00672418146621112
0.00665348034678459
0.00775776449793852
0.00604410403164479
0.00655584546757382
0.00599696995203658
0.00629997474959509
0.00648177762815294
0.00630670818955537
0.006798249305632
0.00666021378671644
0.00602390371182082
0.00639087618887402
0.00625957410991873
0.00581853379347308
0.00673091490617139
0.00733355778135092
0.00683864994530836
0.00643464354851631
0.00610807171113947
0.00625620738995281
0.00651881154786338
0.006178772830566
0.00627977442977112
0.00761636225908546
0.0070440198636561
0.00614510563084991
0.0063774093089819
0.00626294082991308
0.00765339617876748
0.00656594562747159
0.00615857251074203
0.00653901186768735
0.00628650786970297
0.00661644642707415
0.00674438178606351
0.00621580675027644
0.00609123811128143
0.00614847235081584
0.0062764077098052
0.00639087618887402
0.0060104368319287
0.00668714754650068
0.00674101506606917
0.00683191650534809
0.00632354178941341
0.00661307970710823
0.00632690850937934
0.00670398114638715
0.00640097634880021
0.00596666947228641
0.00609123811128143
0.00611817187106567
0.00636394242908978
0.00658951266728991
0.00620233987038432
0.00678141570574553
0.00609123811128143
0.00583536739333113
0.00610470499117355
0.00629660802962917
0.00632690850937934
0.00612153859103159
0.00610133827120762
0.00627304098981085
0.00590270179279173
0.00599696995203658
0.00612490531099752
0.00620233987038432
0.00628987458969732
0.00665684706675052
0.00608113795135523
0.00612490531099752
0.00625957410991873
0.00635047554919765
0.00610133827120762
0.00623937379009476
0.00591616867268385
0.00625284066998688
0.0067006144263928
0.00649524450804506
0.00616193923070796
0.00599023651207631
0.00607777123138931
0.00602727043178675
0.00610470499117355
0.0061114384311054
0.00644811042840843
0.00592963555257597
0.00614510563084991
0.00662991330696627
0.00642454338861853
0.00571079875430769
0.00680498274556385
0.00622254019023671
0.00602727043178675
0.00569733187441557
0.0061989731504184
0.00560979715513099
0.00641107650872641
0.00638750946890809
0.00633027522937368
0.00623937379009476
0.00612153859103159
0.00599023651207631
0.0058555677131551
0.00619560643045247
0.0063774093089819
0.00603400387174702
0.00575119939398405
0.00625957410991873
0.00621917347024237
0.00649524450804506
0.00605420419157099
0.00620570659035025
0.00654574530764762
0.00616530595067388
0.00614510563084991
0.00684875010520614
0.00607103779142903
0.00624610723002661
0.00635384226916358
0.00634710882923173
0.00588250147293934
0.00597003619225234
0.0061114384311054
0.00641107650872641
0.00608113795135523
0.0063774093089819
0.0059330022725419
0.00612153859103159
0.00595993603232614
0.00673091490617139
0.00625957410991873
0.00610133827120762
0.00597676963218419
0.00630670818955537
0.00581853379347308
0.00643801026851065
0.0060205369918549
0.00662317986703442
0.00638077602894782
0.00559296355527295
0.00576129955391025
0.00657267906743186
0.00578823331369449
0.00595993603232614
0.00564346435484708
0.00619560643045247
0.00656594562747159
0.0058320006733652
0.00693628482451913
0.00553909603570446
0.00603063715175267
0.006710714586319
0.00610470499117355
0.00604073731167887
0.00606767107146311
0.00605757091153691
0.00603063715175267
0.00601717027186055
0.00613837219088964
0.00608113795135523
0.00597003619225234
0.00606767107146311
0.0064447437084425
0.00578149987376264
0.00581853379347308
0.00624610723002661
0.00651544482789745
0.00657941250736371
0.00603737059171294
0.00599360323207065
0.0060878713913155
0.00644137698847658
0.00634037538927146
0.00559969699520479
0.00621244003031052
0.00594983587239994
0.00588250147293934
0.00633700866930553
0.00602390371182082
0.00550542883595995
0.00639760962883429
0.00619223971045813
0.00552562915581234
0.0057444659540522
0.00633027522937368
0.00596666947228641
0.00599023651207631
0.00598686979211038
0.0059330022725419
0.00597003619225234
0.00635047554919765
0.00579496675365476
0.00619560643045247
0.00568386499452345
0.00600370339196843
0.00564346435484708
0.00616193923070796
0.00552562915581234
0.00608113795135523
0.00632690850937934
0.00638750946890809
0.0058555677131551
0.00575793283394432
0.0059330022725419
0.00608113795135523
0.00636394242908978
0.0057444659540522
0.00668041410656883
0.00543136099656749
0.00580170019358661
0.00585220099318917
0.00572426563419981
0.0060205369918549
0.00551552899588614
0.00595656931236022
0.00624610723002661
0.00590943523272358
0.00615183907078176
0.00608450467132116
0.00591280195271793
0.00683528322531402
0.00551889571585207
0.0060878713913155
0.00579833347362069
0.00632690850937934
0.0054986953960281
0.00603400387174702
0.00588250147293934
0.00602390371182082
0.00568723171451779
0.0054986953960281
0.0058555677131551
0.00561316387509692
0.00576129955391025
0.00584883427322325
0.00652891170778958
0.00560643043516507
0.00610133827120762
0.00544482787645961
0.00638077602894782
0.00585220099318917
0.00569733187441557
0.00579160003366042
0.00578823331369449
0.00560979715513099
0.00617203939063415
0.00578823331369449
0.00592963555257597
0.00535729315714661
0.00566029795473355
0.00552899587577826
0.00584883427322325
0.00626294082991308
0.0057444659540522
0.00587240131304156
0.00581853379347308
0.00613163875095779
0.00550542883595995
0.00606430435149719
0.00552226243581799
0.00596666947228641
0.0057545661139784
0.00573099907416008
0.00579160003366042
0.00614510563084991
0.00635720898915793
0.00579496675365476
0.00599023651207631
0.00593636899250782
0.00588923491289961
0.00583873411329705
0.00612490531099752
0.00586230115311537
0.00561989731505719
0.00583536739333113
0.00632017506944749
0.00595320259239429
0.00513845635890675
