10.643178426205
7.40117104649424
7.20039160995357
7.58662825496425
8.53849953477136
6.70017669777876
7.76236334768942
13.4044822977401
14.2536323909092
13.0530128996601
6.94164518126294
13.0847216336841
7.01297358402342
8.58551366545996
14.7469259016887
7.39040774703464
10.398825755426
6.82323285696392
7.74123728254859
6.8920270517147
11.8839466588604
8.15232698061542
6.93001879260376
14.5420105566981
13.2918885898449
6.74479833062793
12.2162597314968
6.41738663219356
10.6694507006315
7.07808296238701
7.88898663478494
6.5515449994705
7.86727336366329
7.23235757578191
8.71727492625493
7.70443278555505
11.4108435748837
14.1948059534051
8.44779811182894
7.33987842829951
11.3874479537915
6.32816891937073
13.1269179039212
7.85558620364387
7.44028346172167
8.03351995402128
10.8516916003148
6.29078366994094
6.19639503151564
12.943451418823
6.33306342742
7.0825585019701
7.575694422047
11.6989325575948
6.99606247167306
9.56997379900835
8.19541320778355
12.2164886496908
6.62419712023113
12.0801908536377
8.11633556561528
8.78986279938624
14.7787890724044
7.8547886133014
9.19719577088305
7.28193668350627
8.78650482151106
6.91086429718469
6.57248866609355
5.8338208078072
14.6999372150068
8.23630958661206
6.81156186512244
7.33030280822453
10.8627530567536
5.64208941639204
6.32744840501077
7.49310426914456
6.67010654893875
7.70966044503855
5.47678518437738
10.7627196111963
6.48546391222845
11.4581854834457
8.31794321945243
6.3352895637553
7.56891461793046
12.5275901801893
9.94686901645019
12.7390535498537
8.0349139891362
5.70624252275077
9.13155020484049
7.38047866469643
12.5691666573878
7.75591668633125
6.30706196784618
7.89911260045235
9.91264350846826
7.83171892133052
8.00773222209507
6.89240381759527
10.5480424327565
6.59780441190991
7.12696728788683
8.05564046111784
14.783093516317
7.33720430252314
6.72146476371059
12.6523175254311
5.72116771670832
5.888218380595
7.84572796025006
7.00089382542863
7.96932841620305
7.09379742439074
11.5046851590227
8.88060883150553
13.6384074190358
8.77009607251342
10.4119602912371
12.2610396099955
7.77171220131397
7.7430199184499
8.08009500960616
7.21196708774555
12.3794999607763
8.90070805700435
7.73087639869303
8.68592176375867
8.37615484601937
8.36288326631479
5.23484799501032
7.89368607633789
7.85073642308838
6.58235321690923
8.07493164385617
7.47702804114044
9.39989324001665
8.35761476833455
12.1698505228028
7.4216614910596
6.07123968889007
8.71023408000901
6.59716766343114
8.49789229634901
8.12752650250839
6.91819529030451
7.49998270931517
6.61119823116337
6.47505131092334
6.81789267660771
8.46638775383136
8.06826864295258
6.43844121041114
7.65493864860432
11.5026395584085
13.0733242828434
5.50298429253906
7.26513106642962
6.35646443975667
6.9357093863461
12.8065605795529
7.43935533610498
9.97026129162707
10.6879165713382
10.1388538559402
7.41237607467501
6.81090572696267
8.69029616862283
7.73166566469048
5.69671285417562
6.99073644743006
7.87427979835609
7.29687729357623
8.0002463488029
6.15650880488302
7.14385923821239
6.84269802555445
12.2510130805589
14.3787873361888
6.79136967674674
12.3002292876211
8.06521825254498
12.335973280539
7.17038116988479
7.61305966317346
6.84071555752015
5.98192336798413
6.59300554444117
7.04048054077982
14.4515896770492
6.80229992713504
6.60836391248623
5.06391840602119
6.01468998962399
8.50014499230593
7.23339571990842
7.34291807961748
7.42988676720798
6.81052594078721
8.44528932797825
11.717645175082
5.91625040094885
8.27473021964784
10.2953188723945
7.63987124252132
12.3841016179369
7.6699977326635
8.21764003166822
7.42468353060591
8.26159156876913
7.99215011560919
7.47470117094811
12.4341697274805
6.63252809691395
6.91237505240696
8.28224581081477
5.66021167903537
7.1509191185022
6.04099990265969
7.20635495232969
7.81577867702533
5.89734580015129
10.201933281045
7.35371711878835
7.32705476272994
7.27245699156945
6.92664411199711
6.82352713591206
7.91085259059023
5.77500153317987
7.55186288089266
13.7085522756438
7.69720934599541
7.74804892096422
12.6374187469979
6.83566756268059
9.61009044009615
14.3178467177728
7.8155253735099
7.86383254015699
7.9440025895713
5.18163078621847
11.6661857550147
7.79179258755821
7.55719621136801
9.39748727284917
7.73475555396026
6.76525106318392
5.73146697391893
6.34896086332391
6.3556606056048
7.45828356105292
9.57304776871382
7.87602838677743
11.7939237227043
11.0198953770768
7.66428245177303
5.54160384649716
7.72393477024586
10.4499892571045
10.8899648149824
9.73650305114801
7.86573382123821
7.149820287706
8.32476789571008
5.34084443427383
7.46352987078966
6.99224002800154
6.69157714373648
14.3187399322631
8.78680242841144
6.9690867624353
12.4199303048287
6.33323162431568
11.5545449163621
7.74137264017702
13.3431394990218
12.4831983578985
8.45938629556939
7.47710751090354
7.75313903717099
6.93759428283873
7.34390273128331
7.79678629118301
13.4544210081399
6.74716845474772
7.44632372795197
12.8116147027559
6.99035255017559
7.69703810751185
7.38458063265398
7.26160631941381
13.8931949254878
7.08565755070841
7.53368272808311
7.35865161359886
13.2718486979475
10.4183386609031
8.05003167088206
8.15252527569446
13.3768825622
7.79624957385054
7.21477979278053
6.2675346385443
6.03078881258115
13.6048252139362
12.7732531821091
5.95750430944395
8.09537450332136
13.7280185351014
7.88763465736222
7.98626723487577
7.88312564060548
13.3407857235034
8.05335651191101
8.9852791378726
8.05371513760278
7.9695030615923
6.14162793968057
6.64597262954864
7.87240238490439
7.34834485536754
6.70712319361746
12.3181583563193
5.73042182672081
5.46105737986362
6.60217427477241
6.78159836506865
13.5589538319385
8.4413228383508
8.54615654772584
6.01068363090953
6.15541438825998
6.49345059619748
7.54896646247901
8.30679504119517
10.6197300221426
6.94253873927084
7.8947493727643
6.58516134974455
6.25100263739663
10.3163236474094
9.54504870736384
6.76812450458312
6.69946762799747
8.43323347950661
8.12031869117153
6.14101365334981
12.0370428211226
13.2399676013944
12.6798470495006
5.77711076090065
7.96111320433134
7.35751750494553
12.5131919365606
7.58393261373765
12.0733667002438
7.93753645101586
7.17311258596625
7.09964080413523
13.5458674275056
6.9804182574798
14.4261044700953
7.64784109109883
12.6458297889995
8.90170905139125
7.14125855004465
7.30428812890969
11.8714915686995
6.72390353616268
6.72072668710278
6.55558859937762
14.4852595806367
6.44959585594811
7.41562472452125
5.01134456154373
8.95035141851319
14.5265725530587
6.66497012345124
13.5426200022692
6.0883375192819
7.12900735790003
13.7232578183422
7.2316274483586
11.7888381143821
6.97720432922343
14.0242459799388
8.26309047850808
7.13522460894714
7.66813506907243
12.0257101812526
6.38797180516788
5.57811791850503
7.22863098992327
8.36480909950756
13.634972511042
7.44605683027027
11.883655418369
13.7230149208385
6.23621721657173
13.5055354279646
7.68283724153863
6.78610498948314
7.11190582161654
6.42075072268495
12.4054995327551
10.6454109458777
13.5501372001366
8.84368942765436
11.1598826913048
10.8439354733225
7.70848892459834
7.08347499180837
8.3091421788043
12.9571864034818
10.9264359639394
7.77208082050839
6.66014540413543
6.86167097453941
7.44873435749282
6.44632444865034
6.26333249031742
6.76964467874352
6.86431569095984
6.83896793715848
5.66662133105992
14.6226092963089
7.23843431793395
8.17098131499796
7.11591276710993
7.37514221888981
14.9789228465203
12.8975348199709
7.44970099235121
7.96870450183727
7.4377957044089
7.1240793943126
11.7002144313736
6.07819975230533
8.13780051781854
6.98152804572974
11.6140346794445
5.34634309985193
12.4307055150843
6.64457683114138
6.70702313224223
13.6499003525178
6.90886014525476
7.30282537653381
7.95727198657095
13.893998691654
7.7570126656814
12.6684014444462
7.62902575627401
9.18589689740656
5.90278670840241
6.05054314131843
6.02429414745549
8.09198088992383
10.5684896929071
8.31401964320013
5.97673414752513
10.2814228589043
11.5352679320678
8.72338284021381
7.17146499326487
10.205366757933
14.5727712238838
8.514305085631
10.5086648210418
6.10279879768695
7.46910989741859
7.5144958526203
6.58673114599095
7.25942542740176
6.66406551202557
12.1049195504164
5.60208446798702
7.74943569896307
12.213492386445
5.16603054211688
7.03024238395847
7.50450959407721
12.2114822692052
14.1233286074198
9.99567130722328
13.7434000383931
6.2374792176265
11.628879162613
7.28690709248905
7.60234221387275
7.19286490439106
8.06490907603765
7.95162672248892
6.7152906623253
9.15360480977728
8.03898565025565
8.16506834012527
8.01529575930009
8.71398977005997
7.60085002632958
7.34677768073961
10.2589309714065
6.79610026614594
12.7367752594759
7.71473466241798
11.4569208789252
7.07207345161229
8.60431632813729
7.39837932677292
7.82912076032871
6.88151498831929
7.28560193284095
6.08899502469922
7.55380189253633
6.90806927961781
10.7048328722683
8.51316574788166
5.02364484091535
6.28471401777031
5.29014229830515
7.99551529600052
6.81334053432275
8.61046501116432
7.25496958616105
8.27477913426492
8.65649278754531
11.8917642038884
6.63210019853399
7.22196674639506
12.8722941756911
12.1109080003508
12.782156775236
10.1435797885383
6.35014631667751
8.04025389885401
8.38529904313518
6.6466917362699
6.79287203361454
6.50392964149573
6.52117120774565
7.11323399093525
8.13456568604203
