10.3610546250316
7.72234071206128
7.79375894284993
8.81257554077939
8.34204275734368
8.78653732850771
9.85643716858851
10.4630258395758
9.56359649861125
11.5260474707516
7.28736722498107
7.42443312852456
8.2196624863227
8.84436074404513
11.1157453076341
9.54002609207978
7.74379008500969
8.14835535729316
9.28255618213956
9.15098813231211
9.52078865415371
8.72651881154786
8.28081222119351
9.48416547428667
9.58534550963725
8.8863269085094
9.72004460903966
9.86828128945376
7.23714586314284
11.355997811632
9.81009426815925
9.2326748590186
8.80506102179953
8.16870381281038
10.9960314788318
12.2615242824678
8.40526302499791
9.4835392643717
8.83270179277838
9.25037370591701
12.0082695059338
7.67975170440198
9.40323962629409
8.11821311337431
10.8431419914149
12.2163429004293
10.7885708273714
9.64727295682184
8.81052184159583
9.82230199478158
8.35835451561317
9.62571921555426
8.76523609123811
7.85432960188538
8.34204275734368
8.66828802289371
10.7717708947058
10.3151763319586
7.38395505428838
9.85908341048733
7.67366804141065
6.58872232977023
9.69318828381449
8.10060516791518
7.51884942344921
9.79380607692957
8.57975675448196
8.41342395421262
8.14835535729316
8.80077518727381
9.38447016244425
8.75112616783099
8.97002020031985
7.81207726622338
9.87052015823585
6.86102937463178
7.32085598855315
7.06796818449627
8.95921639592626
8.65547091995623
8.88879471424966
8.70259826613923
8.79894369160846
7.46517717363858
8.00496675364028
8.0392870970457
9.4065255449878
7.65439356956486
7.38864152849087
10.3803021631176
7.79242908846058
9.34121791095026
7.81832253177342
7.84897988384816
9.64727295682184
8.49636646746907
8.87162107566704
6.97731251578151
10.2100639676795
8.14638245938895
6.84158320006733
7.0879025334568
8.63165137614681
9.74189798838484
8.07414611564684
7.45080464607358
8.24911455264709
9.50186768790508
7.57228600286172
6.79015318575878
6.58889066576887
7.74059506775524
7.11265465869877
8.59505513003955
8.171501557108
8.14081053783352
8.47868782089051
6.3215124989479
7.80082568807339
7.18375978452994
6.8970633785035
7.37377745980979
8.59492382796063
6.93185506270515
8.50953034256378
8.32165726790674
7.71898072552816
6.50424795892602
7.51539516875684
6.97570995707432
7.52786549953709
7.79901102600792
8.24718878882248
7.01997222456023
7.23720983082234
7.28079538759366
6.90563504755494
7.67915916168673
7.70429845972561
9.32847824257217
7.79794377577645
8.06601212019191
9.0819501725444
7.32085598855315
7.67397104620824
5.73647420250822
7.41561905563506
7.87877198888984
8.69031983839744
6.01145442302837
6.52482198468144
7.16788569985692
7.78157141654742
7.58806918609545
7.08276491877788
6.1616774682266
8.4388999242488
6.77576382459389
7.64928962208569
8.21840669977274
6.76949835872401
7.17219510142246
6.96560643043514
6.93755491961957
7.386126588671
7.24581180035352
6.95816934601464
6.96427994276576
7.91969783688242
6.22904216816767
7.10460483124317
5.42667536402661
7.44134416294926
7.48005134247958
5.73343068765257
7.3193510647252
5.90817018769465
6.83263782509891
6.69812726201499
7.86229189462168
6.39193081390457
7.19589681003282
6.87763067081897
7.32966332800271
6.53312094941504
6.78693460146454
6.74691440114469
7.81520158235838
6.35639845130882
7.23921639592626
7.11265465869877
6.58889066576887
7.01997222456023
7.46242993014056
6.89651796986786
6.99865415369078
7.00587240131304
7.38151754902788
6.69836293241309
5.40280195269759
6.29087871391297
6.52220940998234
8.41219846814241
5.41130628734956
5.92924585472605
5.80487921892097
6.46346351317229
6.31455348876358
6.35639845130882
6.58889066576887
5.41871307129031
6.60811463681509
7.14632185842945
6.22768538001853
6.80705748674356
6.08209830822321
6.55308559885532
4.94567544819461
7.05834946553321
6.49074404511404
7.44809780321523
6.43609207979128
5.93099991583202
7.34562158067504
7.55328086861377
5.81147125662824
6.52167410150662
5.73826866425387
5.6166156047471
5.48431024324552
6.27773167241816
7.14172291894621
7.71045955727632
5.87774177257808
7.01997222456023
6.93755491961957
6.54385741940914
6.84158320006733
5.39450298796399
6.9125772241394
7.03269169261847
6.13309401565525
6.64006817607947
6.62078023735376
7.4086768790506
6.01030637151754
6.20832000673346
6.70175995286593
6.12152259910783
6.14660129618719
5.32637067586904
6.108001851696
6.0499124652807
6.03563083915495
5.75289369581685
6.26278343573773
5.77350812221195
6.03399124652807
6.50813315377494
7.3778377240973
4.8453370928373
6.52691608450468
5.46025502903797
6.51829391465367
5.05069691103444
5.93101338271191
5.70339281205287
4.48119266055048
6.58786381617711
6.77824846393401
4.90389108660887
4.88386920292905
6.99397104620823
6.99558033835535
5.47660382122717
5.82346687989227
5.93198299806414
6.20568386499454
6.91606851275145
5.75234828718123
5.49004376735965
5.94493140308055
5.77508374715933
5.80567376483461
5.5264245433886
6.66251073141993
5.07270515949836
5.3008374715933
5.5402886962377
6.44487921892096
6.53633953370928
5.70660466290718
6.32855904385153
5.44680498274556
5.84350896389194
7.18524114131807
5.29591869371265
5.61947395000422
5.55510899755913
6.75667115562663
5.60560643043516
5.54867182897064
5.45678057402577
5.39978537160172
5.05122885279019
5.45623179867016
4.54591448531269
5.47660382122717
6.22487416884101
5.6209384731925
4.90584378419325
5.0672376062621
5.75695732682433
5.58059170103527
5.26710630418316
5.84721908930226
5.80409140644727
5.21430940156554
6.01261257469912
4.64219257638246
6.63681255786551
4.21142412254861
5.2322742193418
5.92678478242573
5.70660466290718
5.41644726874844
5.53237017086104
5.3008374715933
6.55559043851528
4.87231461998149
5.95073562831413
4.78429845972562
5.48619223971048
4.43823331369413
3.82374295093007
6.29924501304606
5.35151670734788
5.29734954970121
5.29170692702635
5.29591869371265
5.11529080043769
5.42478663412172
4.9076382459389
5.56632017506945
5.71484639340125
5.63341553741267
5.67055719215554
5.93920461240637
5.28757596161941
4.46090143927279
6.55752630249981
3.56576466627388
3.52344836293241
5.11413601548691
6.14090817271276
4.0535384226917
4.43682602474539
5.7424635973403
4.43554667115563
5.29923491288613
6.2264868277081
3.12689588418485
5.02710967090314
3.77591869371267
5.57403333052775
5.05069691103444
5.06204949078361
4.94609628819123
4.43846225065232
5.52958252672335
4.91306876525545
4.74468563252253
6.18452066324383
4.71423365036614
4.92789243329688
5.12078192071374
5.13280447773758
4.92868361249054
5.04300732261595
4.49375389276997
4.20838734113292
4.60844120865247
4.6572754818618
5.73473024156218
5.23855315209158
5.42772914737819
5.51929383048565
4.24523272451813
5.06428162612576
5.13254860701963
4.80154279942766
4.93797912633619
4.8427245181382
4.76119939399041
5.29740678394074
4.85456527228348
5.05122885279019
4.80422944196619
4.47762393737901
5.41573015739417
4.48897651712821
4.1599133069607
4.87823668041412
3.9132000673344
5.69752798585978
4.01518138203855
4.1085775608114
5.0258875515529
4.91372527565019
4.42360491541118
4.96436074404511
4.19269842605843
4.44016581095869
5.02963134416297
4.96261004965913
4.01771988889826
4.38413012372698
4.2147268748422
4.14104957495161
4.20109839239123
4.27755323625959
3.80595993603234
4.88011531015908
4.16282215301743
4.66250063126
4.17074067839408
3.13764245433887
4.51299806413601
3.39848918441209
5.10470919956234
4.64010184327918
5.80757259489943
4.73698931066409
3.7900151502399
4.67329770221363
5.34462166484303
4.08702045282385
5.22117414359062
3.97018516959852
3.17204359902365
4.11439188620488
3.23279942765762
3.98869876273042
3.78011699351907
4.22521084083832
4.4404385152765
5.00979799680161
4.63917936200656
4.86572931571416
3.62297197205623
3.63243245518055
3.3209401565525
3.38134584630924
4.81661897146705
3.39848918441209
3.79042925679659
2.95906826024745
3.69014813567881
3.46617372275063
4.54723760626212
4.12557949667539
4.12542799427658
3.93367982493058
4.19325393485397
3.46229862806163
3.81168672670651
4.80328676037371
3.93539348539687
3.65328591869371
4.0672241393822
4.09689167578486
4.21699267738407
4.06722077266224
4.81342732093259
3.56495328676039
4.50642959346857
3.44821563841427
3.58237606262099
3.01116825183067
4.0639382206885
3.34652386162782
4.16156973318746
3.43959683528323
4.34197878966418
3.47811884521505
3.83125073647
3.94350391381198
4.27760373705917
3.05150492382796
3.87869792105042
3.72049238279607
3.44390960356873
4.11398787980809
3.8136394242909
4.00830653985355
3.95973487080212
4.03801784361588
3.41960525208316
3.8115890918273
3.60342479589261
3.99009595151924
3.30741940914066
3.05984428920127
2.97157562494741
3.34801531857588
3.59392727884858
4.02428499284574
2.88853547681171
3.38481356788151
4.13968268664254
2.93650786970795
3.34652386162782
3.75306876525545
3.38134584630924
3.04138119686897
3.79520663243835
3.96657941250737
3.50676963218584
3.64782173217742
3.51415621580676
2.84509468899924
3.48080548775357
3.92471424964231
3.05945374968437
3.29057907583538
3.29635636730916
3.2309746654322
3.38540947731673
4.38171618550626
3.08661644642709
3.99141570574869
2.79780574025756
4.14697163538423
3.97722498106222
3.62333221109336
2.9588628903291
3.43959683528323
4.06184412086526
3.17204359902365
4.17817102937465
3.25713407962294
3.49515781499875
3.41561568891507
3.14213365878294
3.20638077602896
3.93295598013637
4.08823247201414
3.44809106977527
2.88012204359904
3.27693039306456
3.50400218836799
3.05090228095278
3.35253009005976
3.386874000505
2.97438346940493
2.9573276660214
3.5557890749937
3.08926605504587
3.16676121538592
2.90929467216566
3.13334315293326
3.27007911791938
3.26144684790845
2.93650786970795
3.26932833936539
3.23480262604159
3.08533372611734
2.9958395757933
3.15570490699437
3.38874589681004
3.00411160676711
3.26027859607777
2.84504755491963
3.50644306034846
3.61981062200152
3.07574194091407
2.79917262856662
2.94733187442137
3.09087534719299
3.15358387341135
2.94867519569061
3.14778974833769
2.91178941166569
3.73700951098394
3.06109670903123
2.70404595572765
2.95580927531353
2.99977863816179
2.91678225738576
4.03232472014142
3.2220629576635
3.20614173891087
3.55067166063463
3.98742277586064
2.44058328423534
3.25309401565525
3.50899166736806
2.84601717027186
2.52107482535141
3.06846645905227
3.11095446511237
2.83485986028114
2.86700866930394
3.03320680077437
2.84601717027186
2.68576466627388
3.44989563168085
2.64835367393317
2.92546839491627
3.23029458799766
3.01972308728222
2.49535645147716
2.75234155374127
3.14594141907247
2.56874758017003
2.83284656173723
2.4256619813147
2.57248127262017
3.26809611985524
3.27781247369751
2.85656847066747
2.81564598939485
3.35048312431616
2.98485060180121
2.54303593973572
2.62519064051847
2.9544255534046
2.80939399040486
2.8047748506018
3.00944449120445
3.10151418230788
2.91297113037623
3.42764161265887
2.69781415705751
3.18772914737818
2.99264455853884
2.85449793788402
2.78898493392813
2.74856409393149
2.57133322110934
3.0066905142665
3.03001515023988
2.95455685548356
2.85341048733272
2.85724518138204
3.19913222792695
2.83250988973992
2.66300900597594
3.40016917767866
3.01773672249811
2.6287021294504
3.1406018011952
2.77610386331116
2.66771904721824
2.74470583284236
2.42701876946387
2.4651502398788
2.93895547512835
2.47896389192829
2.92888224896896
2.5216000336672
2.90064556855484
2.8790749936874
2.80956905984345
2.75284319501725
2.84761636225909
3.41106051679154
2.28839744129283
2.78092837303259
2.2838490026092
2.7004502987964
2.6756746065146
3.07360744045116
2.4479900681761
2.59596414443229
2.77339028701289
2.60954885952361
2.40929635552564
2.30769211345847
3.01814409561484
2.53952781752378
3.10877619728979
2.64009510983925
2.75303173133577
2.69781415705751
2.88853547681171
2.83605504587158
2.8870743203434
2.50814998737482
2.68484218500126
2.63733103274137
2.92483208484134
2.65679740762562
2.92421597508627
2.63025418735796
2.82152428246781
3.1748514434812
2.23239542126083
2.79450298796399
2.66881659792946
2.38628145778975
2.3850021042
2.4241368571669
2.46753051089976
2.30072300311423
2.50389782004882
2.76901018432793
2.3449011026008
2.36908761888731
2.24711808770306
2.61622169851023
2.11624021547007
2.70775944785794
2.6231504082148
2.59306876525545
2.35265129197879
2.90618718963051
2.62337261173303
2.33939314872487
2.71899082568808
2.76167073478663
2.44565356451477
2.79705496170357
2.61274387677807
2.274876693881
2.55381954380945
2.49646073562832
2.54592795219259
2.86320764245434
2.89921471256628
2.37236680414108
2.7730771820554
2.22217405942263
2.21575709115396
2.70564851443481
2.62234239542127
2.57151165726791
2.41530931739754
2.5928633953371
2.54676626546589
2.63043262351655
2.61074067839408
2.17006396767948
2.17811716185506
2.33429930140562
2.70987374800103
2.5668016160256
2.81579075835367
2.52741099234072
2.77424880060602
2.23999747496003
2.23239542126083
2.12246864742025
2.39200824846395
2.25422523356622
2.48092332295263
2.07129113710968
2.11444575372445
2.80516202339871
2.00138793030891
2.3300134668799
2.46301573941588
2.2737892433297
2.13816092921471
2.36107482535141
1.98727127346183
2.58797828465617
2.24089638919284
2.09627556602979
2.5767401733861
2.48449204612407
2.42455096372359
2.78171618550627
2.01795892601635
2.80385573604917
2.164000505008
2.81763572089892
2.01253177341977
2.87739500042085
2.16732009090146
1.98999158320007
2.82258143253935
1.98001935863985
2.58791095025671
2.24021967847824
2.33753808601969
2.25291557949669
2.35587997643296
2.43576887467387
2.09966921976266
2.23986617288108
2.33705664506354
2.20718205538256
2.57871307129031
2.22497853716018
2.46597508627221
2.52936032320511
2.31858681929131
2.48924248800606
2.32737059170105
2.33753471929973
1.95124063631008
2.13243077182057
2.16302415621581
2.14404595572765
2.04031057991753
1.76178520326573
2.16922902112617
2.6381996464944
2.54180035350561
1.90220435990238
2.28195353926438
2.2233019106136
2.62222792694217
2.02547007827624
2.05687147546504
2.3247378166821
2.0234399461325
2.19021041999832
2.05367309149062
2.22696490194429
2.10587408467302
2.32426984260584
2.20174480262605
2.24955222624359
2.14051426647589
1.70998484976013
2.35576550795389
2.33649776954803
1.99290042925679
2.44955559296355
2.23884942344921
2.18054456695566
2.24901355104791
2.0694495412844
1.95453328844374
1.86613332211095
2.05431950172544
2.21208736638332
2.31742866762059
1.92119602727044
2.05907667704739
2.28525965827794
2.32683191650534
2.13032320511743
1.97170356030637
2.09931908088546
2.13975675448197
2.24015571079877
2.18127851190977
2.07236848750105
2.08001767527986
1.95524029963809
2.14329517717366
1.96131722918946
2.01175406110596
2.15109586735124
1.90471256628231
2.0232143758943
1.95181971214544
1.95684622506525
2.15547597003621
1.70621749011028
1.95321353421429
2.11444575372445
1.70402238868783
2.17843026681257
1.42580675027355
2.63146283982832
2.34630165810958
1.81894874168842
1.90161855062706
2.12339449541284
2.00447857924419
2.39230788654154
1.93979378840166
1.88209830822322
2.03709872906322
1.94807255281543
1.85226916926186
2.26580001683359
2.02740257554078
1.77377745980979
2.28760289537919
2.34694806834443
2.1453253093174
1.76211177510311
1.71116320175071
2.2810142243919
1.94968184496256
1.97581769211345
2.21639003450889
1.72844794209243
1.83435821900514
2.16115225991078
2.06956737648346
2.11196111438431
1.68359313189126
2.1701380355189
2.10398198804816
2.04493645316052
1.94569228179446
2.02735880818113
1.89214123390289
1.74204612406365
1.94212692534299
2.04755239457958
1.7687745139298
1.76163706758692
1.7106750273546
1.99488342732093
1.95654322026766
1.82453076340377
1.82445669556435
2.08007154279943
1.84949499200405
1.85681087450553
1.46719383890246
1.69285834525715
1.85352158909183
2.05216480094268
1.71649608618804
2.0490505849676
1.65543725275651
1.73892180792862
1.63294419661645
1.91003871727969
1.97589175995287
1.67495412844036
1.89748758522012
1.91198468142412
1.67018011951856
2.06132227926943
1.91354347277166
1.72844794209243
1.87967090312264
2.18289453749685
1.71759363689927
2.15125410318998
1.7348514434812
1.89165642622675
1.70621749011028
1.94821058833432
1.61122211935023
2.01349128861207
1.67018685295852
1.79516623179867
2.16322279269423
1.63613248043094
1.9781642959347
1.60287265381703
1.72593300227254
1.87399797996801
1.45603989563168
1.9689765171282
1.66696490194428
1.50318070869457
1.69341722077266
1.84723928962208
1.39505849675953
2.24719552226244
1.41868613753053
1.52451224644392
1.90036949751706
2.03490026092081
1.66475970036194
1.83688662570492
1.49886794040907
1.88798333473613
1.86667536402661
1.65071374463429
1.73903290968775
2.01426900092585
1.65601969531184
1.75112616783099
1.71974160424207
1.72844794209243
1.61187862974498
1.85255197373959
1.41060264287518
1.78175995286594
1.79516623179867
1.40972056224226
1.6499528659204
1.61331958589346
1.6192887804057
1.88036781415707
1.36027017927785
1.65588165979295
1.82355778133154
1.96661981314705
1.65150155710799
1.70641949330866
1.73306708189548
1.69966248632269
1.7084395252925
1.7976778048986
1.59513256459894
2.04610807171113
1.77274387677807
1.44910781920714
1.6085523104116
1.71381617708948
1.78614005555087
1.67355357293158
1.70683359986535
1.61302331453581
1.29455853884355
1.42524114131808
1.77390539516875
1.75196111438433
1.42886709872906
1.47875852200994
1.77707684538339
1.36665348034677
1.40044524871644
1.67191734702467
1.47373537581012
1.74869539601045
1.56153943270769
1.68183233734536
1.58399545492804
1.55709872906323
1.61187862974498
1.40972056224226
1.78577644979379
1.48494992004041
1.87935779816513
1.61289874589681
1.70621749011028
1.80894958336842
1.49481104284152
1.79296776365626
1.35685632522515
1.67657352074741
1.69326908509385
1.43860028617121
1.49519484891846
1.84227674438179
1.51636815082907
1.46935190640519
1.67286676205708
1.36021294503831
1.45618466459052
1.50726117330191
1.56985523104117
1.33851106809192
1.69827876441377
1.59123053615016
1.41630249978959
1.46641612658868
1.48398367140814
1.37413769884691
1.33028953791768
1.66128861206971
1.38446342900431
1.21861543641108
1.2890741520074
1.43198804814409
1.41742025082064
1.48539432707685
1.67522009931824
1.34172291894623
1.66796481777629
1.47672838986617
1.51925342984597
1.35215638414275
1.28269758437844
1.36860954465112
1.58918020368657
1.58769548017844
1.36636730914907
1.5841873579665
1.55222371854222
1.62471256628231
1.57160592542715
1.44467721572258
1.37454170524367
1.2974875852201
1.26731167410151
1.50832842353338
1.54751031057992
1.33069354431447
1.27860701961114
1.48242151334063
1.84032068007744
1.48821563841429
1.31717616362261
1.59880902280955
1.33851106809192
1.32243498022052
1.43794714249643
1.29541368571671
1.54439272788485
1.52940409056478
1.44157309990743
1.47719973066242
1.57790505849675
1.42437926100499
1.43332463597341
1.26651039474791
1.34419745812642
1.39150660718795
1.30584041747329
1.35459725612324
1.56351569733189
1.2666383301069
1.35115983503073
1.44875431360998
1.37842016665266
1.53725864826194
1.2319375473445
1.47696406026429
1.33727548186181
1.2546023062032
1.49819796313443
1.13456863900345
1.31624358219005
1.40008837639931
1.40576129955392
1.24054288359565
1.40078528743373
1.29477737564179
1.29963218584294
1.28205117414359
1.23947226664424
1.53246107230032
1.32086945543304
1.34085767191314
1.35222035182224
1.43829728137362
1.30681003282552
1.29557192155542
1.38805235249558
1.41033667199733
1.25148135678816
1.07466795724267
1.51570827371435
1.39569480683446
1.41838313273294
1.24135089638921
1.56344162949247
1.29322868445416
1.42846309233229
1.37517128187864
1.39343573773252
1.34053110007576
1.30391802036866
1.30156131638751
1.51570827371435
1.4770650618635
1.14719720562243
1.30203939062369
1.19335156973318
1.3388881407289
1.38767191313863
1.34545324467638
1.26326487669388
1.18992088208063
1.45115815167074
1.48580506691357
1.25594226075248
1.31908509384732
1.27475549196197
1.20065735207476
1.07463429004292
1.24040821479673
1.29852790169178
1.19778217321775
1.30391802036866
1.41960861880312
1.32083578823332
1.32760289537919
1.22416715764666
1.2890741520074
1.32309149061527
1.26594478579244
1.1717877283057
1.30094520663243
1.14314030805488
1.30061526807509
1.17822826361419
1.08078865415371
1.23185001262522
1.2666383301069
1.23862721993098
1.38836882417306
1.32300395589598
1.3002651291979
1.39372864237018
1.33964565272285
1.16971719552228
1.33958168504336
1.23996380776029
1.33806329433551
1.36861291137112
1.0942622674859
1.21800269337598
1.24061021799511
1.25865247033079
1.23334483629324
1.23156720814748
1.18279016917768
1.23875515528997
1.32777796481778
1.27332463597341
1.18257133237944
1.08952865920378
1.2579387256965
1.13417809948658
1.06211009174314
1.02813315377495
1.20190303846479
1.34631512498947
1.13699604410405
1.2536865583705
1.37208399966335
1.43158404174733
1.07717953034256
1.39334146957327
1.09940998232472
1.22906910192745
1.03995034088041
1.05147462334821
1.09759195353928
1.07544566955644
1.38042336503662
1.21604662907163
1.15482955980136
1.13651123642791
1.2919762646242
1.12119939399042
1.25848076761216
1.07536150155713
1.26685043346521
1.2946898409225
1.14751704401988
1.14719720562243
1.22795808433634
1.21450803804393
1.18663496338692
1.06009005975929
1.15428751788571
1.41248127262017
1.17549112027609
1.09169682686644
1.30447352916423
1.3937387425301
1.21175406110598
1.0660996549112
1.11039895631683
1.15190051342481
0.885182223718544
1.09632606682939
1.27724349802205
0.980305529837551
1.27971130376233
1.16691945122466
1.04909098560728
1.30573604915412
1.03298123053617
1.02911623600707
1.10186768790507
1.12024324551805
1.1465642622675
1.08861291137111
1.14719720562243
1.0660996549112
1.01291221277671
1.12350559717197
1.05549785371602
1.10724433970205
1.1143649524451
1.08927952192576
1.17262604157901
1.23509889739921
1.18220099318239
1.04847150913224
1.07864068681087
1.20380186852958
1.07464439020285
1.15030805487754
1.07487669388098
1.07162107566703
1.03502146283984
1.03687989226498
1.20139129702886
1.18765844625875
1.001751536066
1.09762225401903
1.26156468310748
1.10412002356705
0.905931318912565
1.34553067923576
0.994297618045636
1.09628229946975
1.23441545324468
1.11187357966503
1.13997222456024
1.11355020621161
0.992917262856679
1.05430603484555
1.15685632522516
1.13662233818704
0.969289622085682
1.22746654322029
0.971972897904237
1.1655895968353
1.05713071290296
1.07750946889993
1.07183991246529
1.06241309654069
1.05807002777544
1.12832674017341
1.08117246023062
0.927650029458817
1.0942622674859
0.9826016328592
1.20484891844123
0.927852032657199
0.908476559212204
1.12076845383385
0.955388435316905
1.16693965154448
0.959687736722515
1.09762225401903
1.17162949246696
1.09628229946975
1.07544566955644
1.07463429004292
0.939588418483311
0.966680414106577
1.01951771736387
1.04545492803638
1.03064809359483
1.02764834609883
0.950129618718961
1.1083014897736
1.06313020789497
1.10435906068514
1.21867603737059
0.987513677299887
0.883583031731348
1.25071374463431
0.985557612995535
1.10594478579245
1.13371012541032
1.03780574025757
0.917681171618568
1.04082232135343
0.907890749936882
1.03570827371433
0.904853968521167
0.941244844710042
0.936376567628997
0.990607692955138
1.00030384647758
0.943806918609539
0.964024072047806
0.947715680498277
0.93954465112364
0.917681171618568
0.927852032657199
1.01687484218502
1.01840669977275
1.13929551384564
1.09384816092921
0.910769295513859
1.08706085346353
1.05227590270181
0.873651207810809
0.966794882585646
1.01538675195692
1.0083267401734
0.940187694638496
1.04275818533793
0.941679151586584
0.91221361838231
0.854073731167404
0.912102516623179
1.02208652470333
1.00054288359567
1.10999494992004
1.06784698257724
0.97207726622338
1.09715091322281
0.950129618718961
0.821403080548777
0.982675700698593
1.03191734702466
0.897349549701204
0.948399124652809
0.959229862806154
1.00171786886625
1.24130376230957
0.810622843195034
1.02585725107315
0.952398787980826
1.04011867687905
0.881297028869625
0.95608534635133
0.885330359397358
0.910769295513859
0.899756754481956
0.799886373200906
0.833614173891107
1.10379008500968
0.846518811547867
1.11808854473529
1.19000505007998
0.896534803467716
0.830358555677151
0.799421765844642
1.02755407793958
0.900389697836886
0.898787139129723
0.819005975927951
0.856272199309842
0.742544398619657
0.948523693291804
1.18388435316893
1.06326150997393
0.776420334988643
0.879475633364194
0.917162696742707
0.839876273041
0.924010605167922
0.935305950677559
0.985557612995535
0.919425132564612
1.02891423280869
0.87109923407121
0.865133406278943
0.824106556687155
0.970986448952118
0.956842858345254
0.881297028869625
0.970050500799601
0.856006228431966
0.982844036697259
0.99081642959348
0.967697163538418
0.88932665600538
0.836886625704921
0.959408298964746
0.986028953791788
0.944874168841011
0.898315798333471
0.950651460314788
0.857931992256539
0.77761215385911
0.851945964144448
0.76139466374886
0.86565524787477
0.957731672418163
0.912701792778392
0.756307549869547
0.783207642454357
0.801047891591622
0.901123642791021
0.862833936537328
0.811804561905575
0.942601632859208
0.778352832253177
0.858187862974518
0.896534803467716
0.967545661139638
0.842354178941179
0.808495076172051
0.86352411413182
0.953257301573956
0.932137867182917
0.833459304772333
0.886353842269187
0.961546166147627
0.862820469657436
0.857985859776107
0.812784277417734
0.849286255365712
0.875876609713004
0.771323120949432
0.842128608702978
0.922795219257637
0.892016665263867
0.816992677384064
1.05770978873832
1.00667031394664
0.733292652133656
0.799324130965402
0.748954633448363
0.808596077771227
0.857854557697181
0.939608618803135
0.924414611564686
0.741312179109514
1.01845720057236
0.871876946384987
0.876182981230556
0.873398703812825
0.812040232303673
0.808596077771227
0.873152933254772
0.632179951182565
0.777002777543998
0.793516539011875
0.856534803467724
0.717277165221788
0.772841511657276
0.857793956737652
0.808400808012806
0.802461913980324
0.775514687315876
0.824160424206724
0.818521168251834
0.68084252167327
0.88858934433128
0.810161602558708
0.846518811547867
0.831553741267584
0.75572510731422
0.872681592458548
0.780268495917852
0.886229273630164
0.778352832253177
0.748786297449726
0.877580170019371
0.819935190640535
0.873469404932251
0.745318575877462
0.723020789495848
0.897918525376667
0.724717616362256
0.831897146704819
0.840973823752222
0.832311253261508
0.860632101674952
0.781665684706695
0.879246696406028
0.896676205706598
0.714253850685964
0.738272030973832
0.80536402659709
0.842573015739418
0.775891759952884
0.746698931066419
0.867964817776283
0.795122464439032
0.743406278932753
0.787035603063714
0.856103863311176
0.77540695227674
0.734080464607359
0.84095362343237
0.71735796650114
0.711685043346534
0.722663917178693
0.776420334988643
0.798502651291983
0.777002777543998
0.717277165221788
0.761835704065334
0.785732682434144
0.721044524871644
0.714843026681251
0.767185422102528
0.755061863479511
0.717267065061861
0.735164548438689
0.73417809948657
0.65371685885026
0.715994444912042
0.804865752041081
0.752641191818867
0.80606430435148
0.77566955643465
0.841118592711069
0.845465028196287
0.70400892180794
0.717677804898585
0.848899082568806
0.762818786297458
0.743184075414547
0.806081137951367
0.651548691187628
0.702833936537331
0.813844794209245
0.878421850012643
0.680627051594996
0.742416463260668
0.762929888056561
0.709728979042183
0.737622254019016
0.730915747832682
0.778601969531195
0.770481440956161
0.746288191229695
0.79163117582695
0.650902280952778
0.850929214712579
0.755775608113794
0.703231209494163
0.733144516454843
0.724343910445242
0.676536486827729
0.696888309064889
0.73676710714588
0.672695059338452
0.651932497264539
0.738150829054803
0.798364615773096
0.750267654237859
0.594752125241996
0.695279016917766
0.678724854810213
0.819487416884101
0.647441292820474
0.731016749431859
0.724424711724623
0.722892854136859
0.780827371433389
0.699292147125675
0.597539769379694
0.865143506438869
0.726842016665273
0.687303257301579
0.653003114215977
0.722643716858869
0.679842605841259
0.810255870717953
0.60525292483797
0.638102011615189
0.744278259405775
0.622349128861202
0.66749347698007
0.718920124568655
0.761754902785981
0.628405858092748
0.800472182476227
0.719213029206315
0.708870465449053
0.724327076845384
0.734040063967683
0.663557781331548
0.64964312768285
0.852578907499378
0.690555508795569
0.770084167999329
0.716108913391139
0.712917262856678
0.776817607945475
0.608979883848178
0.724320343405452
0.626719131386267
0.621036108071706
0.636196448110439
0.724626714923005
0.706042420671679
0.705291642117686
0.746867267065056
0.625486911876123
0.702833936537331
0.542591532699277
0.711685043346534
0.640236512078104
0.637421934180622
0.595371601717034
0.749550542883611
0.673492971972053
0.691137951350896
0.682902954296793
0.682219510142261
0.702635300058915
0.663446679572445
0.646522178267816
0.74173638582613
0.706715764666285
0.591257469909948
0.587453076340381
0.715600538675204
0.699359481525136
0.714206716606355
0.717300732261606
0.690946048312441
0.667055803383562
0.616295766349651
0.759152428246779
0.675721740594241
0.621844120865262
0.59034508879725
0.729686895042505
0.648128103694972
0.691255786549959
0.635233566198139
0.771356788149149
0.626261257469906
0.615672923154619
0.677256964901943
0.69288191229694
0.70031226327751
0.643327161013389
0.635061863479507
0.571865162865095
0.788224055214215
0.726209073310343
0.562515781499883
0.660871138793027
0.687185422102516
0.547927783856579
0.562131975422943
0.636630754986953
0.701847487585241
0.622022557023826
0.691339954549278
0.66793115057655
0.523246359734031
0.646279774429757
0.628062452655513
0.624517296523862
0.603047723255628
0.579315714165489
0.576767107145884
0.64352916421177
0.632759027017926
0.552631091658952
0.620083326319332
0.696884942344923
0.598684454170524
0.619746654322029
0.647037286423711
0.594492887804051
0.587163538422686
0.569393990404848
0.614726874842205
0.586759532025923
0.613673091490625
0.739736554162107
0.587331874421352
0.610121201919043
0.690121201919027
0.608609544651131
0.64547176163623
0.657295682181655
0.597593636899262
0.603768201329871
0.623035939735729
0.634223550206229
0.586227590270198
0.701477148388193
0.692252335661976
0.557465701540281
0.615201582358395
0.54079707095363
0.696652638666791
0.623995454928036
0.479889739920878
0.587375641780994
0.579113710967107
0.636731756586158
0.541766686305863
0.683411329012728
0.634678057402596
0.610188536318503
0.650053867519574
0.51724686474202
0.666328591869387
0.509183570406549
0.602556182139551
0.528629744970971
0.62950340880397
0.546560895547515
0.589345172965238
0.528845215049245
0.61000336671998
0.617958926016343
0.522263277501906
0.583251409813982
0.586995202424049
0.597118929383043
0.668348623853205
0.598607019611137
0.629035434727712
0.635741940914073
0.573535055971718
0.487720730578246
0.658386499452917
0.622884437336921
0.551890413264886
0.66685380018518
0.594132648766958
0.697534719299739
0.689653227842769
0.465490278596093
0.620837471593319
0.575800858513588
0.594755491961962
0.60242824678059
0.626695564346448
0.614538338523687
0.628503492971987
0.535555087955572
0.571905563504771
0.504187357966515
0.55998064136017
0.648383974412923
0.586995202424049
0.527370591701043
0.505709115394325
0.57295261341639
0.586816766265486
0.513102432455185
0.611619392307063
0.541928288864568
0.600108576719151
0.531185085430536
0.517778806497773
0.551563841427509
0.557304098981575
0.583305277333551
0.574205033246358
0.552671492298629
0.587826782257395
0.580224728558221
0.531972897904211
0.594620823163041
0.520798754313631
0.475321100917427
0.489713828802309
0.509011867687917
0.536353000589173
0.484118340207061
0.5796995202424
0.53009090143928
0.509388940324897
0.610989815672099
0.67360744045115
0.506688830906484
0.610855146873178
0.603482030132142
0.557280531941757
0.578174396094624
0.652548607019611
0.561785203265714
0.510351822237197
0.534467637404276
0.548281289453769
0.527818365457449
0.571033583031749
0.493498022052023
0.55440198636478
0.482690850938468
0.510351822237197
0.471385405268933
0.549520242403844
0.492097466543214
0.553429004292582
0.555405268916758
0.497979126336162
0.552546923659634
0.465604747075162
0.494201666526408
0.488185337934539
0.596139213870885
0.465086272199329
0.501241477990078
0.584325393485415
0.529747496002017
0.480970457032242
0.497585220099324
0.564754650281969
0.454635973402929
0.551789411665681
0.480751620234003
0.46891086608872
0.546574362427407
0.430526891675783
0.596152680750777
0.476428751788575
0.522377745980975
0.455201582358399
0.518893190808853
0.542941671576472
0.506214123390293
0.49752798585979
0.593253934853976
0.41694554330445
0.526340375389282
0.45361922397106
0.52241141318072
0.507732514098137
0.509011867687917
0.497723255618212
0.530370339197049
0.464954970120374
0.542147125662837
0.606754481945984
0.433526639171788
0.568602811211179
0.504372527565039
0.507015402743889
0.534164632606689
0.487518727379864
0.420325730157401
0.459766854641884
0.48662654658699
0.485663664674689
0.450626209914986
0.529218920966258
0.602199309822424
0.525872401313023
0.376076929551402
0.491242319670079
0.491491456948069
0.434816092921466
0.527616362259067
0.524138540526906
0.469119602727062
0.464914569480698
0.512897062536837
0.44880818112955
0.502153859102776
0.475903543472782
0.431193502230457
0.453885194848937
0.494205033246374
0.515762141233921
0.429062368487507
0.435095530679234
0.50036613079709
0.455686390034515
0.497723255618212
0.487720730578246
0.478603652891167
0.507086103863315
0.550348455517224
0.487946300816446
0.492050332463606
0.512418988300652
0.471028532951777
0.472038548943686
0.421204444070383
0.449202087366388
0.479600202003212
0.513725275650216
0.504372527565039
0.505473444996227
0.536794040905647
0.489252588165982
0.459187778806495
0.486666947226666
0.409983166400139
0.545736049154129
0.421204444070383
0.486996885784038
0.433496338692038
0.431193502230457
0.387459809780324
0.412589007659307
0.497396683780835
0.445707432034339
0.550496591196037
0.448680245770561
0.481711135426309
0.463961787728323
0.401606767107154
0.474765592121884
0.501830653985365
0.473893611648862
0.436607187947146
0.396849591785212
0.475479336756166
0.42411329012711
0.444343910445269
0.419824088881427
0.471479673428178
0.40744465954046
0.429981483040166
0.507092837303276
0.402838986617297
0.470042083999658
0.464961703560306
0.419383048564953
0.438182812894553
0.410602642875176
0.420083326319343
0.386810032825537
0.445485228516134
0.481680834946559
0.450653143674771
0.43198131470416
0.428621328171033
0.435189798838479
0.509880481440973
0.41238363774093
0.42085430519316
0.593856577729156
0.405377493476976
0.486872317145043
0.416935443144524
0.45319838397441
0.471206969110341
0.351345004629252
0.407841932497263
0.489471424964222
0.48420250820638
0.443758101169948
0.402566282299489
0.411104284151179
0.486643380186848
0.400677552394598
0.397623937379024
0.438620486491033
0.416989310664093
0.344022388687819
0.390607692955143
0.433812810369517
0.430816429593477
0.471476306708183
0.392644558538848
0.458591869371276
0.365266391717881
0.389102769127192
0.394970962040247
0.450986448952108
0.362613416379105
0.466752798585986
0.453976096288187
0.431998148304018
0.439744970962039
0.414322868445424
0.465921218752641
0.438610386331135
0.38832842353338
0.398320848413448
0.437889908256892
0.454521504923832
0.397539769379677
0.459837555761311
0.36640434306878
0.388779564009781
0.455800858513612
0.435189798838479
0.445138456358904
0.396654322026762
0.45030637151757
0.438660887130709
0.386840333305287
0.374807676121549
0.466951435064402
0.461335746149331
0.432142917262865
0.34979631344163
0.379692786802451
0.400189377998487
0.403835535729314
0.459783688241743
0.380477232556188
0.390732261594138
0.378463934012302
0.453602390371202
0.366646746906838
0.429759279521932
0.361791936705686
0.404327076845391
0.38302920629576
0.414080464607366
0.438145778974842
0.38567881491457
0.46120107735041
0.360680919114571
0.353799343489612
0.440058075919552
0.33648430266814
0.377790590017696
0.400987290632116
0.4353244676374
0.376049995791618
0.357125662822995
0.376824341385401
0.365875768032993
0.419450382964413
0.415770558033842
0.424318660045458
0.416861375305103
0.387170271862658
0.397630670818955
0.411383721908948
0.408895715848843
0.376272199309824
0.428338523693299
0.357246864742024
0.409861964481109
0.371477990068172
0.430634626714919
0.356115646831086
0.425315209157475
0.446037370591711
0.389042168167663
0.405730999074166
0.363303593973569
0.388180287854567
0.370336671997308
0.404081306287367
0.450723844794226
0.390106051679169
0.310634626714943
0.316273882669805
0.360287012877706
0.39807844457539
0.366996885784033
0.365057655079539
0.372777543977776
0.354718458042271
0.381642117666871
0.382726201498201
0.378389866172881
0.383157141654749
0.350877030552994
0.397176163622589
0.386015486911873
0.340278596077781
0.393789243329707
0.390409056476727
0.316536486827715
0.372174901102596
0.351711977106305
0.350863563673101
0.390031983839748
0.356482619308139
0.414656173722761
0.301891254944877
0.403081390455355
0.415043346519667
0.459719720562248
0.292238868782107
0.345803383553573
0.377470751620251
0.367882333136947
0.389399040484818
0.364542546923673
0.37708021210338
0.392294419661653
0.384035855567731
0.414363269085101
0.410181802878554
0.38367561653061
0.354516454843889
0.361926605504607
0.369919198720652
0.346894200824863
0.392772493897837
0.295329517717363
0.31727043178185
0.347207305782348
0.317580170019369
0.352796060937635
0.386439693628489
0.376299133069608
0.344029122127779
0.351540274387673
0.382749768538019
0.300766770473871
0.397314199141505
0.324444912044441
0.366966585304283
0.350207053278353
0.338117161855081
0.315913643632712
0.351345004629252
0.357125662822995
0.371430855988564
0.382854136857162
0.38501557107989
0.364364110765081
0.345847150913244
0.343992088208068
0.340520999915839
0.395071963639424
0.332727043178181
0.342965238616273
0.371777628145793
0.37695227674439
0.339793788401664
0.362465280700292
0.286549112027615
0.33976012120192
0.279381365204955
0.36639760962882
0.355970877872238
0.350008416799938
0.351715343826271
0.408424375052618
0.405902701792797
0.368740846730077
0.300197794798436
0.416743540106069
0.378319165053455
0.34957747664339
0.32880481440958
0.310536991835704
0.397472434980216
0.302638666778904
0.246414443228701
0.294114131807106
0.305598013635233
0.372649608618815
0.314109081727139
0.351688410066487
0.3838641528491
0.374696574362446
0.240021041999853
0.379420082484643
0.330659877114726
0.294652807002791
0.311129534550957
0.302426563420596
0.314004713407968
0.350166652638677
0.301628650786967
0.321906405184762
0.327020452823831
0.362620149819037
0.30238616278092
0.372488006060109
0.274923827960606
0.35133153774936
0.349025334567813
0.317371433381027
0.361374463429001
0.334784109081738
0.293733692450132
0.350863563673101
0.359287097045723
0.312890329096888
0.293420587492648
0.28476811716186
0.347517044019867
0.309335072805339
0.316536486827715
0.332727043178181
0.353233734534143
0.307530510899767
0.252575540779389
0.390570659035433
0.419793788401648
0.331945964144438
0.321495665348039
0.296006228431963
0.333541789411669
0.299928457200593
0.300127093678981
0.295386751956926
0.293790926689667
0.333356619813145
0.292238868782107
0.312957663496348
0.292932413096537
0.278122211935028
0.250074067839421
0.350102684959182
0.30608282131135
0.33651460314789
0.304160424206714
0.299056476727543
0.318118845215054
0.266490194428087
0.351345004629252
0.306335325309334
0.27772157225823
0.276896725864844
0.274472687484234
0.31160087534721
0.304790000841678
0.279465533204274
0.268641528490889
0.319142328086855
0.280704486154377
0.361940072384499
0.294609039643149
0.305055971719554
0.25369665853043
0.38912633616701
0.213397020452845
0.377541452739678
0.2635746149314
0.343810285329539
0.20389276996886
0.295501220435995
0.335083747159331
0.252918946216653
0.294063631007504
0.257628987458986
0.338009426815944
0.308473192492215
0.309335072805339
0.300197794798436
0.241320595909428
0.277559969699524
0.299504250483977
0.288057402575561
0.326077771231382
0.284215975086283
0.301632017506961
0.277556602979558
0.227921050416626
0.282448447100421
0.226204023230366
0.292336503661318
0.305493645316062
0.256787307465714
0.257120612743051
0.259675953202589
0.306217490110271
0.284424711724597
0.266480094268161
0.274641023482872
0.253366719973087
0.223379345172987
0.316189714670486
0.258864573689095
0.267796481777623
0.29891507448869
0.211380355188965
0.234917094520682
0.296060095951532
0.281802036865599
0.273062031815499
0.311641275986887
0.312425721740595
0.254992845720068
0.19073226159415
0.332915579496671
0.2119493308644
0.303379345172971
0.257292315461655
0.278573352411428
0.332710209578323
0.295326150997397
0.297211514182322
0.221786886625722
0.272439188620496
0.311449372948402
0.240196111438451
0.223719383890256
0.266476727548195
0.264981903880141
0.24320932581432
0.312479589260164
0.257797323457623
0.230550458715612
0.324037538927712
0.230132985438956
0.240196111438451
0.18972224560224
0.23295429677637
0.244579580843379
0.239674269842624
0.245936368992517
0.224813567881512
0.214471004124249
0.267796481777623
0.273371770053046
0.268432791852547
0.212952613416377
0.217420250820652
0.211585725107312
0.244758017001942
0.226793199225654
0.264416294924672
0.27444575372445
0.198728221530189
0.253127682854995
0.235933843952523
0.208000168336014
0.255474286676218
0.265443144516468
0.245555929635572
0.247141654742876
0.179376315124983
0.25372695901018
0.211410655668715
0.261251578149995
0.220147293998821
0.266220856830245
0.283495497012041
0.24057318407543
0.237768706337846
0.277809106977543
0.24320932581432
0.240021041999853
0.21045787391634
0.202902954296775
0.235758774513926
0.25743035098057
0.237778806497772
0.281475465028194
0.232119350223059
0.257450551300394
0.243317060853457
0.225628314114971
0.327138288022894
0.224645231882846
0.21986112280112
0.23400808012795
0.198708021210336
0.217915158656695
0.217251914821986
0.20695648514436
0.186163622590698
0.233560306371515
0.197916842016667
0.216844541705257
0.218389866172885
0.207508627219937
0.226261257469929
0.220318996717452
0.19378924332969
0.268968100328266
0.238926858008597
0.226742698426079
0.226251157310003
0.221958589344325
0.171834862385339
0.180682602474548
0.25700951098392
0.233560306371515
0.191169935190658
0.217524619139823
0.195253766517965
0.251201919030393
0.175252083158
0.178918441208651
0.203653732850768
0.199354431445158
0.221897988384825
0.243512330611907
0.210723844794217
0.224813567881512
0.258133995454926
0.200145610638856
0.204357377325152
0.211501557107994
0.258241730494063
0.20389276996886
0.226695564346443
0.213871727969035
0.230240720478093
0.22748001010018
0.210366972477061
0.239674269842624
0.23295429677637
0.199142328086879
0.188917599528679
0.178174396094619
0.204030805487747
0.211821395505439
0.188257722413937
0.18123811127009
0.202902954296775
0.199179362006561
0.175252083158
0.190510058075915
0.224958336840331
0.202468647420261
0.2021757427826
0.185517212355876
0.214800942681592
0.200539516875693
0.223729484050182
0.214942344920473
0.212636141738926
0.220685969194506
0.21657183738742
0.200526049995801
0.188429425132568
0.156277249389802
0.215605588755153
0.206821816345439
0.176258732429943
0.178029627135771
0.217312515781515
0.203381028532959
0.2256889150745
0.209673428162631
0.211144684790838
0.193348203013215
0.194937294840514
0.190153185758788
0.217107145863139
0.182884437336924
0.188553993771563
0.209690261762489
0.188065819375481
0.222440030300476
0.217251914821986
0.220318996717452
0.222133658782951
0.203835535729326
0.185140139718897
0.198115478495083
0.198936958168503
0.199421765844647
0.207461493140329
0.148304856493581
0.174114131807102
0.175252083158
0.17677384058581
0.180217995118255
0.198809022809542
0.178420166652643
0.188493392812063
0.221174143590616
0.2156897567545
0.193577139971381
0.149294672165638
0.162630249978974
0.22053110007576
0.199775271441808
0.15427741772578
0.175918693712646
0.190358555677136
0.220618634795045
0.200953623432383
0.182083157983328
0.214433970204539
0.16559296355527
0.196842858345263
0.165229357798182
0.199135594646918
0.177046544903646
0.215103947479179
0.188516959851881
0.162539348539696
0.210757511993961
0.163249726454012
0.166714081306282
0.204727716522171
0.176851275145197
0.17206043262351
0.189708778722348
0.190880397272963
0.182988805656095
0.191634542546922
0.186220856830232
0.193348203013215
0.192587324299296
0.16517885699858
0.207761131217922
0.190654827034763
0.199142328086879
0.17922817944617
0.200559717195517
0.151509973907935
0.169740762562071
0.16801700193588
0.181127009510988
0.153092332295273
0.167067586903471
0.174093931487249
0.17677384058581
0.175231882838148
0.162323878461422
0.180436831916523
0.186934601464543
0.2313652049491
0.153971046208227
0.168885615688936
0.144853968521176
0.138723171450209
0.163374295093007
0.163434896052536
0.217935358976519
0.185456611396347
0.148732429930135
0.193418904132642
0.155799175153618
0.201273461829828
0.189365373285085
0.156583620907327
0.189782846561741
0.16211514182308
0.191964481104293
0.175514687315882
0.150304688157576
0.196923659624616
0.18203602390372
0.145719215554266
0.145978452992182
0.198499284572023
0.195277333557783
0.16282888645739
0.168851948489191
0.200293746317669
0.161798670145629
0.141591616867288
0.198963891928287
0.187129871222965
0.155146031478836
0.154654490362759
0.202273377661811
0.175252083158
0.157906741856749
0.149176836966603
0.175349718037211
0.153971046208227
0.132494739500061
0.15427741772578
0.192614258059081
0.168151670734801
0.176625704906996
0.168000168335993
0.155826108913402
0.150611059675128
0.153705075330379
0.140978873832182
0.160721319754231
0.149281205285746
0.158647420250816
0.174790842521674
0.141642117666862
0.14421092500632
0.167454759700377
0.163781668209765
0.172299469741603
0.155502903795991
0.202926521336593
0.181729652386167
0.129117919367076
0.139921723760637
0.160148977358801
0.126633280026937
0.160324046797427
0.192122716943032
0.188288022893715
0.127208989142332
0.170548775355627
0.210589175995295
0.174491204444081
0.171272620149836
0.157526302499804
0.173289285413688
0.141591616867288
0.12741435906068
0.163626799090991
0.189503408803972
0.183487080212103
0.133046881575638
0.153476138372184
0.165074488679409
0.167727464018185
0.153721908930237
0.142382796060957
0.134629239962976
0.1755382543557
0.141456948068338
0.141150576550814
0.15277922733776
0.107799848497621
0.143463513172293
0.130077434559382
0.136602137867186
0.140840838313267
0.114715091322296
0.117105462503162
0.183446679572427
0.15227421934182
0.163246359734046
0.151745644306033
0.133225317734201
0.149705412002362
0.144806834441539
0.168555677131565
0.140783604073732
0.138171029374632
0.146045787391643
0.147453076340383
0.151139634710887
0.12588586819291
0.139716353842289
0.160721319754231
0.140908172712756
0.166778048985776
0.16759616193923
0.165158656678727
0.154994529080057
0.160903122632789
0.160445248716456
0.144439861964486
0.155509637235923
0.181938389024509
0.153721908930237
0.126656847066755
0.145608113795134
0.144005555087972
0.1586743540106
0.154149482366819
0.185901018432787
0.114728558202188
0.137595320259237
0.119654069522767
0.132060432623518
0.126818449625461
0.143120107735058
0.160206211598364
0.119431866004561
0.1402651291979
0.150590859355276
0.143753051089988
0.117623937379022
0.15119013551049
0.114341385405282
0.142584799259339
0.146119855231035
0.141049574951609
0.126303341469594
0.149856914401141
0.10798838481611
0.14006312599949
0.136615604747078
0.138177762814593
0.125730999074165
0.150732261594158
0.118011110175928
0.130935948152512
0.120741520074063
0.120566450635465
0.157506102179951
0.135676289874596
0.131383721908946
0.138282131133764
0.119748337682012
0.131094183991252
0.124219341806253
0.161637067586923
0.134141065566865
0.132669808938658
0.124724349802221
0.132905479336756
0.141531015907759
0.12588586819291
0.107638245938915
0.167862132817106
0.125781499873767
0.138575035771396
0.147453076340383
0.128444575372441
0.137453918020384
0.111998148304025
0.123721067250244
0.132077266223376
0.137117246023081
0.135642622674879
0.109574109923415
0.127754397777977
0.132437505260498
0.111085767191327
0.120832421513342
0.143264876693877
0.0944440703644602
0.145045871559631
0.133565356451498
0.100443565356471
0.104790000841689
0.119755071121972
0.130188536318485
0.137282215301752
0.114836293241325
0.142423196700634
0.125438094436504
0.116182981230537
0.11559380523525
0.0961678309906517
0.124118340207048
0.138319165053446
0.114651123642801
0.14186095446513
0.128653312010783
0.139255113205962
0.120330780237367
0.110823163033416
0.129521925763839
0.119748337682012
0.117623937379022
0.112001515023991
0.113072131975429
0.125730999074165
0.128619644811039
0.119758437841938
0.118903290968774
0.142386162780923
0.136588670987294
0.126882417304955
0.0940871980473048
0.127811632017512
0.139510983923913
0.12241477990068
0.111573941587409
0.112112616783094
0.115146031478844
0.116374884269021
0.159667536402679
0.119798838481614
0.096851275145184
0.111163201750713
0.101032741351759
0.112886962376905
0.108247622254027
0.109432707684533
0.0940770978873786
0.116566787307477
0.107658446258739
0.128077602895388
0.116280616109776
0.113950845888411
0.118132312094957
0.127983334736143
0.0970667452234864
0.11932076424543
0.0824787475801827
0.143493813652043
0.0982316303341406
0.116613921387085
0.132996380776035
0.101874421345002
0.133568723171464
0.0976525544987794
0.111132901270935
0.112058749263525
0.142655500378766
0.131589091827294
0.0895993603232057
0.0991541116067651
0.113997979968019
0.115782341553739
0.113967679488269
0.115482703476147
0.109493308644062
0.112533456779744
0.130390539516895
0.123613332211107
0.100059759279532
0.103800185169604
0.11327413517381
0.136884942344921
0.123003955895967
0.121283561989742
0.115607272115142
0.0852596582779199
0.128276239373804
0.115092163959275
0.114428920124567
0.0924341385405398
0.121169093510645
0.123875936368989
0.111796145105643
0.117819207137444
0.090262604157914
0.10667199730662
0.113967679488269
0.111573941587409
0.100568133995466
0.116283982829742
0.0942252335661919
0.105402743876795
0.0833675616530627
0.104082989647338
0.0930199478158613
0.111974581264207
0.1184622506523
0.0895993603232057
0.0948312431613658
0.0952184159582714
0.107409308980721
0.0952285161181692
0.118553152091579
0.100046292399639
0.129353589765174
0.0835796650113707
0.108092753135253
0.100854305193167
0.0988982408888148
0.100403164716795
0.12595320259237
0.109900681760791
0.103658782930751
0.102126925342986
0.11129450382964
0.098019526975861
0.0923196700614426
0.079805571921554
0.104628398282983
0.113264035013884
0.117852874337189
0.0950467132396398
0.0999183570406501
0.100100159919208
0.100803804393564
0.118290547933697
0.100460398956329
0.100443565356471
0.0973966837808291
0.0949457116404346
0.0896734281626266
0.0872695901018403
0.0840409056476688
0.0980599276155374
0.0995783183233812
0.0922590691019423
0.110005050079963
0.0962149650702884
0.103732850770143
0.108951266728411
0.0962923996296752
0.0955618213955063
0.0880271020957935
0.0979622927362982
0.100988973992088
0.101376146788994
0.10466879892266
0.0994167157646757
0.106661897146722
0.0693014056055858
0.0929728137362247
0.0847142496423032
0.0795901018432801
0.105123306119026
0.0873874253009035
0.0868958841848269
0.0990093426479461
0.0831689251746468
0.0942151334062942
0.0877712313778432
0.0770280279437827
0.118209746654316
0.101652217826796
0.0965718373874438
0.119330864405356
0.0912692534298571
0.105305108997555
0.0879362006565145
0.098484134332125
0.0940501641275944
0.112631091658955
0.0835762982914048
0.0859027017927758
0.0938952950088492
0.10470583284237
0.0935013887719833
0.0950871138793161
0.105975086272196
0.0908282131133831
0.090175069438601
0.0915049238279551
0.0898215638414399
0.0909527817523781
0.0967469068260414
0.0930199478158613
0.0788931908088557
0.0915049238279551
0.092447605420432
0.07060769295515
0.0781659792946812
0.0925654406194951
0.0825359818197171
0.0800984765592148
0.0789840922481346
0.079681003282559
0.0949389782005028
0.0896330275229502
0.0915150239878813
0.0756274724349737
0.0933835535729486
0.0978983250568319
0.0788763572089977
0.0847984176416219
0.0737454759700427
0.0901447689588508
0.0797517044019855
0.0866400134668766
0.0794150324046825
0.0960129618719066
0.0773478663412277
0.0868925174648609
0.0967368066661152
0.0856064304351492
0.0904309401565513
0.0958143253934907
0.0793039306455796
0.11540526891676
0.0664969278680303
0.0965853042673359
0.0860239037118049
0.0800951098392488
0.0933970204528407
0.0877712313778432
0.0861114384311179
0.089518559043853
0.0918483292652184
0.0920570659035604
0.0809098560727364
0.0990598434475203
0.0825292483797853
0.0833574614931365
0.0848590186011222
0.0799402407204752
0.0731057991751527
0.0893838902449318
0.0851855904385275
0.0928953791768379
0.0805799175153652
0.0730283646157943
0.0765634205874903
0.0905959094352511
0.0653758101169899
0.0840409056476688
0.0783646157730971
0.0816034003871664
0.0745130881238936
0.0862730409898234
0.0978343573773373
0.0839062368487475
0.0861619392307205
0.0955449877956482
0.0787214880902241
0.0718634795051116
0.0708669303930662
0.0559254271526015
0.0934475212524148
0.0816404343068768
0.0946191398030578
0.0688435316892537
0.0771323962629538
0.0874614931403244
0.0692138708863013
0.0809098560727364
0.0795901018432801
0.0795901018432801
0.0779707095362312
0.0794756333642113
0.0813710967090344
0.0841621075666978
0.0868958841848269
0.069614510563099
0.0714392727884956
0.0793241309654036
0.0824114131807221
0.079681003282559
0.0919291305445711
0.088397441292841
0.0763917178688871
0.0871854221025217
0.0663252251493986
0.0798628061611169
0.0664262267486038
0.0791894621664824
0.0836806666105758
0.0773074657015513
0.0694764750441834
0.0758934433128502
0.0596490194428156
0.0696751115225993
0.0737387425301108
0.0708938641528505
0.0926058412591715
0.0667527985859806
0.0796742698426272
0.069846814241231
0.0797921050416619
0.0897575961619452
0.0774320343405464
0.0726445585388547
0.0887374800101099
0.0707726622338214
0.079485733524109
0.0735973402912293
0.0697357124821281
0.0689647336082828
0.0718466459052252
0.0838389024492869
0.0779942765760495
0.075846309233242
0.072472855820223
0.0752807002777729
0.076395084588853
0.075186432118528
0.0734391044524898
0.0791860954465164
0.0829231546166227
0.0724694891002571
0.0771862637825222
0.0751729652386359
0.0678402491372765
0.0808930224728499
0.0756241057150078
0.0732101674943237
0.0575885868192927
0.0720149819038909
0.06515697331875
0.0781154784950786
0.0699747496002203
0.0930401481356853
0.0696751115225993
0.0712002356704033
0.0680085851359422
0.0672645400218812
0.0607331032741456
0.0890472182476287
0.0668470667452254
0.0613290127093649
0.0710083326319477
0.0633086440535351
0.0850509216396063
0.0638641528491064
0.0631335746149375
0.0770078276239587
0.0715537412675644
0.075546671155621
0.0695101422439279
0.0667797323457648
0.0706952276744346
0.0771660634626699
0.055642622674867
0.0852529248379881
0.0769808938641461
0.068230788654148
0.0719375473445041
0.0780818112953625
0.0733515697332052
0.0725132564598994
0.0739037118087822
0.0691566366467669
0.0635510478915933
0.0815394327077001
0.072011615183925
0.0848556518811563
0.0626150997390766
0.0763445837892505
0.0571206127430344
0.0636924501304748
0.0737724097298269
0.0572350812221316
0.0645240299638203
0.077923575456623
0.0611404763908752
0.0679176836966633
0.0695673764834623
0.0700050500799705
0.071388771988893
0.0678402491372765
0.0693687400050464
0.0687054961703666
0.0635510478915933
0.0678402491372765
0.0707255281542132
0.0626150997390766
0.0694226075246149
0.0579757596161983
0.0614030805487857
0.0681802878545739
0.0572350812221316
0.068405858092774
0.06971887888227
0.0593123474455126
0.0733852369329213
0.0571812137025631
0.0750786970793911
0.0674833768201495
0.06079033751368
0.0648337682013391
0.0725940577392521
0.0813710967090344
0.0565381701877072
0.0601977947984267
0.06515697331875
0.070058917599539
0.0694158740846831
0.0642479589260176
0.0728465617372365
0.0664969278680303
0.0785127514519104
0.0529357798165222
0.0635005470919907
0.0747554919619517
0.0657663496338898
0.0650862721993235
0.068086019695329
0.0500067334399432
0.0646014645232071
0.0571239794630287
0.0641907246864832
0.0586558370507646
0.0657865499537138
0.068123053615011
0.0624501304604053
0.0620124568638971
0.0656720814746166
0.0575885868192927
0.0798695396010487
0.0618205538254415
0.0702407204780684
0.0718399124652933
0.0564203349886441
0.0759203770726344
0.0640021883679935
0.0533835535729281
0.0563664674690756
0.0584167999326723
0.070075751199397
0.0521041999831766
0.0599924248800789
0.0617801531857651
0.0571643801027051
0.0588073394495439
0.06167915158656
0.0600462923996474
0.056083662991341
0.0511076508711596
0.0608677720730668
0.063611648851122
0.0498686979210561
0.0617431192660547
0.0597096204023444
0.0562149650702963
0.0705538254355815
0.067786381617708
0.0692037707263751
0.0544373369245079
0.0663689925090694
0.049855231041164
0.0467612153859136
0.0614333810285359
0.0595480178436105
0.0769977274640326
0.0773680666610517
0.0530199478158409
0.0626891675784975
0.0646351317229232
0.0626150997390766
0.0547672754818791
0.0914645231882787
0.0748733271610149
0.0578107903375269
0.0629113710967033
0.0741124484470959
0.0584134332127064
0.056528070027781
0.0556661897146853
0.0580262604158008
0.0626454002188552
0.0562620991499045
0.0625881659792924
0.0608812389529589
0.052286002861706
0.0461518390708022
0.053918862048647
0.0544373369245079
0.0527977442976351
0.0510504166315968
0.0571576466627448
0.0508955475128516
0.0598476559212315
0.0585851359313381
0.0680489857756186
0.0523196700614506
0.0527001094183959
0.0635544146115592
0.0579757596161983
0.0533263193333937
0.0582484639340066
0.0549356114805164
0.0497340291221349
0.0618878882249021
0.0567974076256235
0.0534441545324569
0.0476399292988958
0.0710083326319477
0.0549928457200508
0.0539222287686414
0.0483738742530022
0.0587736722498278
0.0586861375305148
0.0605816008753663
0.0570970457032445
0.0513231209494336
0.0574101506607292
0.0565819375473495
0.0686415284908719
0.0609283730325672
0.0489697836882499
0.0516395926268842
0.0575885868192927
0.0551174143590742
0.0500606009595117
0.0638944533288566
0.0463168083494736
0.0742908846056878
0.0599587576803344
0.0502020031983932
0.0635577813315535
0.0570835788233524
0.0431150576550863
0.0431150576550863
0.0556661897146853
0.0507608787139304
0.0534845551721332
0.0471214544230349
0.0485657772914863
0.0571105125831366
0.061127009510983
0.0495555929635714
0.0591238111270229
0.0488182812894706
0.0516732598266287
0.0513938220688601
0.0496262940829979
0.057060011783534
0.0552655500378876
0.0542555340459501
0.0469699520242557
0.0544171366046839
0.0524173049406613
0.0504545071963776
0.0553530847571722
0.0467342816261294
0.0587837724097255
0.0503535055971724
0.0485725107314181
0.0579151586566979
0.0543666358050814
0.0502356703981093
0.0486061779311626
0.0517574278259474
0.0535316892517415
0.0556156889150827
0.0516261257469921
0.0543700025250473
0.0535889234913043
0.0513466879892235
0.0467612153859136
0.0647293998821681
0.0653522430772
0.0406640855146918
0.0525452402996507
0.0591036108071705
0.0542892012456946
0.045360659877133
0.056743540106055
0.0449734870802274
0.052020031983858
0.0465928793872763
0.0549591785203347
0.0490068176079603
0.0411926605504789
0.0527539769379644
0.0484782425721733
0.0532354178941148
0.0495623264035032
0.0502558707179617
0.0607162696742876
0.0472190893022457
0.0489226496086133
0.0490303846477502
0.0590901439272784
0.0527304098981745
0.0437884016496923
0.0516665263866685
0.0538582610891467
0.0461855062705183
0.0558951266728513
0.0453404595572806
0.053370086693036
0.0464245433886106
0.0552823836377456
0.0546258732429976
0.0446065146031458
0.0476096288191172
0.0466366467469186
0.0468487501052266
0.0544238700446158
0.0472594899419221
0.0470339197037219
0.0481382038549043
0.047225822742206
0.0454616614763097
0.0463201750694395
0.0543329686053369
0.0502693375978538
0.0437648346099024
0.0463168083494736
0.0425696490194412
0.0495623264035032
0.0507810790337544
0.0490371180877105
0.0573865836209109
0.0394891002440829
0.0509797155121703
0.0437008669304078
0.0515789916673839
0.0471214544230349
0.0486095446511285
0.0502929046376721
0.0501279353589723
0.0435998653312026
0.0442496422860188
0.0498821648009482
0.0415293325477819
0.0488654153690788
0.0414417978284689
0.0542959346856264
0.0538447942092546
0.0517405942260893
0.0438220688494368
0.049427657604582
0.0501515023987906
0.0472493897820243
0.0522658025418821
0.0445762141233956
0.0452764918777859
0.0451317229189669
0.0503568723171384
0.0495488595236111
0.0503333052773485
0.0500437673596537
0.0441183402070635
0.0456030637151912
0.04482871812138
0.0531546166147621
0.046481777628145
0.0436032320511686
0.0453707600370308
0.0452764918777859
0.049323289285411
0.0467612153859136
0.0477712313778511
0.0511884521505124
0.0480540358555857
0.0506598771147253
0.0524072047807636
0.0375229357798332
0.0486162780910888
0.0544710041242524
0.0491313862469553
0.0450374547596937
0.0507642454338963
0.0465322784277475
0.0414451645484348
0.0481887046545069
0.0459027017927838
0.0404317818365598
0.043535897651708
0.041031057991745
0.051717027186271
0.0456030637151912
0.0491111859271314
0.0380043767359837
0.043727800690192
0.0450307213197618
0.0466366467469186
0.0427144179782886
0.0379875431360972
0.0437412675700841
0.0436032320511686
0.0448792189209826
0.0382804477737579
0.0490472182476367
0.0483907078528887
0.0427043178183624
0.0430578234155519
0.0506868108745095
0.0473268243413827
0.0426369834189018
0.0406640855146918
0.0461047049911656
0.0385329517717423
0.0526260415790034
0.0359641444322847
0.0465794125073842
0.0465726790674239
0.0461754061105921
0.0475793283393671
0.0426975843784305
0.0459027017927838
0.0445762141233956
0.0429265213365966
0.0427211514182488
0.0442361754061267
0.0472662233818824
0.0422666442218826
0.0369068260247616
0.0430948573352623
0.0493737900850135
0.0474244592206219
0.0427043178183624
0.039785371601738
0.0402600791179282
0.0396911034424647
0.0371020957831831
0.0455020621159861
0.0505521420755883
0.0447849507617377
0.0454515613163835
0.0433372611733205
0.0415865667873163
0.0447916842016696
0.0402937463176443
0.042539348539691
0.038953791768364
0.0411320595909501
0.0448186179614538
0.04001767527987
0.0476062620991513
0.0382939146536501
0.0402600791179282
0.049215554246274
0.0359237437926083
0.0451350896389329
0.0380043767359837
0.0392803636057693
0.0431891254945072
0.04154616614764
0.0411825603905527
0.0377182055382548
0.036307549869548
0.0378932749768524
0.0413845635889345
0.04680161602559
0.0404923827960602
0.0351359313189334
0.0453370928373147
0.0444853126841167
0.0364691524282534
0.0426369834189018
0.045592963555265
0.0419333389445455
0.041031057991745
0.045788233313715
0.0445290800437874
0.0423642791010934
0.0475658614594749
0.0417111354263113
0.0407078528743341
0.0439129702887158
0.0447108829223168
0.0355534045955892
0.0338767780490059
0.0396911034424647
0.0409637235922844
0.0411118592711262
0.0458690345930677
0.0362065482703429
0.0373748001010199
0.0417683696658742
0.0332606682939343
0.0381323120949446
0.045360659877133
0.0423003114215987
0.0401489773588253
0.0404048480767756
0.0375700698594414
0.0425494486996172
0.0368361249053066
0.038953791768364
0.0434921302920657
0.0425124147799067
0.0360011783519951
0.0359776113121768
0.0329946974160578
0.0382434138540475
0.0422599107819224
0.0371020957831831
0.0402937463176443
0.0350046292399782
0.0407482535140105
0.041667368066669
0.039361164885122
0.0469194512246531
0.0444987795640088
0.0410478915916315
0.0430611901355178
0.0432732934938258
0.0393308644053718
0.0401860112785073
0.0393375978453037
0.0396204023230382
0.0365802541873563
0.034674690682607
0.0370246612237963
0.0363109165895139
0.041014224391887
0.0338767780490059
0.0389268580085798
0.0310756670313879
0.043391128692889
0.0341124484471038
0.0468049827455559
0.0379875431360972
0.0405058496759523
0.0423777459809855
0.0394217658446223
0.0372973655416331
0.0372973655416331
0.0371525965827857
0.0357621412339029
0.0375229357798332
0.0342706842858433
0.0346039895631804
0.0387282215301923
0.0355702381954472
0.0447748506018115
0.0383444154532526
0.0371391297028936
0.0322977863816334
0.0364489521084295
0.0338767780490059
0.0332202676542579
0.0453370928373147
0.0377552394579652
0.0293418062452702
0.0384420503324634
0.0339912465280747
0.0417279690261694
0.0362570490699454
0.0437109670903055
0.0360180119518532
0.037283898661741
0.037940409056489
0.034014813567893
0.0390312263277508
0.0378360407373179
0.0347891591617042
0.0380279437757736
0.0420983082232169
0.0314258059086114
0.0381760794545869
0.0381222119350184
0.0321092500631437
0.0359641444322847
0.0372064641023542
0.0369404932244777
0.0370751620233989
0.0344491204444068
0.0358025418735792
0.0335030721319924
0.033358303173145
0.0361661476306665
0.0369977274640121
0.0362839828297297
0.0368529585051931
0.0370482282636146
0.0351897988385019
0.0379067418567445
0.0347824257217439
0.0354793367561683
0.0419737395842219
0.0376946384984365
0.0350349297197283
0.033058665095524
0.0370549617035749
0.036627388266993
0.034550122043612
0.0315941419072487
0.030624526555016
0.0362301153101612
0.0353884353168894
0.0330283646157739
0.0370751620233989
0.0370650618634727
0.0363748842690086
0.0360112785119213
0.0321227169430358
0.0334795050921741
0.0390783604073874
0.0373478663412357
0.0339306455685744
0.033358303173145
0.0349642286003018
0.0307255281541927
0.0402432455180701
0.0391423280868821
0.0405731840754129
0.0348059927615623
0.0342706842858433
0.0433843952529287
0.036980893864154
0.0301834862385419
0.0359540442723869
0.0361257469909901
0.0270962040232234
0.04090648935275
0.0346309233229647
0.0346982577224253
0.0364792525881796
0.0333987038128214
0.0368832589849433
0.0366778890665955
0.0333381028532926
0.0301262519990075
0.0332977022136163
0.0356813399545501
0.0392264960862008
0.0330451982156319
0.0329273630165972
0.0356880733945104
0.0322304519821728
0.0311867687905192
0.0353143674774969
0.0358092753135395
0.0334121706927135
0.0301902196784738
0.0298973150408415
0.0273689083410602
0.0352739668378206
0.0414047639087585
0.0331360996549108
0.0346713239626411
0.036980893864154
0.0316614763067093
0.0271130376231099
0.0340013466880009
0.0392062957663484
0.0337555761299768
0.0349642286003018
0.0364287517885771
0.036751956905988
0.0279176836966712
0.0373310327413492
0.0318870465449095
0.0345703223634359
0.0314594731083275
0.0335771399713849
0.0335165390118846
0.0347487585220279
0.033893611648864
0.033125999495013
0.0354456695564522
0.0339845130881429
0.0366004545072087
0.0367014561063854
0.0347150913222833
0.028762730409909
0.0356274724349817
0.038472350812242
0.0314258059086114
0.033253934853974
0.0352739668378206
0.036856325225159
0.0290354347277173
0.0361021799512002
0.0325603905395155
0.0381390455349049
0.0359910781920689
0.031637909266891
0.0332909687736844
0.0310386331117058
0.0334121706927135
0.0339171786886823
0.0314695732682537
0.0336242740510215
0.0275271441797997
0.0340417473276773
0.0314291726285774
0.0310588334315298
0.0297222456022155
0.0302508206380026
0.0327253598182153
0.0300959515192289
0.0337387425300903
0.0317018769463857
0.0312103358303375
0.0317490110260223
0.0338969783688299
0.0292206043262411
0.0287930308896591
0.0373714333810256
0.0383477821732185
0.0283115899335087
0.0354423028364579
0.0304258900766001
0.0288973992088302
0.0315470078276405
0.0304393569564922
0.0333347361333267
0.0340417473276773
0.0315705748674304
0.0324290884605887
0.0374724349802307
0.0428625536571019
0.028567460651459
0.0295572763235441
0.0290421681676776
0.0268470667452334
0.033570406531453
0.0341562158067461
0.0249482366804159
0.0387147546503002
0.0359473108324266
0.0291398030468883
0.0337286423701642
0.028102853295195
0.0397247706422093
0.0379000084168126
0.0350921639592627
0.0251502398787977
0.0357991751536133
0.031513340627896
0.0266551637067778
0.0294293409645832
0.0294562747243674
0.0398796397609829
0.027998484976024
0.032489689420089
0.0284462587324299
0.0303013214376051
0.0308500967932162
0.0326782257385787
0.0271231377830361
0.0289411665684725
0.026382459388941
0.0306817607945504
0.0266484302668175
0.0263016581095883
0.0296044104031807
0.0326546586987604
0.0323482871812075
0.0290960356872461
0.0314864068681118
0.0309174311926768
0.0258269505933981
0.0353177341974629
0.0276752798586131
0.0360516791515977
0.0311901355104851
0.0323348203013154
0.0324593889403388
0.0318836798249436
0.0333482030132188
0.0276382459389026
0.0276449793788345
0.035543304435663
0.0280018516959899
0.0326075246191522
0.031405605588759
0.0299377156805178
0.0262848245097302
0.0288569985691538
0.029631344162965
0.0290926689672517
0.0311194343910586
0.0283587240131453
0.0271803720225705
0.0364388519485033
0.0347958926016361
0.0270827371433313
0.0323617540610996
0.0289782004881829
0.0284866593721063
0.0302036865583659
0.0286280616109877
0.0291970372864228
0.0257730830738296
0.0288435316892617
0.0257932833936536
0.0301262519990075
0.0299814830401601
0.02995118256041
0.0293855736049125
0.0272409729820708
0.0289782004881829
0.0271164043430758
0.0304191566366399
0.0282678225738664
0.0276012120191922
0.0275406110596919
0.025281541957753
0.029331706085344
0.024180624526565
0.0278671828970687
0.0274160424206684
0.0301060516791551
0.0297828465617442
0.0335232724518164
0.0257663496338694
0.0277055803383632
0.028547260331635
0.0268773672249836
0.0292441713660594
0.0271635384227125
0.0317389108660961
0.0316412759868854
0.0323920545408782
0.0251233061190135
0.0281634542546954
0.0304629239963106
0.0279883848160978
0.0284159582526797
0.0300185169598706
0.0296178772830729
0.0283115899335087
0.026382459388941
0.0322136183822863
0.0264262267485833
0.0288401649692958
0.0261063883511667
0.028210588334332
0.025917852032677
0.0265103947479304
0.026594562747249
0.0272679067418551
0.0262848245097302
0.0281567208147635
0.0257023819543747
0.0269312347445521
0.0249785371601661
0.0263454254692306
0.024163790926707
0.0252512414780028
0.0268470667452334
0.0288637320090857
0.0258909182728928
0.0346713239626411
0.0259279521925748
0.0264565272283619
0.026170356030633
0.0269312347445521
0.0273790085009864
0.0233389445332932
0.0290017675280012
0.0307255281541927
0.0241435906068546
0.0280287854557741
0.0272275061021787
0.0289849339281147
0.0256114805151242
0.0280893864153029
0.0257697163538637
0.0268605336251255
0.0262679909098722
0.0274766433801972
0.0270962040232234
0.0303720225570316
0.0340484807676091
0.0248876357209156
0.030873663833006
0.02538927699689
0.0221976264624288
0.02886709872908
0.0280119518559161
0.0250728053194109
0.0275473444996237
0.0266282299469935
0.0264329601885436
0.0242378587660994
0.0275372443396975
0.0250054709199503
0.0255306792357715
0.0254700782762427
0.0269682686642625
0.0254162107566742
0.0259616193923193
0.0248876357209156
0.027038969783689
0.0216825183065339
0.0247563336419603
0.0278705496170346
0.0229955390960299
0.0304965911960267
0.025369076677066
0.0253657099570717
0.0254599781163165
0.027698846898403
0.0230729736554167
0.0241738910866047
0.0213795135089754
0.0262040232303775
0.022352495581174
0.0276921134584711
0.0274598097803391
0.0291128692871041
0.0242210251662414
0.0284294251325719
0.0259245854726089
0.0221538591027866
0.0277695480178579
0.0213727800690151
0.0302238868782183
0.0291903038464909
0.0273790085009864
0.0261131217910986
0.0254869118761007
0.0236385826108858
0.0228036360575743
0.0267965659456308
0.0287559969699487
0.0278503492972106
0.0279917515360637
0.0256687147546586
0.0260558875515642
0.0287896641696932
0.0255677131554535
0.0261299553909566
0.0268470667452334
0.026810032825523
0.0282981230536166
0.0225915326992663
0.0248876357209156
0.0227935358976481
0.0254330443565323
0.0248337682013471
0.0253657099570717
0.0253556097971739
0.0269682686642625
0.0238641528490859
0.0235039138119646
0.0239920882080753
0.0298030468815966
0.0291364363269224
0.0263016581095883
0.0239516875683989
0.027341974581276
0.0275103105799133
0.0248876357209156
0.0250122043599106
0.0228373032573188
0.0244802626041576
0.0254397777964925
0.0220326571837575
0.0252142075582924
0.0225275650198
0.0236183822910618
0.0269009342648019
0.0225208315798398
0.0260323205117459
0.0221538591027866
0.0214603147883281
0.0229585051763479
0.0284630923323164
0.0232244760542244
0.0276685464186528
0.0219686895042628
0.0275810116993682
0.0241503240468148
0.0225107314199136
0.0235746149314195
0.0211068091911386
0.0241839912465309
0.0248876357209156
0.0250054709199503
0.024284992845736
0.026133322110951
0.0211472098308434
0.0257932833936536
0.0232312094941562
0.0230898072552748
0.0264632606682937
0.0230056392559561
0.024625031563005
0.0222043599023607
0.0229383048564955
0.0224568639003451
0.023948320848433
0.021143843110849
0.0274867435401234
0.0227935358976481
0.0208543051931827
0.0259582526723534
0.0243758942849865
0.0246788990825735
0.0221908930224686
0.0260659877114904
0.0210596751115304
0.0224602306203394
0.0232985438936169
0.0272914737816734
0.0239180203686544
0.0256451477148403
0.0232312094941562
0.0227363016581137
0.021679151586568
0.0266315966669595
0.0216858850265282
0.0226218331790449
0.0219518559044047
0.0256619813146983
0.0255811800353456
0.0216017170271812
0.0247933675616707
0.0248640686810973
0.0249516034003818
0.0223457621412422
0.0232783435737929
0.02733860786131
0.0213492130292252
0.0223423954212763
0.02733860786131
0.022635300058937
0.0218205538254495
0.0247058328423577
0.0209216395926433
0.0253387761972874
0.0230898072552748
0.0209957074320357
0.0250357713997289
0.0223019947815999
0.0224602306203394
0.0216320175069598
0.0221942597424629
0.0241604242067126
0.0248472350812392
0.0246923659624656
0.0209788738321777
0.0214064472687596
0.0216151839070733
0.022547765339624
0.0223726959010264
0.0223087282215317
0.0263218584294407
0.0227699688578582
0.0216252840669995
0.0206691355946589
0.0233894453328958
0.0222851611817134
0.0254431445164585
0.0216555845467497
0.0280018516959899
0.0202718626378271
0.0218878882249101
0.0214805151081521
0.0230460398956325
0.0224332968605268
0.0229147378166772
0.0209216395926433
0.0218542210251655
0.0217195522262443
0.0214704149482543
0.0214232808686177
0.0225578654995502
0.0217094520663181
0.0215411160676808
0.0230595067755246
0.0220999915832181
0.0229315714165637
0.0228373032573188
0.0235072805319589
0.0228440366972507
0.0267224981062384
0.0218003535055971
0.0252243077182186
0.0240021883680015
0.0210664085514622
0.0223760626209923
0.0215007154280045
0.0210058075919619
0.0213525797491911
0.0206422018348746
0.0216555845467497
0.0220292904637631
0.0217128187863125
0.0213458463092309
0.0228272030973926
0.0208442050332565
0.0227026344583976
0.0211842437505254
0.0209990741520016
0.0234837134921406
0.0219181887046602
0.0279513508963873
0.0220427573436552
0.0226689672586531
0.0210563083915645
0.0223322952613501
0.020595067755238
0.0222009931823948
0.0210260079117859
0.0222009931823948
0.0199654911202742
0.0227767022977901
0.022315461661492
0.0209957074320357
0.0203189967174637
0.0279075835367451
0.0207634037539037
0.0231369413349114
0.0242782594057758
0.0222312936621449
0.0228608702971087
0.0211977106304175
0.0250795387593712
0.0216690514266418
0.0211674101506674
0.021995623264047
0.0211068091911386
0.0223827960609526
0.024200824846389
0.0228137362175005
0.025513845635885
0.0227497685380058
0.0229652386162797
0.0206960693544431
0.0225073646999476
0.0244465954044415
0.0223693291810605
0.023009005975922
0.0219013551048022
0.0214603147883281
0.0210495749516042
0.0219451224644445
0.0218676879050577
0.0270086693039389
0.0259986533120298
0.0212583115899463
0.0220562242235474
0.0212549448699804
0.0225073646999476
0.0193325477653445
0.0232682434138667
0.0204940661560613
0.017628987458977
0.0207095362343352
0.023079707095377
0.0214973487080385
0.0200563925595532
0.022884437336927
0.0231436747748717
0.0206018011951983
0.0281937547344455
0.0264060264287593
0.0228709704570349
0.0199789580001664
0.0208610386331145
0.0226218331790449
0.0209990741520016
0.0215579496675389
0.0210260079117859
0.0200934264792636
0.0231739752546218
0.0230628734954905
0.0203156299974694
0.0208172712734722
0.0216151839070733
0.0197399208820741
0.0234500462923961
0.0210529416715701
0.0209384731925013
0.0211539432707752
0.0217532194259888
0.0228238363774267
0.0213424795892649
0.0210832421513487
0.0214569480683622
0.0211068091911386
0.0205243666358115
0.0231100075751272
0.0187568386499493
0.0208644053530804
0.019473950004226
0.0216185506270676
0.0218272872653813
0.0214434811884701
0.0198274556013871
0.0208442050332565
0.0199587576803424
0.0232581432539405
0.0206590354347327
0.0223188283814579
0.0212953455096567
0.0200193586398427
0.0208240047134041
0.0196793199225738
0.0197163538422842
0.0211943439104516
0.0211000757512068
0.0208778722329726
0.0184908677720728
0.0228440366972507
0.0228204696574323
0.0278368824173185
0.0230359397357063
0.0204300984765666
0.022652133658795
0.0186120696911019
0.0201540274387639
0.0194099823247313
0.0209485733524275
0.0220427573436552
0.0249819038801604
0.0236419493308802
0.0203189967174637
0.0223188283814579
0.0204233650366064
0.0193426479252707
0.021551216227607
0.0206388351149087
0.0191978789664233
0.0227295682181818
0.0222245602222131
0.0204974328760272
0.0190834104873261
0.022015823583871
0.0203526639171798
0.0205311000757717
0.0223827960609526
0.0204940661560613
0.0196826866425397
0.0229787054961719
0.0182888645736909
0.0217128187863125
0.0204300984765666
0.0210899755912806
0.0204233650366064
0.0199116236007058
0.0202651291978952
0.0195581180035447
0.0217734197458128
0.020574867435414
0.0208509384731883
0.0211371096709172
0.0200664927194794
0.0243725275650206
0.0231268411749852
0.0176357208989089
0.017541452739664
0.0208408383132905
0.0194402828044815
0.0193662149650891
0.0201472939988321
0.0193089807255262
0.0237463176500228
0.0207331032741536
0.0218609544651258
0.0205917010352721
0.0212650450298781
0.0194604831243339
0.0216724181466361
0.0196254524030053
0.0213929803888675
0.0191978789664233
0.0220528575035814
0.0200159919198768
0.0198106220015291
0.0191002440872126
0.0187871391296994
0.0203257301573956
0.0197432876020684
0.0208240047134041
0.0187905058496938
0.0181575624947357
0.0209856072721095
0.0239954549280412
0.0206691355946589
0.020470499116243
0.0212381112700939
0.021002440871996
0.019473950004226
0.0211505765508093
0.0213357461493331
0.0190935106472523
0.0194907836040841
0.0207970709536198
0.022211093342321
0.0197129871222899
0.018945374968439
0.0239415874084727
0.0211674101506674
0.0198072552815631
0.0201876946385084
0.0196119855231132
0.0180296271357747
0.0191945122464574
0.0191204444070365
0.0179084252167456
0.0224804309401634
0.0191608450467129
0.0203324635973559
0.0232648766939008
0.0193830485649471
0.0204637656763111
0.0183561989731516
0.0187905058496938
0.0199722245602345
0.0216522178267837
0.0160533625115704
0.0224198299806346
0.0198341890413474
0.0199553909603765
0.019581685043363
0.0199587576803424
0.0175549196195561
0.0210495749516042
0.0203358303173218
0.0226622338187212
0.0184875010521068
0.0184841343321409
0.017649187778801
0.0212078107903437
0.0203257301573956
0.0225443986196581
0.0187164380102729
0.0217363858261024
0.0182282636141906
0.019726454002182
0.020042925679661
0.0185851359313176
0.0177939567376484
0.0206354683949144
0.018729904890165
0.0186390034508861
0.0185346351317435
0.0200294587997689
0.0209990741520016
0.0191709452066391
0.0188107061695177
0.0209822405521436
0.0228642370171031
0.0173360828213163
0.0214131807086915
0.0181575624947357
0.0181036949751672
0.0183561989731516
0.0187534719299833
0.0198678562410635
0.0180430940156668
0.021019274471854
0.0176222540190167
0.0166762057066023
0.0205243666358115
0.019137278006923
0.0182551973739749
0.0191945122464574
0.0182417304940827
0.0179420924164617
0.0202045282383665
0.0170768453834
0.0178579244171431
0.0213896136689016
0.0206051679151642
0.0191069775271444
0.0178444575372509
0.0189824088881494
0.0202247285582189
0.0183494655332197
0.0192382796060997
0.0200395589596951
0.0167031394663866
0.0182147967342985
0.0181137951350934
0.0175313525797662
0.0195783183233686
0.0187063378503467
0.0213054456695545
0.0215007154280045
0.0212044440703778
0.0200159919198768
0.0169152428246946
0.0179117919367116
0.0185683023314596
0.0186693039306647
0.0170499116236158
0.0209182728726489
0.0189925090480756
0.0180329938557406
0.0185548354515674
0.0182417304940827
0.0202078949583324
0.0183595656931175
0.0174303509805611
0.0180397272957009
0.0190093426479336
0.0165314367477549
0.018393232892862
0.0189016076087967
0.0191810453665653
0.0180666610554852
0.0167132396263128
0.0189049743287626
0.0183225317734355
0.020275229357793
0.0189790421681835
0.0173394495412822
0.0175549196195561
0.0206085346351301
0.0187029711303808
0.0180902280952751
0.0175885868193006
0.0178579244171431
0.0175313525797662
0.019154111606781
0.0184437336924645
0.0182585640939408
0.0172721151418216
0.0198240888814212
0.0230426731756666
0.0218070869455573
0.0177232556182219
0.0177771231377903
0.018056560895559
0.0205681339954538
0.0174741183402034
0.0202785960777874
0.0186154364110962
0.0207162696742671
0.0186760373705965
0.0164136015486918
0.020807171113546
0.0161072300311389
0.0192113458463155
0.0179454591364561
0.0171374463429004
0.0171004124231899
0.0163866677889075
0.0175784866593744
0.0197129871222899
0.0162519989899863
0.0165415369076811
0.0174505513004135
0.0191776786465994
0.0167098729063184
0.0180430940156668
0.0166728389866364
0.018305698173549
0.0179252588166037
0.0188477400892282
0.0162452655500545
0.0191069775271444
0.019389782004879
0.016992677384053
0.0177299890581537
0.0176458210588351
0.0191406447268889
0.0176390876189032
0.0239045534887623
0.0217060853463522
0.0191844120865312
0.0182652975338726
0.0169186095446605
0.0195715848834368
0.0165415369076811
0.0179959599360302
0.0153901186768906
0.0174404511404873
0.0190463765676441
0.0180498274555987
0.0223188283814579
0.0179925932160643
0.0152352495581169
0.0197230872822161
0.0188241730494099
0.0172451813820373
0.0168378082653078
0.0203762309569981
0.0175616530595164
0.0171408130628947
0.0178377240973191
0.0187568386499493
0.0167031394663866
0.0165752041073972
0.0168883090649103
0.0182753976937988
0.0177501893780061
0.0175784866593744
0.0166661055466761
0.0172788485817819
0.0178511909772112
0.0161072300311389
0.0168209746654497
0.0172956821816399
0.0189117077687229
0.0182046965743723
0.0190463765676441
0.0178040568975746
0.0188309064893701
0.0180498274555987
0.0186996044104149
0.0170061442639451
0.0164169682686577
0.0167233397862105
0.0168546418651658
0.0165987711472155
0.0178141570575008
0.0213795135089754
0.0192315461661678
0.0174303509805611
0.0207836040737277
0.0165819375473575
0.0202247285582189
0.0194907836040841
0.0162216985102361
0.0170330780237293
0.0171037791431843
0.016847908425234
0.0172249810622134
0.0193291810453786
0.0203088965575375
0.0151881154785087
0.0160062284319622
0.0176188872990508
0.0152352495581169
0.0162519989899863
0.017541452739664
0.0162890329096967
0.0160769295513887
0.017628987458977
0.0149793788401666
0.0171105125831161
0.0175515528995902
0.0167435401060629
0.0171980473024291
0.0176424543388691
0.0197096204023239
0.0195850517633289
0.0144238700446238
0.0160533625115704
0.0196422860028633
0.0176727548186193
0.0174842185001296
0.0170330780237293
0.0168344415453419
0.016336166989305
0.0173360828213163
0.0179858597761324
0.0172653817018897
0.0164977695480388
0.0178208904974326
0.0175111522599138
0.016228431950168
0.0163799343489757
0.0161173301910651
0.0171441797828606
0.018497601212033
0.0164708357882546
0.017097045703224
0.0152352495581169
0.0152352495581169
0.0179050584967797
0.017736722498114
0.0169691103442631
0.0158816597929672
0.0190026092079734
0.022015823583871
0.0187635720899095
0.0165011362680048
0.0158311589933646
0.0197533877619662
0.0157065903543412
0.017204780742361
0.015871559633041
0.0183359986533276
0.0167031394663866
0.0183258984934014
0.0195715848834368
0.0170398114636896
0.0159557276323596
0.016420334988652
0.0151679151586563
0.0155988553152042
0.0173596498611346
0.0157671913138699
0.0169590101843369
0.0164944028280445
0.0164674690682602
0.0166627388267102
0.0169320764245526
0.0166762057066023
0.0152352495581169
0.0146763740426081
0.0152823836377536
0.0164304351485498
0.0171172460230764
0.0153025839575776
0.0163092332295207
0.0162385321100942
0.0156998569144093
0.0171340796229345
0.0191103442471103
0.0164775692281864
0.016777207305779
0.0163765676289813
0.0149793788401666
0.0168378082653078
0.0171441797828606
0.0160600959515307
0.0171509132227925
0.0158580927531489
0.016864742025092
0.016864742025092
0.017504418819982
0.0143498022052029
0.0168176079454554
0.0155820217153462
0.0162587324299466
0.019601885363187
0.0165987711472155
0.0167502735459948
0.0144238700446238
0.0158614594731148
0.0171408130628947
0.0152352495581169
0.0167199730662446
0.0170701119434398
0.016955643464371
0.0153968521168224
0.0162991330696229
0.0171172460230764
0.014380102684953
0.0149524450803824
0.0156661897146648
0.0157739247538018
0.0188208063294439
0.0157974917936201
0.0157267906741936
0.0158816597929672
0.0162755660298046
0.0154136857167089
0.0163866677889075
0.0166896725864945
0.0148750105209956
0.0159254271526095
0.0163429004292652
0.0155180540358515
0.0160634626714966
0.0158547260331829
0.0152857503577195
0.0152285161181851
0.0160634626714966
0.0152352495581169
0.0163732009090154
0.0165785708273916
0.0163631007490892
0.0173596498611346
0.0160735628314228
0.0159893948321042
0.0180195269758485
0.0163765676289813
0.015215049238293
0.0166055045871758
0.0151477148388324
0.0169118761047002
0.0182989647336171
0.0165617372275051
0.0169590101843369
0.0160466290716386
0.0150568133995534
0.0183326319333332
0.0163125999495151
0.0149255113205982
0.0151679151586563
0.0159018601127912
0.0151005807591957
0.0167098729063184
0.0149019442807798
0.0183023314535831
0.0156022220351986
0.015676289874591
0.0157907583536883
0.0153497180372142
0.0152857503577195
0.0147066745223583
0.0147235081222163
0.015676289874591
0.0146292399629715
0.0156998569144093
0.0136259574109943
0.0156325225149487
0.0167738405858131
0.014380102684953
0.014699941082398
0.0158277922733987
0.0151813820385485
0.0156628229946989
0.0149255113205982
0.0154136857167089
0.0159860281121098
0.0176660213786874
0.0199890581600926
0.0146292399629715
0.0164169682686577
0.0155618213955222
0.0149524450803824
0.0156628229946989
0.0147942092416429
0.0158614594731148
0.0150332463597351
0.0159725612322177
0.0156224223550225
0.0151376146789062
0.0149659119602745
0.0163058665095548
0.0160668293914625
0.0146056729231532
0.0157469909940176
0.0143868361249133
0.0168883090649103
0.0146561737227557
0.0152083157983327
0.0151679151586563
0.0145282383637948
0.0192248127262076
0.017649187778801
0.0154507196363909
0.0168512751451999
0.0157671913138699
0.0163496338691971
0.0163530005891914
0.015659456274733
0.0145013046040106
0.014575372443403
0.0150366130797011
0.0148581769211376
0.0138043935695862
0.0140669977274683
0.0155988553152042
0.0157200572342333
0.0148918441208821
0.0154742866762092
0.0144171366046635
0.0158749263530069
0.0151679151586563
0.0146157730830794
0.0152891170776854
0.0155752882754143
0.0147672754818586
0.0155180540358515
0.0152285161181851
0.020042925679661
0.0204368319164985
0.0173529164211743
0.0162418988300601
0.0174101506607371
0.0164977695480388
0.0153901186768906
0.0145181382038686
0.0152554498779693
0.0164169682686577
0.0163125999495151
0.0150803804393718
0.0148346098813192
0.0156358892349147
0.0149187778806663
0.018073394495417
0.013366719973078
0.0160264287517862
0.0150399797996954
0.0144104031647316
0.0149760121202007
0.0161846645905257
0.0146965743624321
0.0150063125999509
0.0146965743624321
0.0164742025082205
0.0157739247538018
0.014575372443403
0.0147437084420687
0.0175582863395505
0.0147639087618927
0.0139996633280077
0.0146326066829374
0.0155045871559594
0.0136192239710624
0.0177299890581537
0.019726454002182
0.0164809359481524
0.0154978537160275
0.016864742025092
0.0151611817187245
0.0144878377241184
0.0142656342058842
0.0139053951687629
0.0156156889150907
0.0151544482787642
0.0156190556350566
0.014343068765271
0.0135148556518914
0.0148379766013136
0.0193190808854524
0.0153059506775719
0.0143329686053448
0.0159119602727174
0.0139592626883314
0.0152689167578615
0.0152554498779693
0.0140703644474343
0.0144474370844137
0.0158042252335804
0.0147336082821425
0.0139962966080418
0.0155416210756698
0.0154608197963171
0.0142252335662079
0.0147538086019665
0.0168916757848763
0.0146056729231532
0.0154204191566407
0.0144979378840162
0.0148918441208821
0.0146965743624321
0.0140501641276103
0.0140804646073605
0.0142791010857763
0.0149625452403086
0.0137134921303073
0.0138178604494783
0.0156863900345172
0.0133330527733335
0.0148817439609559
0.0162149650702759
0.0150938473192639
0.0133801868529702
0.0143902028448792
0.0143565356451631
0.0139996633280077
0.0159489941924278
0.0162519989899863
0.0140703644474343
0.012817944617467
0.0140905647672867
0.0138784614089786
0.0136023903711759
0.0136259574109943
0.0156560895547671
0.0151039474791617
0.0141040316471788
0.0142050332463555
0.015319417557464
0.0144878377241184
0.0135148556518914
0.0140669977274683
0.0155618213955222
0.013582190051352
0.0147571753219609
0.0178814914569614
0.0146056729231532
0.016083662991349
0.0140501641276103
0.0147302415621766
0.0152217826782248
0.0150972140392298
0.0140568975675421
0.0164641023482943
0.0143127682854924
0.0169489100244107
0.0141410655668892
0.0148245097214215
0.0147268748421823
0.0145215049238345
0.0134879218921071
0.0140333305277522
0.0169219762646264
0.0128549785371774
0.0144339702045215
0.0158378924332965
0.0139794630081838
0.0142083999663498
0.0153093173975378
0.0139895631680815
0.0157166905142674
0.0136966585304208
0.0167368066661027
0.0153160508374697
0.0129357798165302
0.013582190051352
0.0145787391633689
0.0136495244508126
0.014130965406963
0.016972477064229
0.014380102684953
0.014787475801711
0.0137976601296259
0.0133532530931859
0.0152049490783668
0.0133397862132938
0.0140669977274683
0.0129492466964223
0.014467637404266
0.0158008585136145
0.0137101254103129
0.0158681929130751
0.0177703896978301
0.0169219762646264
0.0161509973908096
0.0132926521336572
0.0145518054035847
0.0153295177173618
0.0127236764582221
0.0139794630081838
0.0133263193334017
0.0135182223718573
0.0140636310075024
0.0137740930898076
0.0137505260499893
0.0140501641276103
0.0141275986869971
0.0137101254103129
0.0133566198131518
0.0141545324467813
0.0168883090649103
0.0137673596498757
0.0129593468563201
0.0142959346856344
0.0150063125999509
0.0136023903711759
0.0137808265297679
0.0146258732430056
