8.15245805385409
5.47016056413117
7.66102143869287
5.88607960380085
8.1093887879334
8.05081702744855
6.2956271619984
6.86659854284118
8.13072868496499
7.65747761428046
7.84091528473218
7.85265529463151
8.53387459546786
6.64917504888057
6.54543986902274
6.91815397212865
5.47911129740492
11.3649327018691
8.76529206495933
5.37486334160317
7.91731179660802
10.4726748569957
13.5709401875681
7.72378641789699
14.7354236339112
9.0461800230304
13.905505557283
7.37447846357313
13.3643760030662
7.46183434395706
6.81606740357239
8.04918792790289
6.88608911462818
13.1729966983092
6.30202693912528
12.3737361792866
7.7695623423952
6.84911622347756
8.10272067018599
7.88708253822984
8.01830851761341
8.00844569971713
9.04971011100714
12.3192671156313
13.2474526865288
14.5363586745019
12.3453476405233
6.87395875655275
6.37792491763244
7.58476621535082
12.2230211820674
9.49504308525579
7.47837511492584
7.97432763403231
5.89121070956014
8.11483629973442
6.64310207118368
6.46677538895342
7.26549044158608
12.5136424856803
7.69782335185484
5.7014834139167
11.2898661130887
8.54523745691671
6.90642296562433
7.03761284879663
11.3711296460115
12.4541798659878
13.5244378240041
10.0038408665129
12.0351750305117
6.642283405276
7.36860750692846
6.82656007358975
8.12425302059021
7.59635649597902
6.27535249483227
13.40143640403
11.1649124798985
6.00670333414299
7.81158823494433
9.50227630166176
11.7675148754352
10.1706908719311
5.7737585276455
13.5930980880378
6.8831470459579
7.54877086544776
9.99991082161063
8.17631163953303
7.13131579515408
12.3598852453888
6.90806471155934
6.56322574472721
7.43328324757549
8.29626289312357
7.13339594183541
8.6162723852706
7.50172808393358
6.87644903816934
9.80787221180065
8.05228761009818
6.64573100332197
7.2399410846893
7.52519259096949
12.4245671720093
7.51096003345408
8.82180533274531
7.2801712368081
7.29408141286108
12.4770281987161
11.38956864188
9.45003060564574
12.253990404448
7.23546090660429
14.5047865236779
9.5872216555783
9.47059984711624
6.24671675985762
5.63067765191422
6.91708855042161
6.65194985493897
7.4580736495199
6.59833639057895
8.19647776919452
12.4751183525671
6.2099067055037
12.2099217282357
7.28697762300578
5.62931578045703
9.08256051500632
6.31927523845163
6.91327435573413
12.9182734799358
5.84166229222371
7.99940175067472
7.4590904198955
6.60835029582159
8.64886048239101
8.67188887586461
7.3553326164521
8.85156506671685
7.19610462137433
11.5827738521884
7.66296311732668
7.32142023446817
11.9930764694137
8.85364639598867
6.76514027895977
12.9433974526726
13.0144608088514
5.74869050631181
8.51477157351897
8.3250424341565
13.2008096027333
6.42509473438698
9.01676011204155
8.86256732724382
11.0243620147202
6.23255952309222
7.62061701648791
8.18862470219776
12.386169253955
8.60149919611176
6.65931792267926
7.77266638971655
5.55964622329514
8.69167957126924
13.8466203211493
12.7161725118775
11.6126422119754
6.26067342314477
6.61450377229015
8.06158470159925
6.04260479315024
12.8721742917432
7.2749062894936
6.71320182582096
12.4958251559306
6.12477616969995
6.89475731713901
8.84844436759786
9.49516435970639
6.81502716908674
7.07923075051273
7.52125289209449
7.86365702003986
7.18820996191662
7.55432467519978
7.33689678756134
6.68375353532966
10.5515123081244
7.39596842310435
6.64078929155071
5.59281533902761
6.79137374256444
7.2371495908746
9.00965461585899
6.65019804964103
6.52171954266322
7.87630253771982
12.1718581316689
6.1717747257367
8.35384191330997
7.32926088114139
12.1140006005519
7.8697388878678
14.1696735560392
6.834152262187
15
7.07105101695541
7.64485866521861
7.91529000349493
5.74291453483134
5.68202937346525
13.3071630233036
5.6349376790609
7.67671701016055
7.04455586990438
7.009746128034
7.26474270706611
6.99239198985394
7.87283337686082
13.6265282554787
7.29504895807858
7.42866441267888
9.01155339890862
6.25569124968751
7.03715855640891
12.0765585391215
13.2430870463577
13.090707466251
7.0920826466161
12.1175291567614
6.70833532814813
8.36732569471024
9.23384140721526
6.34049273565089
7.41640357699433
7.80850712443505
9.84256502683934
7.41457253886501
8.87468425522603
14.2961366726629
6.73409167011672
8.38698337871788
13.2752065932693
7.12939163847047
7.23445847776207
11.5559158064442
7.45452372789224
7.64851539073454
7.99504805783279
6.602063327278
8.08534325823163
8.08081592987148
12.2039052914274
8.4502329891426
7.63475245811495
13.6669525829588
8.90797836811206
7.93587273943668
6.65737709841401
7.06936759026678
5.57967682016823
6.57656066705158
7.73040405952043
7.9049094262261
7.77805180226578
8.61875608693922
7.61794880309981
11.4845683832839
6.62229346143715
6.45815331321414
13.9308021298415
12.2174455651233
12.5068637101065
8.57654514568082
7.13892714573053
11.388428517176
7.11152756026246
14.1544598266761
6.60866982096178
6.67524760991645
7.14113176326391
6.31993018498145
7.80642077572078
7.93065831508544
11.7244634378773
12.559756299346
6.95126718618999
8.12248102565767
8.97489590023048
8.06529767821088
6.36709926116215
7.68281822147495
13.4687329611135
5.87759463029964
6.59406885056572
7.5333640348063
7.65654073746068
8.44413670310765
5.78925710943011
6.4007958241573
9.10164803963502
6.67958476087522
11.9710750522133
12.1779808940962
6.90637868363032
13.6250522290425
5.91459799978432
7.64336069961121
6.77324227026705
7.76687084121879
8.07549710435521
7.8743048106823
7.33352868622059
7.81431516060588
7.20932430440057
7.81486399223033
5.90780629665269
7.95182295982082
7.99315885418974
11.5485045327778
9.19925442663863
7.01468457603211
5.74146670238271
6.34340491256458
7.73667806200325
12.1661053666396
7.7658996740638
8.04356494798943
6.87449967114368
6.82735484592937
12.5136273812117
7.11517122772367
12.8985356239528
6.28476871492509
7.04607959628275
12.0982446635754
11.7659307561678
6.71142141549138
6.63414709994594
5.29441678585814
8.72375902138597
6.01266669161087
6.12266347295651
8.45550059716786
12.217687451065
12.4589402373044
6.11448646976619
7.38575408063984
7.05983412358957
6.45314156109414
7.74682644349179
7.44266883894576
8.42879209627352
6.47279608279841
7.54526763689786
5.77586720872021
7.60392975739667
7.13117297853113
7.51133318320777
6.55069823866846
7.31785342581953
7.81336423056318
7.64343112532806
7.27351260484462
12.0834113194354
5.88124469658185
7.23326682630744
6.50765178377118
7.1478822051406
13.4228621550197
6.56280576554627
6.91320240186324
8.00551318531447
5.83605827609587
7.76574576855685
8.20482062741574
7.81607257820532
7.1696864418979
12.3683817434731
6.95381935974876
9.39887835961774
7.45748440718788
7.53243530269804
7.09118243091284
7.05784976953075
6.39904738028052
7.27686406396132
6.16691529656714
14.4360871886096
9.20343466752946
5.15140523887441
13.1782953033633
6.82435668883653
11.5714795989919
7.22124924960625
7.27578887433093
7.95263333639443
5.82957163562711
11.8096832339527
6.97006761787895
8.65217394305457
6.23807277491033
7.94361752217244
7.03470595906596
7.93506499698482
13.1241795024411
10.8286134882344
7.43773981702848
11.6470559531866
5.92145676551409
6.89410825110194
11.1807136052097
7.74187037964194
7.37729712664586
6.02923134403013
8.6352839822629
8.02090642440268
8.79035862579558
8.34731991538674
11.7115786497579
7.32940016605527
13.8066072540269
7.85103806951518
12.560370369473
8.32452582506721
5
11.5398452346994
8.00040798605261
12.8790682892639
14.9792055316069
6.69696563640203
6.78754872882356
14.0482881860598
8.20832875500093
12.9177835481602
7.09907413307887
8.57021180978284
7.2150008391388
12.1461749573121
6.84587514014557
8.47592529477888
12.9545335927411
9.50053080869795
6.81102926347932
13.9769131903046
7.08279377831717
8.65857379189877
7.28620063240511
9.41699041200036
8.74247361453544
8.40448673506047
8.3279292264397
7.52517226602537
7.25995885464141
5.9239052716856
7.39460214015389
8.43956055955648
7.83341024511039
7.87676239362277
5.36326459937609
7.37191431526889
6.85608500288083
5.87995989332265
8.09028857633841
13.0866820494632
13.1378748366884
12.4662293087788
5.67438393461937
13.7426165175465
8.58273601653626
7.63072349138493
8.27219940446253
7.21690698980701
7.68490870530345
12.4851734447639
6.74216336679967
11.2731484967841
11.1970838658226
6.02324195831794
7.74174091247684
8.12730773131904
6.114132973429
6.7715703692721
12.1283664326128
8.00568563788865
8.10991237920568
7.97419485605327
6.65378574918156
6.09558942375591
13.7829400194478
8.21692029758999
14.2970500970328
11.4166503251852
6.91694360415685
7.49801175387489
6.78478259984164
10.5853241846714
6.17856821099559
12.2859676227824
6.35854443774373
11.4989083283156
7.41316168486289
7.44727321782251
7.57017392567277
7.36945531932197
7.32907828779655
7.41279004208288
14.6496645607232
7.99681442415056
14.2603474219821
8.014761871581
6.77130864110784
7.73491402819283
13.9261242621235
6.57424381205253
6.5452937376739
8.34285198324734
7.3510453863356
8.04543995731475
12.8524079386193
7.38158340890303
8.36758107414986
6.38111435819366
12.318170458079
6.99909943340658
8.31782915922556
6.73025052389235
7.43442791927696
11.0040700955769
12.42854235817
13.884907443038
5.15689649883415
6.7104909801493
7.16747666473717
7.23361902952465
7.53985724762526
7.19938359537922
14.4867203418404
5.55742345716648
8.40513827925807
7.98329169495588
