12.5771838013695
8.79916932756332
7.36458497280222
6.17485370973703
11.4262824471969
7.8422717656477
5.78575394266424
6.11684389437111
12.1761645992012
7.62281604671514
5.4686067025934
7.31530313071359
12.392325563013
7.76581477670006
7.30775486089248
8.38212273004876
10.8482602035419
12.1677457680352
12.6845674460909
6.92809168450296
7.35646727516887
7.65619128463754
7.63618422741716
8.22082000174815
6.99299034591853
12.0902577308171
6.57290701194506
10.2361803616942
12.6468297312605
9.02567909045003
10.1354648292107
6.90749531452586
6.78033948195819
9.03221443327245
12.0839009525115
12.2804605675881
11.8391523189688
7.7930962099662
14.275268030313
13.1826646289113
7.78256732674121
6.33549209319515
7.02960171183996
8.16000838613996
11.6508981042713
7.80895543272136
7.80608064571255
8.67166068336271
7.10490632085094
6.02175249829324
10.8870976940146
6.73525683147923
6.76967611136244
11.5491075538454
7.14931895361509
9.33091683622082
12.4658874795039
11.5841794980807
8.45828449352129
8.2982613396395
6.47371862039778
11.2464543020884
11.8278318250574
8.53526052533546
12.5430928996927
13.4875728322878
10.2425061762148
6.22948464969654
9.28577007583013
7.46734912811447
12.7098640176408
6.20370485794049
12.4941144921468
7.11011574901336
9.35988548915544
8.09969263212634
8.31518231027315
10.9976717072194
5.4744155236671
11.6964851897919
7.70021187191169
6.43626225312916
11.3617584522168
8.36999714034165
7.15870303377859
12.4709893079403
12.4062166844766
7.32253383118946
8.05186069755805
8.19851179849972
7.6194630225648
5.10227068923356
6.85413050096719
11.4993137177853
8.44427901479654
11.6677929267142
9.53405442552308
8.08296456442948
8.17073941077471
7.4055934172808
14.1119878087324
7.92394191904445
7.93581864059918
7.53219796038616
8.3997792448815
8.73691907707464
8.96155926081993
5.48641113907315
6.57301036966837
8.33908649864884
6.87238770633336
7.09747349596263
10.4918561541206
10.4138104100941
5.21119395873566
14.5015911439301
13.1097776768151
7.9102978638731
7.61957616256841
5.41379053446138
14.2910093692129
7.89067039124588
11.9487089120562
11.8692896841589
13.2486376003849
5.91295456494999
6.31981235433129
14.8880578035985
13.4977418536778
12.9294461484299
13.1331855149281
8.04096533944368
7.92856524031549
8.10659692426284
7.02860378674868
8.37325491249422
7.17534046718192
7.1150929493057
11.24386311935
12.2226146472207
7.72124303394799
7.38329432250672
9.7992255532441
12.2425456090995
6.71489728842243
8.16725215907936
9.45929906965058
10.4897217106682
9.0398404445042
8.10470674295087
12.9951092587728
6.80855917069845
8.38138424692469
7.55147460063359
11.375372417887
11.2845480535678
7.14810947496251
8.37834368237978
12.6359220477864
12.9397692127144
7.6669161768696
6.62194511630022
8.50751051272189
9.88757954600193
7.51597333322567
8.26559292777053
12.8834935263583
7.52193001622436
8.76769329597733
5.98458678871847
9.5569239360861
11.2681079102803
8.48685830112999
7.82732353536088
8.30240895386254
7.58189119896001
6.80456324899428
7.18743376467687
12.1395985096576
12.7386621527864
13.1896084910978
14.0959134565615
7.04252780185812
11.3598099194045
7.85832275438635
5.93186551665098
7.06905074767131
7.44148710497738
8.27398520752509
6.49371337181018
8.83478702458925
8.36629249304164
9.62439363482899
7.14223183139142
8.05772700785162
10.9133850059163
11.7384705022493
11.0209652672115
10.0844489195853
7.04415902042404
9.67617097183359
7.34109105846736
7.30610991921347
7.48785358858018
7.37661262368601
7.53415084064706
9.52472058588714
11.1438246718243
7.2451761027403
7.12210171121769
7.79750157262215
8.16445067142812
8.10051946433961
6.98513029894654
10.6654837583707
11.3437199431732
6.82864714277593
8.01541186813705
8.52412741158742
8.65069677787416
8.20390156733428
8.63824399737023
7.11488688577256
11.8677650638559
7.19509536966882
9.05373957471183
8.8824229312354
7.3008177481008
7.93321857572063
7.83193114791516
6.25855243902042
10.9269179921676
7.98154850565683
10.5722974309584
5.53707302506356
11.8320460637297
8.44923658913021
10.1297842147918
8.50537019095712
10.252512025914
6.52523542487022
8.11892794375122
10.6765262293729
7.45925105832854
8.60400624408599
7.0451526085378
12.0185047207088
6.88434153856568
7.29016557982447
7.16615962826564
7.71711920258904
9.19951648531222
8.19449921746355
7.80351427529668
7.45296677166662
7.80479810124259
7.7176485565823
8.448587003782
7.33288395430189
13.5923262458412
7.76431805315264
11.3343389801985
12.071928542396
12.1433828151198
7.95698377145001
7.07876594511611
10.2050306788066
9.86685775562724
6.92176935631479
10.8834545017716
6.62010798461308
11.6451784487597
7.55066508008081
6.66395011552793
6.84069118882188
7.54106876915215
7.46279777406156
6.75734223111472
8.80734165416995
13.332348667548
7.33834374390584
14.5770896028509
7.41890237683782
7.24492559830806
12.1722792105894
7.21323727520256
11.8914021479626
12.2548762672111
5.102622039882
9.10268030368294
10.8290577923513
12.0391071611975
9.11317993727415
7.17324185116165
9.18163062068291
12.7657686381398
10.0361277561311
7.41345600614953
8.23348940039372
11.4081165066962
6.83489237627586
7.40905727194869
8.08967512306829
5.16599263730315
6.54819798923817
8.58776616955632
7.29922694863116
12.3385634612938
7.4177902255481
7.67903424456228
6.80821338050752
7.10910202049692
5.07067982066489
7.26360175483666
6.79479965767784
6.8052467000402
7.49985433942818
7.43338814664397
7.78456309821358
7.85972836337351
6.72238639764748
13.6649332717482
8.74619347340131
13.3081903268684
9.04457873151541
13.4551885670699
8.04191817108461
10.0092022827738
7.73742106855199
7.8425060179884
11.8313415321385
12.2170341651357
12.3371538927913
12.2981010254663
8.31642827479644
7.08176946653696
9.88525326311703
6.74914329351859
14.1480465018342
14.5247585485308
10.1915601387525
13.6861061756459
11.3939805315941
13.8048795086399
6.49456824200591
6.90136247522457
6.74838788537693
12.1474223351409
7.84337762329271
8.03172511156161
5.25406789960736
12.5762456449802
11.88542915629
6.17843394610682
6.30630186388913
6.97068645958453
7.49649138006541
6.95719731412165
8.92015070133153
8.04595272003774
11.9829389465452
12.3355079459064
8.24901027995812
8.49394354871492
10.1807491654697
6.46225948629
12.946744908034
7.55000971019636
12.2751748002565
7.46825562122046
13.7019259208777
7.63403769029321
13.4798649198303
8.061543817168
14.0939679839246
7.20702751179347
7.31300403178747
11.9074817289421
7.43923955567023
8.44056200064227
11.0349328833628
5.46145115347983
6.48411081034263
6.88454097962986
12.5819457103065
12.7946258652751
10.5589118273855
12.6234968261657
7.48818060635378
10.0191769562872
9.76500362978573
10.5292409863467
12.5831519588944
12.3977679072302
8.19834781503047
7.61464975850472
11.137503973204
12.0357697699689
8.04840806386274
9.73068686970371
5.63226139262643
12.8780746689808
8.4143804387813
11.8613974274017
11.6410709048091
12.4422686367852
13.0678883160226
12.6149187824401
7.66890129836192
7.56325403373811
10.0833137331907
9.88716536726808
11.184022362572
12.3064127944409
12.0218944119214
7.58377691207014
7.41170553404546
9.8985081146338
5.89638398267959
12.3816727185989
6.96111860297238
12.0582370857184
6.15240219500001
10.6275751205642
13.4709368352059
12.3695204791772
7.84596555718084
7.47435829132722
12.0123485610457
14.4823714273914
7.07844739840833
10.8444781336168
8.35142039221028
7.78395011695802
7.62370475233264
11.852662856291
13.7761861690214
6.94401429233328
10.7408336796989
8.72248336859565
12.6743721832397
11.5489929122298
7.29845055599788
11.6757786033441
8.28062273662176
11.8304044983737
12.4337991828216
7.92128782606678
7.1234144542709
12.4117938766423
12.1366426888228
9.11844891137558
8.27637715572191
11.4585530858325
7.24946040133342
6.89317803884234
11.7099347014003
12.118462540573
10.9777298261273
6.90866213781675
9.89679352033934
13.2683500475377
10.6790198796489
11.8707034321434
8.9348004622435
12.7344290447184
11.7975897073087
8.96433042885054
12.7955151080395
13.6760603724593
12.2298288507598
7.61845802412312
14.4130959206502
12.0824101987089
8.34627081103089
8.14773838700887
6.8995012466325
10.4304825603904
10.5375437651888
6.77852306766519
10.3926524088934
7.61967958449262
7.89583084509954
9.17987304550491
14.8809183142462
10.5497606663589
7.46535559752912
7.48892044520137
12.3614660833591
7.10137495027693
7.36351759278371
8.00823494115081
7.42952651532335
7.75875344448244
14.1357806441098
8.45353033309
7.69395786757041
6.64763326018279
7.06905199306468
14.7447717972263
5.27839210537071
10.8566077725071
6.83685642363506
7.1859330885181
12.3323894983657
13.5231605152789
7.20726605567991
9.74591781405609
7.70759738290671
7.31223351171106
7.18534070233494
7.53257193891517
6.22009497599795
7.25976093556192
8.35457184159355
8.62016852475587
9.06683515658384
8.41292959571339
10.9519558736218
8.24481181818793
7.97801787918351
8.79047882287041
7.91537267925346
6.94734343188686
5.11881573286679
8.72439307099261
8.58552076634092
11.2172252854118
7.53502632640784
5.21288139644166
6.43183135270626
13.8449689732727
8.14433761331297
7.2515409297697
7.27624131451286
7.45452167828533
10.6255979018507
7.58588895814363
7.25744857071556
12.2721636672055
6.63627669787748
8.16584861628507
7.94083808281957
6.19130711619116
9.42499604770872
