2.79141233902871
3.4309510983924
4.38834525713324
3.39231461998148
3.351499873748
3.84296692197628
3.3156005386752
3.86665853042675
4.97599276155208
4.62949667536404
4.48592963555257
5.19248295598015
4.1769017759448
3.00408130628736
4.61712061274304
4.60447184580423
3.91670145610641
3.74641612658868
4.2067780489858
3.1726395084589
2.39709536234324
3.20519232387846
4.17408046460736
3.64010520999918
5.35010941839914
5.02345341301239
3.56440787812474
3.68643127682856
4.6344524871644
5.11000841679993
4.20051931655584
4.01169346014646
4.52300732261594
4.42147378166823
4.16922228768624
3.73358219005135
4.19049995791602
3.57097298207222
4.16805740257556
3.69498611228011
3.42185085430521
4.54225149398201
3.67815587913475
4.07050332463598
3.05216480094268
2.98029879639762
3.72988216480096
4.94103610807173
3.56253261509974
4.26444996212442
3.19341890413264
3.86070280279438
3.45401986364786
3.42615688915075
3.43269169261848
3.93003703391972
3.51308223213536
3.83000168336
3.41409393148726
4.31570490699437
3.44595656931236
3.6284765592122
3.49548438683613
3.56290632101675
3.73104031647168
3.11414274892687
3.84404763908762
2.84223297702215
3.95716943018266
2.73106725023146
4.64663664674691
3.0864279101086
4.76183570406533
2.0888014476896
3.60250568133995
4.03128440366973
3.19622338187023
3.91716943018264
4.56670734786636
3.65512751451899
4.1262393737901
3.22333221109335
3.5841873579665
3.45405353084757
3.5672022557024
2.86306624021549
3.47630081642961
3.54844625873244
4.75890665768875
3.60744129282048
2.94083747159331
3.49658193754735
3.0367889908257
3.03730409898156
2.98175995286593
2.54196532278428
4.28094352327247
3.53191566366468
3.32293662149652
3.80995959936033
2.58227506102182
3.6941881996465
3.97401649692787
3.42615688915075
2.98029879639762
2.87257385741941
2.19335830317314
3.83160087534719
3.06594815251242
2.96160676710716
3.41795219257639
2.78247706422019
3.41132648766938
3.21313441629493
3.06175321942598
3.65718794714252
2.91059759279523
3.03131807086947
3.24061358471511
3.10065230199478
3.43250988973992
2.76190303846479
3.20567376483461
2.86916000336672
3.09828549785371
2.94907583536741
2.36759952865921
3.20467048228264
2.39709536234324
3.351499873748
3.49548438683613
2.26195522262435
2.55022052015823
3.45639340122887
3.06763824593889
2.7220882080633
2.93294587997644
2.77913727800691
3.97570322363438
2.01063631007491
3.3493384395253
3.16018601127851
3.37148135678817
2.82686053362514
3.32413517380692
2.76329349381365
3.06388098644896
3.67223718542212
2.97706674522348
3.22383721908932
3.36284572005724
2.70866509553068
2.21522178267824
2.14730494066157
3.09479757596162
3.00408130628736
2.86695816850434
3.02755744465955
3.00252588165981
2.64740425890076
2.71284319501726
2.32826613921387
3.18403922228768
2.19335830317314
2.98769548017845
2.28926605504589
2.8099393990405
3.08969026176248
3.15737816682099
2.18019779479843
2.47450298796397
3.21633280026936
2.186624863227
2.32806750273548
2.87481945964146
1.93590522683277
3.02465196532279
2.70127514518981
3.21073731167411
2.62010689335915
2.00601380355189
3.11514603147884
3.04606430435149
2.62925763824595
1.80927278848583
2.78469236596246
2.70621749011028
2.86020452823837
2.7002146283983
2.76256964901944
4.20614173891087
2.79335830317314
2.20627977442976
2.73012456863901
3.10768201329856
2.70069270263446
2.24899671744802
3.23308896557529
2.08159330022727
2.87473192492214
1.82962461072302
2.58335577813315
1.93896557528828
2.42834525713326
2.99553320427574
2.38671576466629
2.08277501893781
2.19272199309822
1.9811876104705
2.0888014476896
2.92075498695397
3.28223634374211
2.06417389108663
2.23638161770896
1.92668378082655
1.89706001178354
2.69630586650956
1.73902280952782
3.00307465701542
2.2322775860618
2.40246864742025
1.7374640181803
2.53758185337935
2.01063631007491
2.59706506186348
2.00280868613754
2.15818281289455
2.29196953118426
2.76674774850602
2.29384816092923
3.01444070364448
2.85599276155207
2.75258395757933
2.36290295429677
2.01453160508376
2.39573184075417
2.57459557276323
2.09408383132734
2.15156720814747
3.01392559548862
2.07738153354094
2.40473444996212
2.27012961871898
2.26334904469323
2.75383637740933
2.25228600286172
2.18306287349552
2.06377998484976
2.13563252251495
2.3885741940914
1.98721740594226
1.80869371265047
2.57738321690096
2.00273798501811
1.76079538759365
2.78356114805152
1.93848413433213
1.96846814241226
2.33123895295009
2.27533456779733
1.82524114131809
1.75024072047808
2.06417389108663
2.32544482787645
1.92593300227253
2.0689883006481
2.23932749768539
2.18390118676879
1.86938557360492
2.29986785624106
2.09510058075921
2.02147714838819
1.79640518474878
2.24975086272201
1.82428835956571
2.20510815587915
1.66508290547935
1.79898072552817
2.1020999915832
1.86666863058664
2.24639760962882
1.92670061442641
1.98597508627222
2.38213365878295
1.98684706674524
1.80820217153439
2.25455853884353
1.77145778974835
1.69263277501895
2.16920545408635
1.72068765255452
2.26823415537413
2.16597340291221
1.79754650281964
2.35351990573184
1.72630334146959
2.24412507364701
2.4754254692366
1.85047134079625
1.96222961030216
2.0860239037118
1.60409140644728
1.93965575288277
1.72047891591617
1.79300143085601
1.87510899755912
1.98929467216564
1.69694891002442
1.86317734197459
1.66757764497939
2.10452739668378
1.41559212187528
2.1341881996465
1.90959767696322
1.69397272956823
1.79312263277504
1.82414359060687
1.78837892433299
1.79022388687821
1.85008416799934
1.84489268580086
1.71259742445923
2.02881659792948
2.30320427573437
1.5908871307129
1.75220351822239
1.77584125915328
1.71796397609629
1.74221782678225
1.85025250399798
1.96569396515446
1.72293325477654
1.82524114131809
1.8283519905732
2.09951098392392
1.73001010015992
1.47931739752548
2.60565693123476
1.65769632185842
1.98421092500632
2.47737143338102
1.57147125662823
1.63891675784868
2.40756922817945
1.94936537328508
1.82984008080129
1.88570743203434
1.73195943102434
1.75851948489185
1.82790421681676
1.58660802962714
1.96733355778133
1.55894032488848
1.56785539937715
2.09361585725108
1.99339533709284
1.7423120949415
1.73976012120193
1.67767780489859
1.72875768032995
1.72264035013887
1.72630334146959
1.69333305277334
1.54200572342396
1.43819291305445
1.64534045955727
1.65384816092921
1.67282972813737
1.87046965743625
1.91848581769213
1.70393148724855
1.79469152428248
1.64604410403166
1.59602137867185
1.91281962797746
1.69087198047302
1.79417304940662
1.75099823247203
1.66947310832421
1.76832000673346
1.710375389277
1.62058496759533
1.65820469657436
1.80090312263278
1.85989142328089
1.48690598434476
1.79300143085601
1.82524114131809
1.47942513256461
1.61834273209325
1.65919787896644
1.79331116909353
1.51592037707263
1.88627304098983
1.70006649271949
1.43158740846729
1.69053194175575
1.89872990489016
1.66353084757176
1.58285077013721
1.82653059506777
1.62058496759533
1.68193670566453
1.70754061105967
1.28008837639931
1.6740888814073
1.37369665853043
1.56062705159499
1.28353589765172
1.84494992004042
1.57318828381449
1.74059170103527
1.46679656594563
1.49067334399462
1.41004040063967
1.6655744465954
1.79458715596331
1.53897904216817
1.76595993603232
1.61312768285498
1.503251409814
1.82710967090313
1.42884353168927
1.80999663328004
1.74853379345174
1.46670566450635
1.699874589681
1.56397693796819
1.47599107819207
1.65913727800691
1.69335661981316
1.50554751283562
1.44498695396013
1.73693880986448
1.75989647336084
1.52928625536572
1.50700530258396
1.5001371938389
1.45659540442725
1.50514013971889
1.66715007154281
1.55502482955981
1.67956653480348
1.53333641949331
1.82565188115478
1.47195774766433
1.49795892601634
1.64759952865921
1.54759447857924
1.5993005639256
1.5241520074068
1.44256291557952
1.44693965154448
1.39147293998823
1.45923154616617
1.54273966837809
1.64636057570911
1.38418399124654
1.25364952445082
1.70786381617711
1.39313609965492
1.5160887130713
1.57318828381449
1.46728137362174
1.43855315209157
1.34972897904217
1.44788906657689
1.55611564683107
1.2840644726875
1.87483292652135
1.56034761383722
1.30425469236596
1.42434559380524
1.46079707095362
1.44210840838315
1.28353589765172
1.62006649271947
1.39679909098561
1.67087703055299
1.3881870212945
1.2570364447437
1.59687652554499
1.44579496675365
1.66820048817439
1.29189209662488
1.39702466122381
1.52928625536572
1.37100328255198
1.53333641949331
1.62981314704149
1.80953202592374
1.59270852621833
1.21254524029965
1.57866930393067
1.62697163538422
1.41302331453582
1.35233145358134
1.62174648598602
1.53585472603316
1.59551973739585
1.26952360912381
1.4345871559633
1.48196700614426
1.41395252924838
1.44665684706675
1.42815335409477
1.44397357124822
1.38418399124654
1.23516959851864
1.35612238027102
1.57433296860535
1.17527228347782
1.30008332631934
1.3563142833095
1.48019947815843
1.63589007659289
1.33162949246696
1.0635880818113
1.55975843784194
1.18439609460484
1.4477644979379
1.44693965154448
1.30425469236596
1.29281121117751
1.48436074404512
1.41031983839744
1.44743119266056
1.50474960020202
1.55721656426226
1.35194764750443
1.26380355188957
1.3195766349634
1.32123979463009
1.36018601127853
1.29161265886711
1.45694891002441
1.48248211430015
1.2939626294083
1.51914232808687
1.22503577139972
1.61276071037793
1.28633700866931
1.4297626462419
1.15629071626969
1.7557655079539
1.6639752546082
1.20069101927447
1.05700614426397
1.38743287602054
1.47156720814746
1.07733103274137
1.28542462755661
1.45117835199059
1.33714417978285
1.21664927194681
1.14450382964398
1.29478074236175
1.34417725780659
1.32599696995203
1.20944785792443
1.39601801195187
1.43861038633113
1.36459978116321
1.2954271525966
1.53863563673093
1.29964565272283
1.1120991499032
1.19196448110429
1.26849002609208
1.28083242151334
1.12708105378337
1.07594057739249
1.12261004965913
1.4344019863648
1.2444381786045
1.30990068176081
1.39700109418399
1.29161265886711
1.38781668209748
1.2944743708442
1.3506379934349
0.921084925511337
1.1313500547092
1.30609628819124
1.41482114300143
1.24242824678058
1.08461661476306
1.38078360407374
1.42984008080128
1.31806834441545
1.35537160171702
1.21206716606346
1.27003198383974
1.20809780321522
1.15384311084927
1.2335771399714
1.22940914064475
1.40866677889068
1.12540779395675
1.45716101338272
1.19960020200321
1.09558202171536
1.21629913306961
1.27237185422103
1.25879050584967
1.16916505344668
1.24286928709705
1.24768369665853
1.14218079286255
1.0187871391297
1.18021462839829
1.31397441292822
1.26066240215471
1.06372611733019
1.25944028280449
1.20343152933256
1.19751956905986
1.30150408214797
1.08579160003367
1.05079454591365
0.999330864405351
1.11934096456528
1.1476517128188
1.12279521925765
1.41888140728895
1.13036023903712
1.24031731335748
1.02851359313189
1.31370507533038
1.22595488595238
1.14271946805826
0.982955138456362
1.424874168841
1.15692029290466
1.01915747832675
1.17548438683613
1.21441713660468
0.942207726622343
1.18688746738491
1.31516286507869
1.19242235502063
1.22202592374379
1.0635880818113
1.28074488679405
1.34387088628904
1.06603568723173
1.43201498190388
1.14200235670398
1.24489268580086
1.05740678394076
0.979356114805171
0.999563168083512
1.11842185001262
1.05641696826868
0.99760710377916
1.05313104957497
0.963663833010685
1.11171534382629
1.13102348287183
1.1476517128188
1.0635880818113
1.00434727716524
1.20836714081307
1.07361417389109
1.04836714081307
0.903301910613578
1.45588165979296
1.23172544398619
1.0662612574699
0.898393232892857
1.23230451982158
1.07518979883849
1.05740678394076
0.959425132564604
0.837246864742042
1.2615242824678
0.889444491204443
1.15591364363269
1.31670482282638
1.06372611733019
1.0183898661729
1.13364279101086
1.12442807844459
1.16989563168084
1.03391044524872
1.13286844541705
0.963219425974245
1.06010015991922
1.15017338607862
1.05538338523695
1.13528911707769
1.08487921892097
0.969676794882588
1.17667957242656
1.02099234071207
1.19146620654828
1.05079454591365
1.31110260079117
1.09080801279353
0.915391802036879
0.973639424290894
0.852686642538515
0.991903880144775
0.889340122885272
0.963495497012048
1.01307044861545
1.13898914232809
0.980992340712078
0.889269421765846
1.00507448867941
0.996031478831753
1.06428835956569
1.08037791431698
0.889814830401491
0.906991835704076
0.99431781836546
1.0362267485902
1.10974244592208
0.943416379092668
1.0493502230452
1.09259574109925
0.903301910613578
0.889646494402825
1.03103189967175
1.0679749179362
1.01896557528829
1.04535055971721
0.9761880313105
1.06623769043011
0.951617708947055
1.24431697668547
0.869153269926784
1.0746140897231
0.801519232387847
1.00977779648179
1.09975675448194
1.0575145189799
0.957270431781836
0.920967090312274
1.13944364952445
0.935528154195794
0.83318323373453
1.25387172796903
0.978881407288952
1.03560727211516
0.843024156215819
0.984813567881503
1.04836714081307
1.06010015991922
1.04718205538256
0.88990573184077
0.963219425974245
0.92616530595069
0.788045619055652
0.919064893527491
0.928279606093781
0.973986196448124
0.997283898661749
0.906422860028613
0.818221530174242
0.922259910781918
0.969006817607948
0.775726790674184
1.04647841090818
0.998226580254197
0.857763656257902
0.886959851864333
0.918081811295366
0.894137698846919
0.854265634205888
0.970269337597841
0.973639424290894
0.880677552394587
1.03345257133239
0.875388435316893
0.906082821311344
0.798442050332483
0.943416379092668
0.860096793199233
0.965084588839318
0.904571164043432
0.93846730073227
0.837246864742042
0.981026007911794
0.889989899840089
0.869904048480777
0.897066745223469
0.889646494402825
0.845512162275924
1.09373705917011
0.822934938136541
0.825678814914568
0.909624610723
0.906298291389618
0.948974833768204
0.927232556182133
0.859702886962396
0.943924753808602
0.983524114131825
0.920967090312274
0.718240047134088
0.859723087282219
0.869904048480777
0.928215638414287
0.682374379261006
1.03835114889318
1.07701456106389
0.774184832926522
0.865086272199306
0.973821227169424
0.946813399545505
0.813864994529098
0.947739247538095
0.801421597508636
0.870146452318835
0.962886120696908
0.885552562915592
0.829759279521937
0.955506270515968
0.899086777207316
0.899628819122967
0.833445837892441
0.869702045282395
0.837216564262263
0.967094520663238
0.806640013466875
0.889646494402825
0.820096793199241
0.904571164043432
0.858672670650634
0.868574194091423
0.788045619055652
0.964199141486404
0.820315629997481
0.865392643716859
0.79382964396936
0.80141823078867
0.916953960104365
0.873038464775703
0.880364447437103
0.821978789664172
0.846703981146362
0.822921471256649
0.933609123811124
0.799260163285936
0.824668798922659
0.750122885279012
0.955223466038206
0.912476222540192
0.837361333221111
0.833385236932912
0.923539264371698
0.857063378503511
0.784924669640617
0.855975927952187
0.648858681929141
0.704345593805243
0.804569480683455
0.797182897062555
0.793408803972739
0.752445922060446
0.833041831495677
0.742402996380775
0.858335998653331
0.684172207726618
0.811158151670753
1.02294167157646
0.651999831664
0.708580927531358
0.793412170692704
0.860366130797075
0.787224139382204
0.89799932665602
0.989971382880242
0.819928457200575
0.789964649440293
0.753233734534149
0.718240047134088
0.754869960441056
0.772006565103965
0.983005639255964
0.79420671660634
0.848841848329272
0.695955727632366
0.82894453328845
0.898221530174226
0.749149903206813
0.850353505597184
0.928131470414968
0.982177426142584
0.774696574362423
0.722939988216496
0.874836293241316
0.783029206295765
0.845098055719234
0.866274724349807
0.879438599444512
0.725768032993869
0.770969615352243
0.880845888393253
0.755674606514617
0.843815335409488
0.752001515024006
0.742551132059589
0.703887719888911
0.697140813062873
0.771945964144436
0.737595320259231
0.752445922060446
0.77484134332127
0.871479673428183
0.749149903206813
0.708580927531358
0.661891254944891
0.737605420419158
0.673136099654926
0.829550542883595
0.689915832000679
0.701527649187796
0.796001178351986
0.868331790253364
0.739706253682357
0.728346940493225
0.709213870886288
0.714243750526066
0.742598266139225
0.746039053951705
0.776713239626304
0.668617961451076
0.727094520663258
0.816507869707948
0.687299890581613
0.769801363521594
0.712317986701464
0.803771568049825
0.823150408214815
0.731124484471025
0.842956821816358
0.696864742025099
0.779319080885443
0.705288275397692
0.758330948573359
0.726064304351496
0.730750778554011
0.743897820048829
0.758001010015988
0.658561568891514
0.77474370844206
0.721300395589594
0.814582105883346
0.663833852369351
0.682647083578843
0.710843363353263
0.696289032909704
0.710843363353263
0.73657183738743
0.676687989226508
0.686077771231396
0.644209241646337
0.707399208820817
0.765266391717887
0.741884521504943
0.725768032993869
0.740988973992103
0.775396852116842
0.748281289453757
0.707921050416644
0.623810285329512
0.764465112364292
0.664540863563673
0.73482450972142
0.683892769968878
0.67099486575205
0.694504671323983
0.796135847150907
0.8512894537497
0.752816261257465
0.657807423617555
0.631742277586056
0.607979968016167
0.817972392896223
0.653228684454177
0.798081811295361
0.668617961451076
0.718240047134088
0.779500883764001
0.653127682854972
0.685650197794814
0.652097466543239
0.818783772409745
0.618211430014327
0.735447352916424
0.702860870297116
0.673045198215647
0.719792105041677
0.696864742025099
0.687771231377837
0.672913896136691
0.675233566198131
0.760899755912817
0.710338355357294
0.634220183486235
0.673132732934931
0.636809191145545
0.640664085514686
0.655551721235582
0.749092668967279
0.682764918777877
0.676415284908671
0.638633953370942
0.665598013635218
0.680159077518738
0.644209241646337
0.626648430266812
0.623810285329512
0.714516454843874
0.691791095025678
0.623810285329512
0.634967595320262
0.689915832000679
0.581803720225565
0.792482955980148
0.667217405942267
0.798916757848673
0.660773503913816
0.702170692702651
0.659770221361839
0.588392391212864
0.680199478158414
0.713944112448445
0.736595404427248
0.678327581853381
0.656245265550041
0.636307549869542
0.673227001094205
0.654437336924502
0.684249642286005
0.757405100580769
0.649117919367058
0.675469236596257
0.745234407878144
0.649602727043174
0.822995539096041
0.541174143590609
0.728851948489194
0.61290211261678
0.621487248548107
0.682377745980972
0.659386415284928
0.675024829559817
0.528693712650465
0.669395673764853
0.664742866762055
0.668092753135255
0.56195353926438
0.637327666021378
0.697373116741034
0.697844457537258
0.657908425216732
0.591856746065162
0.617632354178937
0.660463765676298
0.70635889234913
0.631961114384325
0.555051763319597
0.535575288275396
0.731875263025017
0.6334256375726
0.617309149061526
0.649569059843458
0.674731924922156
0.69591532699269
0.801866004545076
0.659797155121623
0.518431950172555
0.659591785203276
0.657403417220792
0.640283646157741
0.674954128440362
0.66841932497266
0.739743287602067
0.584493729484052
0.603391128692891
0.705396010436829
0.65553825435569
0.571117751031068
0.667480010100178
0.622645400218858
0.613821227169439
0.676304183149568
0.60571079875433
0.608134837134941
0.605677131554586
0.554536655163702
0.648380607692957
0.610340038717283
0.739618718963044
0.665348876357228
0.62648346098814
0.53819122969449
0.512567123979466
0.639458799764327
0.605360659877135
0.610501641275988
0.661736385826117
0.628759363689937
0.541265045029888
0.531659792946726
0.564185674606534
0.586406026428762
0.621921555424649
0.523172291894639
0.614390202844874
0.605626630754983
0.612188367982498
0.585964986112288
0.681222961030215
0.697484218500136
0.502099991583208
0.652767443817879
0.541621917347044
0.68571416547428
0.691033583031725
0.596735123306132
0.632213618382309
0.530579075835362
0.57444407036445
0.623271610133827
0.581153943270778
0.54379345172967
0.598068344415452
0.646643380186873
0.576150997390812
0.555556771315565
0.606138372190912
0.545214207558303
0.606438010268505
0.658871307129033
0.568060769295528
0.608912549448718
0.514960861880326
0.538494234492049
0.636731756586158
0.658100328255216
0.644209241646337
0.605367393317067
0.603785034929729
0.603017422775878
0.643148724854825
0.556815924585493
0.551072300311432
0.651124484471012
0.560684285834526
0.501110175911123
0.637782173217744
0.575561821395524
0.494952445080401
0.557155963302762
0.601926605504588
0.560802121033589
0.542261594141905
0.58189798838481
0.528390707852878
0.494912044440724
0.600155710798759
0.556731756586146
0.545884184832943
0.560108576719131
0.504705832842347
0.554950761720391
0.569612827203116
0.56195353926438
0.480872822153032
0.575036613079703
0.536268832589855
0.56132059590945
0.592721993098223
0.533003114215973
0.586830233145378
0.602663917178688
0.548766097129885
0.525566029795471
0.515661139634716
0.559374631765024
0.544702466122374
0.581217910950272
0.544217658446257
0.538999242488018
0.531238952950105
0.578019526975851
0.570323205117433
0.58846982577225
0.599569901523438
0.583352411413188
0.61838313273293
0.512311253261515
0.596018011951855
0.662241393822086
0.619396515444834
0.516273882669822
0.474661223802713
0.5668016160256
0.488532110091739
0.501110175911123
0.577009510983942
0.508877198888996
0.565737732514094
0.511641275986875
0.555098897399205
0.472341553741273
0.589412507364699
0.561849170945209
0.485832000673355
0.540042925679671
0.55501136267992
0.477129029542965
0.618059927615519
0.534619139803056
0.554536655163702
0.486374042589006
0.517792273377665
0.542389529500895
0.513701708610398
0.521933338944535
0.569313189125495
0.502611733019108
0.603414695732681
0.563912970288698
0.534891844120864
0.606219173470265
0.470732261594151
0.494844710041264
0.484529080043785
0.547480010100173
0.572636141738911
0.499295513845652
0.586796565945633
0.504796734281626
0.506439693628494
0.519664169682699
0.538083494655353
0.51504839659961
0.506877367225002
0.539773588081829
0.608508543051926
0.446845383385238
0.548402491372798
0.526794882585648
0.521428330948567
0.565360659877115
0.489828297281377
0.534888477400898
0.480748253514008
0.547853716017187
0.538511068091907
0.475566871475479
0.491117751031055
0.489037118087708
0.537241814662082
0.612366804141061
0.37851106809191
0.563290127093694
0.511469573268243
0.557132396262944
0.479381365204944
0.521488931908095
0.542978705496182
0.458928541368579
0.512809527817524
0.498043094015657
0.503062873495509
0.537504418819964
0.449468058244264
0.467099570743216
0.506611396347125
0.465042504839658
0.509957916000332
0.473705075330372
0.52763656257892
0.462298628061632
0.495592121875262
0.51851948489184
0.471338271189296
0.458164295934694
0.500527733355796
0.518485817692124
0.452959346856346
0.480818954633463
0.502079791263355
0.558936958168516
0.47847235081224
0.523172291894639
0.446347108829229
0.59394411244844
0.501712818786302
0.53050500799597
0.486515444827887
0.535417052436685
0.504840501641297
0.456188031310489
0.536787307465715
0.475900176752816
0.405683864994529
0.492582274219359
0.533767359649858
0.521909771904717
0.459366214965087
0.489074152007419
0.505328676037379
0.513721908930222
0.475344667957245
0.494918777880656
0.456780574025771
0.49710714586314
0.41361922397104
0.437327666021389
0.548096119855245
0.455413685716707
0.470590859355269
0.486034003871737
0.498120528575043
0.495077013719396
0.399522767443813
0.37539348539687
0.374104031647164
0.475590438515297
0.513439104452488
0.468035518895732
0.494817776281451
0.463453413012388
0.526037370591695
0.475566871475479
0.54672923154618
0.473705075330372
0.42544651123643
0.487175321942601
0.411188452150498
0.574962545240311
0.398519484891864
0.429355273125168
0.56737395842103
0.468193754734443
0.437772073057829
0.466927868024584
0.487569228179467
0.499329181045368
0.450161602558723
0.417649187778807
0.513220267654248
0.556819291305459
0.419110344247116
0.465931318912567
0.488323373453426
0.441744802626062
0.465742782594077
0.391493140308057
0.412107566703156
0.480872822153032
0.461130376230955
0.374110765087124
0.478048144095624
0.491945964144435
0.418490867772078
0.471674943186599
0.351802878545584
0.450161602558723
0.449468058244264
0.422665600538693
0.462083157983329
0.405465028196289
0.460760037033936
0.434425553404594
0.392361754061113
0.462059590943539
0.521441797828459
0.450878713912971
0.453720225570237
0.467028869623789
0.38762141233903
0.482980388856163
0.433203434054377
0.489488258564108
0.508345257133243
0.419426815924595
0.435950677552398
0.48767359649861
0.434354852285168
0.511610975507125
0.39807844457539
0.44903375136775
0.440418314956673
0.390563925595501
0.457497685380019
0.458928541368579
0.438293914653656
0.315425469236601
0.424729399882182
0.475344667957245
0.374104031647164
0.532272535981832
0.37665937210673
0.341726285666198
0.503732850770149
0.412841511657263
0.39989310664086
0.346725864826197
0.520842521673274
0.441182560390558
0.353294335493644
0.466076087871386
0.38517380691863
0.437213197542292
0.40161686726708
0.425241141318082
0.430011783519916
0.392577224139387
0.386870633785037
0.403882669808951
0.388668462250649
0.438152512414774
0.346284824509723
0.391940914064492
0.432674859018618
0.410871980473019
0.457548186179622
0.380733103274139
0.351802878545584
0.315270600117856
0.392429088460574
0.390786129113707
0.395065230199492
0.479920040400657
0.386857166905145
0.424082989647331
0.55736133322111
0.40224981062201
0.376777207305793
0.393469404932262
0.446589512667288
0.43399124652808
0.379874589681009
0.409030384647764
0.360950256712414
0.401532699267733
0.41015486911877
0.457767022977862
0.406512078107909
0.459541284403684
0.300605167915165
0.378544735291655
0.353418904132667
0.412235502062117
0.414925511320604
0.357179530342563
0.45036697247707
0.325310159077532
0.311274303509805
0.395890076592877
0.426732598266142
0.347146704822848
0.323145358134838
0.39504502987964
0.393947479168418
0.292962713576316
0.425295008837651
0.404458378924346
0.312748926858006
0.314940661560485
0.313846477569228
0.368989984008095
0.353476138372201
0.377824257217412
0.329808096961528
0.422975338776212
0.395257133237948
0.40968016160258
0.372457705580359
0.369033751367738
0.436533120107754
0.34419409140645
0.323317060853469
0.334326235165406
0.360731419914146
0.397263698341902
0.392577224139387
0.383251409813994
0.350227253598177
0.334925511320591
0.38475296692198
0.332807844457534
0.420366130797078
0.355681339954543
0.441509132227935
0.423689083410494
0.362778385657776
0.409336756165317
0.301897988384837
0.386894200824855
0.337177846982598
0.334467637404259
0.301362679909118
0.304173891086606
0.343695816850442
0.377268748421869
0.356230115310154
0.338463934012282
0.333605757091163
0.349654911202776
0.345658614594726
0.32494992004041
0.346530595067776
0.380800437673599
0.325296692197639
0.313499705411999
0.307981651376167
0.412673175658625
0.371646326066838
0.326555845467567
0.351917347024681
0.303052773335594
0.339830822321375
0.341578149987384
0.406313441629493
0.348621328171049
0.25701624442388
0.31274556013804
0.324481945964152
0.367333557781336
0.327639929298897
0.283488763572109
0.337251914821991
0.358233313694143
0.293514855651893
0.392112616783095
0.332525039979799
0.328178604494582
0.304480262604159
0.430762562073909
0.281835704065315
0.383177341974601
0.322569649019442
0.328404174732782
0.343870886289039
0.284199141486425
0.331592458547277
0.354085514687313
0.345123306119007
0.364387677804899
0.348870465449039
0.306204023230379
0.308883932328939
0.292757343657939
0.319751704401995
0.300517633195852
0.279021126167834
0.275156131638767
0.309153269926782
0.296450635468403
0.25701624442388
0.27775860617794
0.32494992004041
0.313627640770989
0.397115562663089
0.343086440535302
0.312408888140737
0.293757259489951
0.290434306876534
0.314452487164374
0.340588334315299
0.331104284151166
0.313449204612425
0.327320090901452
0.306008753471929
0.329370423365049
0.291653059506785
0.331491456948072
0.287838565777292
0.384625031563019
0.273418904132654
0.297127346182975
0.349641444322884
0.346022220351841
0.31733103274135
0.307298207221635
0.347742614258067
0.295595488595239
0.301372780069016
0.3246873158825
0.310079117919372
0.285394327076858
0.279691103442474
0.269257638245932
0.391139634710896
0.287347024661244
0.317432034340555
0.338110428415121
0.313136099654912
0.331306287349548
0.288919282888656
0.312856661897143
0.285225991078192
0.267106304183159
0.304126757006998
0.269739079202083
0.31140560558876
0.255757091153953
0.311671576466637
0.324397777964833
0.266069354431465
0.315337934517316
0.288532110091751
0.276654322026786
0.311674943186603
0.298521168251824
0.292434138540528
0.268170187694636
0.279007659287942
0.330023567039831
0.284434811884523
0.314008080127934
0.314028280447786
0.306348792189226
0.288508543051933
0.300537833515705
0.230031983839751
0.332370170861054
0.300154027438765
0.275533204275746
0.301298712229624
0.261483881828127
0.356671155626628
0.25239373790086
0.316836124905308
0.307857082737144
0.289734029122144
0.298009426815923
0.306937968184513
0.280933423112543
0.29626546586988
0.286367309149057
0.291329854389375
0.318967258648257
0.324094773167246
0.319374631765015
0.295066913559481
0.275351401397188
0.29193586398452
0.285165390118692
0.286542378587654
0.276398451308808
0.294319501725454
0.252289369581689
0.285269758437863
0.284582947563337
0.285323625957432
0.258450467132405
0.2902121033583
0.275257133237943
0.225264708357884
0.256029795471761
0.265981819712152
0.284485312684126
0.253639424290895
0.26749684370003
0.302194259742464
0.288006901775958
0.319775271441813
0.314523188283829
0.278664253850707
0.228274556013815
0.289087618887294
0.278711387930315
0.276014645231896
0.285256291557971
0.307742614258075
0.265406110596757
0.286357208989159
0.258686137530532
0.306409393148726
0.237129029542984
0.282300311421608
0.247889066576903
0.284545913643626
0.297443817860454
0.258743371770066
0.285603063715172
0.292040232303691
0.269779479841759
0.26702213618384
0.286367309149057
0.273375136773012
0.241869371265039
0.264571164043446
0.288454675532364
0.275789074993696
0.31439525292484
0.291653059506785
0.307480010100164
0.285872401313014
0.275156131638767
0.285569396515456
0.266853800185174
0.238829223129386
0.26156468310748
0.238829223129386
0.237287265381696
0.272506523019956
0.274277417725784
0.219207979126338
0.23933086440536
0.279967174480277
0.260221361838234
0.272011615183914
0.2393241309654
0.256147630670824
0.285495328676035
0.260356030637155
0.316906826024763
0.264507196363951
0.31267822573858
0.231435906068526
0.267867182897078
0.248724013130214
0.24862974497097
0.27058412591532
0.31382964396937
0.23183317902533
0.227964817776297
0.272637825098911
0.290787812473695
0.268277922733773
0.246922817944636
0.296992677384054
0.257972392896221
0.267392475380859
0.25286844541705
0.269062368487511
0.268170187694636
0.258841006649277
0.26749684370003
0.234459220604322
0.275651039474809
0.278654153690781
0.251249053110001
0.301817187105456
0.257130712902949
0.250831579833346
0.228446258732447
0.24407457284741
0.253932328928556
0.259581685043344
0.255959094352335
0.239542967763668
0.223476980052197
0.275401902196791
0.226136688830906
0.255427152596582
0.231742277586079
0.250097634879239
0.244673849002623
0.271489773588087
0.259282046965751
0.21657183738742
0.220298796397628
0.259440282804491
0.29219173470247
0.222359229021123
0.238098644895217
0.256184664590535
0.231850012625216
0.248777880649783
0.25286844541705
0.252602474539174
0.248724013130214
0.236044945711654
0.254625873242986
0.242913054456693
0.244323710125428
0.222049490783604
0.244229441966183
0.255965827792267
0.249215554246291
0.230260920797917
0.244118340207052
0.292952613416389
0.246471677468236
0.232950930056404
0.226476727548203
0.235223466038207
0.258854473529169
0.245380860196974
0.256268832589853
0.211467889908278
0.292447605420421
0.229769379681841
0.228028785455763
0.240994024072052
0.234789159161693
0.237129029542984
0.261005807591971
0.245064388519495
0.21654153690767
0.247400892180792
0.226365625789072
0.239266896725866
0.250595909435248
0.252794377577658
0.232782594057738
0.230031983839751
0.247761131217914
0.218999242488024
0.226641696826874
0.237910108576727
0.225810116993529
0.248424375052622
0.236782257385755
0.229318239205469
0.230435990236515
0.225853884353171
0.250629576634964
0.248232472014138
0.232681592458562
0.232206884942343
0.22623095699015
0.256757006985964
0.196169514350657
0.232496422860038
0.252589007659282
0.22811295345511
0.235216732598275
0.218174396094611
0.249262688325899
0.239930140560574
0.251690093426475
0.234893527480864
0.233590606851294
0.234098981567229
0.223352411413174
0.229627977442988
0.238044777375649
0.226342058749282
0.224796734281625
0.231540274387697
0.207262856661913
0.233452571332379
0.226092921471263
0.264651965322798
0.242680750778561
0.194775692281809
0.265321942597438
0.205633364194938
0.255406952276758
0.252067166063483
0.224564430603493
0.221150576550798
0.199226496086197
0.223160508374718
0.270971298712226
0.243929803888562
0.208346940493243
0.216326066829396
0.217376483460981
0.216231798670151
0.22683359986533
0.248585977611327
0.231557107987555
0.227227506102196
0.197024661223821
0.21897230872824
0.224076256207411
0.21740678394076
0.232270852621838
0.21483124316137
0.266284824509739
0.199324130965408
0.241859271105142
0.23203518222374
0.200899755912815
0.198361249053107
0.274728558202185
0.237721572258238
0.233294335493639
0.198950425048395
0.175450719636387
0.2309746654322
0.208858681929144
0.198283814493749
0.256757006985964
0.255386751956905
0.234755491961977
0.208444575372454
0.231816345425472
0.215757091153961
0.226092921471263
0.230031983839751
0.234950761720398
0.270456190556359
0.187769548017855
0.215770558033853
0.2067241814662
0.243222792694212
0.206087871391304
0.230600959515186
0.208481609292164
0.187917683696668
0.222362595741117
0.201869371265047
0.21278427741774
0.211881996464939
0.216039895631695
0.189298038885624
0.23180961198554
0.224625031562994
0.220935106472524
0.214531605083749
0.194341385405266
0.180106893359152
0.196990994024077
0.19902112616785
0.185328676037386
0.198593552731268
0.235997811632018
0.218410066492737
0.169309822405523
0.198805656089576
0.221160676710724
0.204855651881161
0.250511741435901
0.234664590522698
0.22482366804141
0.185685548354513
0.202236343742129
0.215023146199826
0.202707684538353
0.219005975927956
0.193664674690694
0.205633364194938
0.210882080632956
0.240233145358133
0.188298123053613
0.199930140560554
0.203276660213788
0.228079286255365
0.197923575456628
0.214720141402239
0.195816008753468
0.188988300648106
0.22447689588418
0.238792189209676
0.202239710462095
0.186904300984764
0.189695311842456
0.185429677636563
0.178447100412427
0.211565524787488
0.194031647167748
0.208124736975009
0.209942765760474
0.175844625873253
0.184574530763399
0.197556602979546
0.193445837892455
0.188426058412603
0.171956064304368
0.217460651460328
0.191062200151521
0.200990657352094
0.19580590859357
0.24127346182982
0.207414359060692
0.188493392812063
0.200047975759617
0.194869960441054
0.189705412002354
0.196374884269005
0.17617793115059
0.256709872906328
0.195189798838499
0.21629239962968
0.196310916589511
0.190277754397783
0.18898493392814
0.222961871896302
0.231786044945721
0.186426226748608
0.177198047302426
0.192435821900517
0.212043599023644
0.182796902617639
0.214592206043278
0.186352158909187
0.199468899924256
0.193479505092171
0.202286844541703
0.179497517044041
0.200307213197561
0.2069497517044
0.186618129787064
0.197129029542964
0.189624610723001
0.174905311000771
0.213969362848246
0.216760373705938
0.205236091238106
0.173477821732178
0.198048144095623
0.178601969531201
0.174679740762571
0.225062705159502
0.16237774598099
0.207373958421016
0.190314788317494
0.189594310243251
0.169754229441963
0.188018685295845
0.207097887383213
0.185402743876779
0.176124063631022
0.17812052857505
0.172043599023652
0.196418651628647
0.18898493392814
0.183382711892932
0.240212945038309
0.177827623937389
0.200499116236017
0.184692365962462
0.194405353084761
0.193735375810121
0.176538170187712
0.193742109250081
0.211740594226086
0.173763992929906
0.171137951350914
0.181995623264044
0.187867182897065
0.196987627304111
0.199165895126669
0.186863900345088
0.184035855567714
0.165963302752289
0.178504334651961
0.193533372611739
0.170942681592464
0.203724433970223
0.170774345593799
0.192405521420767
0.190469657436239
0.175528154195774
0.19758353673933
0.153307802373547
0.195465869876273
0.160135510478909
0.166421176668649
0.186382459388938
0.188197121454436
0.174353168925194
0.194849760121201
0.17642706842858
0.211636225906915
0.178743371770054
0.18614678899084
0.175299217237608
0.177046544903646
0.175140981398869
0.182978705496168
0.179005975927964
0.149543809443657
0.192802794377599
0.171107650871136
0.174157899166744
0.177228347782176
0.169457958084337
0.170191903038472
0.177198047302426
0.17856493561149
0.168707179530344
0.190005050079975
0.174531605083757
0.175965827792282
0.180258395757932
0.164165474286676
0.175403585556779
0.19191398030469
0.174986112280124
0.186106388351163
0.19423365036613
0.172578907499371
0.16607440451142
0.154543388603656
0.194725191482206
0.189991583200083
0.179770221361849
0.216814241225507
0.175753724433974
0.157647504418833
0.200118676879072
0.18859439441124
0.173568723171456
0.15581264203351
0.17416126588671
0.174965911960271
0.164327076845382
0.169629660802968
0.171669893106639
0.170205369918364
0.174652807002786
0.175669556434656
0.162657183738759
0.150089218079302
0.174033330527749
0.160219678478256
0.172892012456884
0.175295850517642
0.178288864573688
0.186416126588682
0.153896978368834
0.166081137951352
0.1826386667789
0.175972561232214
0.170632943354946
0.176676205706599
0.1667376483461
0.165636730914912
0.18972224560224
0.183197542294437
0.172703476138366
0.157883174816931
0.172767443817861
0.166111438431102
0.167788064977714
0.171087450551312
0.159559801363542
0.180517633195876
0.17744381786045
0.172053699183579
0.175962461072317
0.170191903038472
0.204182307886555
0.130656510394743
0.14771904721826
0.154102348287182
0.187981651376163
0.170713744634298
0.164882585640953
0.181409813988722
0.151496507028043
0.148025418735813
0.165680498274554
0.175107314199153
0.165815167073475
0.169023651207823
0.167575961619406
0.167155121622756
0.14887046544905
0.160128777038977
0.154694891002436
0.167673596498616
0.13201329854391
0.159738237522106
0.181015907751885
0.164943186600453
0.160482282636139
0.173080548775374
0.146752798585993
0.155401902196786
0.160724686474197
0.158677720730594
0.167380691860956
0.154486154364122
0.164980220520164
0.179076677047391
0.169414190724694
0.163589765171281
0.153789243329697
0.163428162612576
0.1667376483461
0.152536823499702
0.152324720141422
0.160869455433044
0.166219173470267
0.161175826950597
0.147904216816784
0.166131638750954
0.169905731840771
0.166421176668649
0.157041494823687
0.165256291557967
0.159973907920204
0.163842269169265
0.154933928120528
0.155839575793294
0.160425048396604
0.163471929972218
0.145123306119018
0.156310916589518
0.188944533288463
0.161983839744124
0.149543809443657
0.15278596077772
0.144008921807938
0.151260836629916
0.167121454423039
0.143968521168262
0.146961535224307
0.159293830485666
0.158775355609805
0.158357882333149
0.145742782594056
0.151365204949087
0.1642900429257
0.137359649861139
0.141244844710059
0.162737985018111
0.160287012877717
0.152533456779736
0.163067923575454
0.15561737227506
0.158260247453939
0.141763319585891
0.136039895631683
0.145773083073834
0.165744465954049
0.155290800437683
0.150903964312789
0.160438515276496
0.151695143506458
0.144557697163549
0.143221109334235
0.166801616025595
0.150207053278365
0.170558875515525
0.158953791768369
0.150062284319517
0.158812389529515
0.16454591364365
0.145150239878802
0.148409224812724
0.160704486154373
0.154869960441061
0.150119518559052
0.154523188283832
0.141291978789667
0.171030216311777
0.130131302078951
0.134336335325315
0.161246528070023
0.149045534887648
0.161983839744124
0.156260415789916
0.145762982913908
0.148698762730419
0.155627472434986
0.128269505933844
0.144025755407796
0.150183486238546
0.151695143506458
0.152506523019952
0.13140392222877
0.153055298375563
0.141921555424631
0.149176836966603
0.164397777964837
0.138019526975853
0.127653396178772
0.149557276323549
0.141433381028548
0.140622001515027
0.162532615099735
0.138780405689772
0.146288191229701
0.155583705075344
0.145773083073834
0.133198383974417
0.139292147125673
0.144645231882834
0.137733355778153
0.144833768201323
0.169936032320521
0.118398282972834
0.126559212187544
0.145268075077865
0.163714333810304
0.129043851527655
0.160186011278512
0.147991751536068
0.134171366046644
0.134215133406286
0.152550290379594
0.15864405353085
0.144800101001607
0.155492803636065
0.132602474539198
0.17237690430099
0.162599949499196
0.140500799595998
0.140827371433375
0.146267990909877
0.155590438515276
0.137275481861792
0.124273209325821
0.130552142075601
0.126128272030968
0.150011783519915
0.13876693880988
0.152058749263546
0.129377156804992
0.137464018180282
0.128434475212543
0.122377745980998
0.13962545240301
0.139995791600029
0.148217321774268
0.121983839744132
0.129299722245605
0.144557697163549
0.121125326151002
0.131410655668731
0.142783435737726
0.150122885279018
0.145944785792437
0.138268664253872
0.140547933675634
0.140103526639166
0.12786549953708
0.142668967258658
0.156364784109087
0.138874673849017
0.129165053446684
0.150651460314805
0.149789580001681
0.145379176836968
0.136262099149917
0.156024745391818
0.131730494066176
0.146355525629161
0.137679488258584
0.141291978789667
0.162761552057901
0.136618971467044
0.128437841932509
0.119674269842619
0.119920040400643
0.130656510394743
0.145012204359915
0.139628819122976
0.135662822994703
0.13596582779229
0.125209157478338
0.150146452318836
0.139837555761318
0.138952108408404
0.129932665600535
0.111725443986217
0.125360659877117
0.132713576298301
0.128269505933844
0.134194933086434
0.132403838060782
0.121047891591616
0.133393653732867
0.120643885194852
0.134272367645821
0.138891507448875
0.125650197794812
0.124380944364958
0.139955390960353
0.119920040400643
0.12786549953708
0.127855399377154
0.155917010352681
0.124387677804918
0.120428415116578
0.12439441124485
0.127586061779311
0.124242908846071
0.129727295682187
0.128387341132907
0.128444575372441
0.120384647756936
0.129851864321182
0.119441966164459
0.129639760962903
0.126168672670644
0.126508711387942
0.129929298880569
0.127687063378517
0.133238784614093
0.132518306539851
0.135329517717366
0.128532110091754
0.12060011783521
0.130390539516895
0.139787054961715
0.127619728979056
0.115866509553086
0.120105209999167
0.129491625284061
0.135831158993369
0.12790253345679
0.13025250399798
0.134534971803731
0.125421260836646
0.110328255197373
0.121785203265716
0.124566113963482
0.131212019190315
0.117620570659057
0.122704317818375
0.126246107230031
0.120728053194171
0.12790253345679
0.126535645147726
0.118970625368235
0.125943102432473
0.122482114300141
0.11798754313611
0.126565945627476
0.119920040400643
0.119943607440462
0.127875599697006
0.116216648430282
0.123960104368336
0.124202508206395
0.119182728726543
0.124461745644311
0.121068091911468
0.122020873663843
0.115647672754818
0.127124821143013
0.129410824004708
0.124929719720569
0.124747916842011
0.118001010016002
0.119452066324385
0.119246696406037
0.124502146283987
0.125778133153773
0.114021547007837
0.122270010941861
0.123862469489097
0.122899587576796
0.1213003955896
0.116758690345932
0.117364699941078
0.126178772830571
0.144806834441539
0.11951603400388
0.124384311084924
0.116785624105717
0.112163117582696
0.12343826277251
0.109877114721002
0.136696406026431
0.108227421934174
0.127047386583627
0.113088965575287
0.116842858345251
0.118256880733952
0.119879639760967
0.108112953455105
0.112028448783775
0.133710125410317
0.118351148893197
0.120485649356112
0.122916421176683
0.117293998821651
0.12276828549787
0.145204107398371
0.118381449372947
0.127040653143695
0.121687568386506
0.108688662570501
0.125821900513444
0.116179614510571
0.105062705159497
0.120239878798088
0.11795724265636
0.116950593384416
0.118240047134094
0.108325056813413
0.123522430771828
0.114270684285856
0.120721319754239
0.133898661728807
0.110617793115068
0.118007743455934
0.117364699941078
0.119509300563919
0.120152344078775
0.120536150155715
0.119007659287945
0.123182392054559
0.124690682602477
0.116018011951866
0.115570238195431
0.122990489016075
0.122980388856178
0.11148304014813
0.1219771063042
0.121562999747511
0.104790000841689
0.108641528490864
0.107119771063054
0.107267906741868
0.111469573268238
0.124397777964816
0.113755576129961
0.126444743708447
0.121199393990423
0.115354768117157
0.1084630923323
0.124330443565356
0.121980473024166
0.110190219678486
0.105109839239134
0.121179193670571
0.110947731672439
0.117926942176581
0.105554246275574
0.122347445501219
0.119085093847332
0.11301826445586
0.114267317565862
0.132242235502076
0.110412423196721
0.103173975254606
0.11381617708949
0.104045955727628
0.112802794377586
0.110476390876187
0.124155374126758
0.118337682013305
0.110617793115068
0.124825351401398
0.111883679824928
0.106399292988812
0.118613753051108
0.123141991414883
0.10387088628903
0.112735459978126
0.11480262604158
0.112984597256144
0.110126251998992
0.119172628566616
0.108197121454424
0.12324299301406
0.113624274051006
0.0989184412086672
0.12741435906068
0.110045450719639
0.114829559801365
0.0889159161686734
0.12308475717532
0.113627640771
0.107719047218268
0.114183149566543
0.0922927363016584
0.110439356956505
0.119021126167837
0.111324804309419
0.110176752798594
0.104965070280286
0.11884605672924
0.110547091995642
0.102601632859205
0.111479673428164
0.10967511152262
0.109328339365391
0.109513508963886
0.103416379092664
0.0989184412086672
0.105601380355182
0.105598013635216
0.101187610470504
0.108005218415968
0.114415453244675
0.109395673764851
0.105736049154132
0.100423365036619
0.116041578991684
0.0995210840838467
0.121091658951286
0.105264708357879
0.105759616193922
0.114721824762228
0.113328002693379
0.101517549027875
0.118569985691437
0.104557697163557
0.105200740678413
0.106267990909856
0.104379261004965
0.103948320848417
0.116236848750106
0.105786549953706
0.115189798838486
0.106342058749277
0.108190388014492
0.113354936453163
0.107358808181147
0.113482871812153
0.0974976853800342
0.110358555677152
0.100224728558203
0.105042504839673
0.112923996296615
0.101864321185104
0.112089049743304
0.103423112532624
0.102268327581868
0.0953665516370847
0.10320764245435
0.115755407793955
0.108392391212874
0.106527228347801
0.100887972392911
0.108082652975355
0.111041999831684
0.100793704233666
0.0979387256965083
0.0880271020957935
0.101847487585218
0.096406868108744
0.101140476390896
0.119334231125322
0.109752546081978
0.104635131722915
0.10186768790507
0.102227926942192
0.105975086272196
0.093565356451478
0.112270852621833
0.100005891759963
0.11343237101255
0.101887888224894
0.100012625199895
0.111728810706182
0.104227758606186
0.0887846140897182
0.101032741351759
0.12222624358219
0.109166736806685
0.106884100664928
0.101073141991435
0.106372359229027
0.10709283730327
0.107786381617728
0.103830485649354
0.10715343826277
0.102874337177013
0.101894621664854
0.101315545829493
0.104234492046118
0.0942252335661919
0.092252335661982
0.115189798838486
0.087121454423027
0.10122801111018
0.103116741015072
0.108389024492908
0.103163875094708
0.0889226496086337
0.0926294082989614
0.08701371938389
0.0957705580338484
0.112425721740607
0.105224307718203
0.0995076172039546
0.0829938557360492
0.122684117498522
0.104571164043449
0.0950534466795716
0.0980733944954295
0.100160760878708
0.101729652386183
0.10750021042
0.102009090143923
0.0972216143422315
0.100194428078453
0.101456948068346
0.101285245349715
0.104005555087952
0.101106809191151
0.10709283730327
0.0974741183402159
0.101204444070362
0.0912658867098912
0.081866004545077
0.0960095951519406
0.0962755660297887
0.101941755744463
0.0956998569144218
0.10007659287939
0.0966627388266943
0.0909729820722305
0.110055550879565
0.0973394495412947
0.0991911455264756
0.102985438936116
0.0880540358555777
0.0906733439946095
0.0821185085430614
0.0942656342058683
0.0949962124400372
0.102285161181726
0.0877375641780986
0.0951275145189925
0.0904848076761198
0.10409645652723
0.100904805992769
0.0902222035182376
0.0917742614258259
0.0972822153017603
0.089730662402161
0.0926294082989614
0.0974808517801478
0.109904048480786
0.0899562326403611
0.0988544735291725
0.0962317986701464
0.0963193333894594
0.104968437000252
0.0927977442976271
0.091932497264537
0.0972148809022997
0.0999654911202867
0.102493897820068
0.102079791263378
0.0965516370675914
0.0901380355188905
0.0813407962292843
0.0900606009595322
0.0876028953791774
0.0957671913138824
0.0897845299217295
0.0955483545156142
0.0951510815588108
0.102288527901692
0.103729484050177
0.0927102095783141
0.0898956316808324
0.0903265718374087
0.0987568386499618
0.0975717532194267
0.0961543641107596
0.0931916505344645
0.0922826361417322
0.0902121033583114
0.0917574278259394
0.0845122464439214
0.0921378671829132
0.0806034845551835
0.0879463008164407
0.0953564514771585
0.0926799090985639
0.0913264876693916
0.0835459978116262
0.0924375052605058
0.0812566282299656
0.0821185085430614
0.100766770473882
0.0838692029290655
0.0886398451308992
0.0804755491961942
0.0925923743792794
0.0813407962292843
0.0889159161686734
0.0790884605673057
0.093777459809786
0.0994975170440284
0.0927203097382403
0.0838254355693948
0.0881314704149645
0.0902222035182376
0.0911749852706123
0.0898956316808324
0.0866736806666211
0.0872931571416586
0.0813407962292843
0.0944811042841707
0.0799469741604355
0.093460988132307
0.0794655332042851
0.105055971719565
0.0912658867098912
0.0872056224223741
0.0915857251073078
0.0781491456948231
0.0968580085851443
0.0913197542294597
0.0924240383806136
0.0889529500883839
0.0936461577308307
0.0945787391633814
0.100356030637158
0.0874816934601483
0.0855727632354331
0.0906733439946095
0.0889327497685315
0.0868958841848269
0.0801018432791807
0.0876298291389617
0.0894141907246819
0.0757352074741391
0.0829231546166227
0.0775734365794278
0.089838397441298
0.0849027859607929
0.0783141149734945
0.0797550711219799
0.100426731756585
0.0801557107987492
0.0922422355020558
0.0856131638751094
0.0945821058833474
0.0811960272704368
0.0852832253177382
0.0848960525208327
0.0951342479589243
0.0911884521505044
0.0867578486659397
0.0810276912717995
0.0880001683360092
0.0869665853042818
0.0868487501052186
0.0930906489352878
0.0763917178688871
0.07828044777375
0.0891111859271234
0.0856333641949334
0.0831756586146071
0.0853673933170569
0.0860070701119469
0.0869261846646054
0.0808761888729919
0.0980498274556112
0.0896094604831319
0.0809805571921629
0.0887240131302178
0.0879799680161568
0.0799873748001119
0.0799638077602935
0.0870608534635267
0.0826841174985304
0.0851687568386694
0.0865895126673024
0.0817885699856902
0.0751190977190674
0.0855222624358305
0.0733987038128134
0.0905454086356485
0.0796911034424852
0.0806236848750075
0.0819939399040663
0.0895488595236031
0.0721799511825623
0.0788157562494689
0.0850172544398617
0.0808155879134915
0.0799032068007932
0.0775734365794278
0.084155374126766
0.078048144095618
0.0773882669809041
0.087421092500648
0.0747049911623776
0.0821387088628853
0.077034761383743
0.0734391044524898
0.0889630502483101
0.0837850349297184
0.0826605504587121
0.0811253261510103
0.0801557107987492
0.0835830317313366
0.0821185085430614
0.0771256628229935
0.0823844794209379
0.0805832842353311
0.079681003282559
0.0821185085430614
0.0781121117751127
0.0769270263445776
0.0808761888729919
0.0818525376651849
0.0844045114047844
0.0771088292231354
0.0823878461409038
0.0763849844289268
0.0750719636394308
0.0841149734870896
0.0792163959262666
0.0804755491961942
0.0855996969952173
0.0748362932413045
0.0881045366551803
0.0679547176163737
0.0858017001935991
0.0792702634458351
0.0844146115646822
0.0752167325982782
0.0769775271441802
0.0739340122885324
0.0862057065903628
0.0786979210504342
0.0782703476138522
0.0711026007911926
0.0770448615436408
0.074213450046301
0.0783275818533866
0.0734727716522343
0.0801759111186016
0.0721159835030676
0.0796877367225193
0.0821319754229535
0.0749002609207992
0.0799772746401857
0.0734896052520924
0.073341469573279
0.0781895463344995
0.0826538170187803
0.0830847571753282
0.0772704317818409
0.0743245518054039
0.0828490867772018
0.0807179530342523
0.0807987543136051
0.0726984260584231
0.0787113879303263
0.0745568554835643
0.0784790842521659
0.0728903290968788
0.078596919451229
0.0721799511825623
0.0828019526975936
0.0806472519148258
0.0777889066577018
0.084919619560651
0.0796271357629905
0.0702306203181706
0.0828760205369861
0.0741898830064827
0.0815528995875923
0.077034761383743
0.0802668125578805
0.0792231293662269
0.0815832000673424
0.0736714081306218
0.0881281036949702
0.0790211261678451
0.08195353926439
0.0732674017338582
0.0727388266980995
0.0729610302163053
0.0702070532783523
0.0708029627135716
0.0815057655079556
0.0722910529416652
0.069402407204791
0.0799873748001119
0.081206127430363
0.0767856241057245
0.0761964481104371
0.073573773251411
0.072597424459218
0.0739676794882769
0.0675641780995022
0.0835493645316205
0.0771626967427039
0.0691566366467669
0.0779168420166627
0.0697996801616227
0.0719644811042883
0.0657057486743611
0.086677047386587
0.0767822573857586
0.0723886878209044
0.0729610302163053
0.0686684622506561
0.0714056055887511
0.0738161770894692
0.0722169851022727
0.0636419493308722
0.0795968352832404
0.0777653396178835
0.0780515108155839
0.0770583284235329
0.0775667031394676
0.0751695985186416
0.0778057402575598
0.0854044272367673
0.0741225486070221
0.0790581600875555
0.0682341553741423
0.0812465280700394
0.0728600286171286
0.0776138372191042
0.0816202339870529
0.0690118676879194
0.0711935022304715
0.0689074993687484
0.0738498442892137
0.0688940324888563
0.0719106135847198
0.0673621749011204
0.0616454843868439
0.0726815924585651
0.0668066661055491
0.067873916337021
0.0770953623432433
0.0750517633196068
0.072240552142091
0.0682072216143581
0.0691566366467669
0.0758193754734577
0.0802028448783858
0.0657629829138955
0.0600227253598291
0.0749170945206572
0.0752975338776309
0.0719375473445041
0.0733010689336027
0.0732337345341421
0.0732472014140342
0.0693418062452622
0.0653791768369842
0.0698097803215205
0.077799006817628
0.0725704906994338
0.0734424711724557
0.0657057486743611
0.0741898830064827
0.0722944196616595
0.0706480935948264
0.0692879387256937
0.0656518811547926
0.0674160424206889
0.0773411329012674
0.0760382122716976
0.0657023819543952
0.0773613332211198
0.0669581685043283
0.0859296355525601
0.0655912801952638
0.0709376315124928
0.0722001515024147
0.0704561905563708
0.0810377914316973
0.0706952276744346
0.0691297028869826
0.0696414443228832
0.0702070532783523
0.0689344331285326
0.0639247538086067
0.0702070532783523
0.0699309822405496
0.0706144263950819
0.0684765592122005
0.0646923659624576
0.0627093678983215
0.059884689840942
0.0628103694975266
0.0701868529584999
0.0679513508964078
0.0671467048228465
0.0660154869118799
0.0658202171534583
0.0748329265213386
0.0737286423701846
0.0659851864321297
0.0684630923323084
0.0685708273714454
0.0693182392054723
0.070395589596842
0.0666181297870594
0.0688468984092196
0.0688839323289301
0.0779572426563391
0.0624265634205869
0.0653488763572057
0.0684496254524163
0.0722809527817674
0.0590430098476702
0.0720621159834991
0.069399040484825
0.0674261425805867
0.072917262856663
0.0726041578991783
0.0639617877283172
0.0593763151250073
0.0756173722750759
0.0710049659119534
0.0710723003114424
0.0692879387256937
0.0706447268748605
0.0666686305866619
0.0672039390623809
0.0756005386751895
0.0667965659456229
0.067981651376158
0.0666989310664121
0.067873916337021
0.0652243077182106
0.0642782594057678
0.0597230872822365
0.0687997643296114
0.0656788149145768
0.0666753640265938
0.071031899671766
0.0637934517296515
0.0653286760373817
0.0641469573268409
0.0568714754650443
0.0646755323625996
0.0686482619308322
0.0628103694975266
0.065921218752635
0.0718769463850037
0.0713281710293927
0.0646048312431731
0.065369076677058
0.0755029037959787
0.0621740594226026
0.0558109586735327
0.0600765928793976
0.0653791768369842
0.0714022388687852
0.0690960356872381
0.0635106472519169
0.0593392812052969
0.0686852958505142
0.0731798670145736
0.0622582274219496
0.0676315124989628
0.0735064388519504
0.0710588334315503
0.0672746401818074
0.0612212776702279
0.0603391970372797
0.0643523272451887
0.069294672165654
0.0598981567208341
0.0655710798754399
0.0690186011278513
0.060453665516377
0.0680489857756186
0.0691499032068066
0.0637227506102249
0.0590867772073125
0.0667662654658727
0.0612111775103301
0.0622582274219496
0.0658740846730268
0.0580969615352274
0.0645913643632809
0.0589420082484651
0.0577569228179584
0.0662881912296882
0.0552217826782453
0.0616522178267758
0.0638069186095436
0.0684462587324504
0.0559759279522041
0.0659178520326691
0.056406868108752
0.0541915663664838
0.0714897735880982
0.0729576634963394
0.0568277081053736
0.0673621749011204
0.0644634290042916
0.0597870549617028
0.066665263866696
0.0616488511068098
0.06426815924587
0.0611169093510853
0.0623895295009049
0.0616387509468836
0.0644970962040361
0.070947731672419
0.0629517717363797
0.0636082821311277
0.0567570069859471
0.060221361838245
0.0587972392896177
0.0623019947815919
0.0584572005723487
0.0675136772998997
0.0599351906405161
0.0626218331790369
0.0627565019779581
0.0668403333052936
0.0601506607187901
0.0640358555677096
0.0585211682518434
0.0636385826109063
0.0594806834441499
0.0653051089975634
0.0626656005386792
0.0611169093510853
0.0649044693207657
0.0577771231377824
0.0599082568807319
0.0561981314704099
0.0597129871223103
0.05945711640436
0.06187442134501
0.06079033751368
0.0580666610554772
0.0550601801195398
0.0603526639171719
0.0661871896305115
0.0525721740594349
0.0619552226243627
0.0581508290547959
0.0552588165979273
0.0552217826782453
0.0555012204359855
0.0569489100244027
0.0639281205285727
0.0611404763908752
0.0532387846141091
0.0557133237942935
0.0641469573268409
0.0586827708105488
0.0586558370507646
0.0604401986364849
0.064803467721589
0.0609485733524195
0.0590564767275623
0.0599486575204082
0.0606220015150427
0.0618171871054756
0.0565449036276391
0.0634264792525983
0.0616993519064124
0.0564001346688201
0.0559759279522041
0.0621740594226026
0.061446847908428
0.063382711892956
0.0613525797491832
0.0565583705075312
0.0555449877956562
0.0576828549785375
0.0600967931992216
0.0570095109839315
0.0612717784698305
0.0659952865920559
0.0550635468395058
0.0594503829643998
0.0577737564178165
0.0518550627051582
0.0584706674522408
0.0547167746822765
0.0536663580506627
0.0615613163875253
0.0541040316471708
0.0522658025418821
0.0529930140560566
0.0610765087114089
0.0553362511573141
0.0597870549617028
0.0549255113205902
0.0554574530763432
0.0566694722666625
0.0592147125663018
0.0562923996296547
0.0571374463429208
0.0579454591364481
0.0581104284151195
0.0545619055635029
0.0635476811716273
0.0621538591027786
0.0548312431613454
0.0530940156552617
0.0603324635973479
0.0595345509637184
0.0552689167578535
0.0630022725359822
0.0573596498611266
0.0587871391297199
0.0580666610554772
0.0544844710041446
0.0668234997054071
0.0597365541621286
0.0530569817355513
0.0600058917599711
0.0597230872822365
0.0568984092248286
0.0628642370170951
0.0528650786970957
0.0626858008585316
0.0550534466795796
0.0590766770473863
0.062406363100763
0.0591069775271649
0.0632413096540745
0.0544878377241105
0.057716522178282
0.0531007490951936
0.0533027522935754
0.0536192239710545
0.0494680582442584
0.0583191650534616
0.0522523356619899
0.0512153859102966
0.0628238363774187
0.0528044777375669
0.0598745896810158
0.0571643801027051
0.0539356956485335
0.0591675784866652
0.056975843784187
0.0561509973908016
0.0511446847908417
0.0522153017422795
0.0566223381870259
0.0584538338523828
0.0550635468395058
0.0553530847571722
0.0517742614258054
0.0649987374800105
0.0504174732766671
0.061891254944868
0.0550803804393638
0.0487745139297999
0.0582821311337511
0.0550332463597272
0.0546056729231736
0.0544609039643262
0.0574370844205134
0.0555449877956562
0.0519930982240737
0.0541848329265235
0.0609081727127432
0.051148051510836
0.0570768453833921
0.0551712818786427
0.0541107650871311
0.0592315461661599
0.0514443228684627
0.0580228936958349
0.0554204191566328
0.0549187778806584
0.0562183317902623
0.0516261257469921
0.0529963807760225
0.0528549785371695
0.0529492466964143
0.0510133827118864
0.0537875599697202
0.0493434896052634
0.0512423196700809
0.057167746822671
0.0538986617288231
0.048222371854223
0.0604974328760193
0.0496734281626061
0.0524476054204399
0.0487105462503337
0.056955643464363
0.0552756501978138
0.0500101001599376
0.0537471593300438
0.0546393401228897
0.0554944869960536
0.0549793788401587
0.0522321353421376
0.0593594815251208
0.0479530342563805
0.0567536402659812
0.0518180287854761
0.0577535560979925
0.0501010015991881
0.052461072300332
0.0561173301910571
0.0511951855904442
0.0531074825351538
0.0522523356619899
0.0508046460735727
0.052144600622853
0.0544609039643262
0.0492020873663819
0.060648935274827
0.0492997222456211
0.0592988805656205
0.0557638245938961
0.0482594057739334
0.0546292399629635
0.0553126841174958
0.0521782678225691
0.0467039811463792
0.0543430687652631
0.0490236512078184
0.0531108492551198
0.0486263782509866
0.0515958252672419
0.0559085935527435
0.0472291894621719
0.0506329433549411
0.0512894537496891
0.0493434896052634
0.053120949415046
0.0522321353421376
0.0502693375978538
0.0492963555256267
0.0496700614426402
0.0542319670061602
0.0527304098981745
0.0471652217826772
0.0525014729400084
0.0483536739331782
0.0510335830317388
0.0469160845046872
0.0491179193670632
0.0512187526302625
0.0608307381533564
0.0551342479589323
0.0455357293157306
0.0471786886625694
0.0503939062368488
0.0571408130628868
0.0560432623516647
0.0516496927868104
0.0527001094183959
0.0485287433717758
0.0481281036949781
0.0486263782509866
0.0507339449541462
0.0520099318239318
0.0537202255702596
0.0520604326235343
0.049090985607279
0.0522153017422795
0.0489967174480341
0.0534138540527067
0.0458387341132891
0.0504376735965195
0.0538144937295044
0.0571711135426369
0.0489394832084997
0.0518954633448345
0.0483705075330363
0.0494478579244344
0.0530367814156989
0.0529930140560566
0.0525923743792589
0.0417616362259139
0.0496902617624926
0.0454481945964176
0.0501010015991881
0.0448085178015276
0.0506329433549411
0.0425157814998727
0.0479059001767723
0.0521109334231085
0.0447378166821011
0.050616109755083
0.0461821395505524
0.0504309401565592
0.0454077939567412
0.0503131049574961
0.0471416547428873
0.0509931823920624
0.048666778890663
0.0472763235418086
0.0539457958084313
0.0502592374379276
0.0433136941335022
0.0553261509973879
0.0475995286592195
0.0523499705412007
0.0443304435653715
0.0464077097887525
0.0465154448278895
0.0527809106977486
0.0526529753387877
0.0482257385741889
0.0490101843279263
0.0473066240215587
0.0458387341132891
0.0471786886625694
0.0497205622422428
0.04527312515782
0.0523062031815584
0.0467713155458398
0.049535392643719
0.0499865331201192
0.0518853631849368
0.0435594646915263
0.052356703981161
0.046589512667282
0.047990068176091
0.0472089891423479
0.0445526470835773
0.0442563757259506
0.0536192239710545
0.0518584294251525
0.0487576803299419
0.0458825014729598
0.0462023398703764
0.0504848076761277
0.0446536486827824
0.0416034003871744
0.0466265465869924
0.0434315293325653
0.0446603821227143
0.0471786886625694
0.04374463429005
0.0498114636815217
0.0476062620991513
0.0447310832421692
0.0454347277165255
0.0460003366719945
0.0464077097887525
0.0445526470835773
0.0447378166821011
0.0454751283562018
0.05072384479422
0.0494242908846161
0.043960104368324
0.0486331116909469
0.0480843363353358
0.0479799680161648
0.0469699520242557
0.0456367309149073
0.0475995286592195
0.0428086861375334
0.0445526470835773
0.0461484723508079
0.0491010857672052
0.0444516454844006
0.0487745139297999
0.0425696490194412
0.04527312515782
0.0473840585809455
0.0460508374715971
0.0473066240215587
0.0473874253009114
0.0457579328339364
0.0502760710377856
0.0457848665937206
0.0445661139634694
0.0463134416295077
0.04438431108494
0.0451384563588988
0.0426605504587201
0.0472493897820243
0.040337513677315
0.0430679235754781
0.0469834189041478
0.0454582947563438
0.0482863395337176
0.0442732093258087
0.04374463429005
0.0443876778049059
0.0447984176416298
0.0469564851443636
0.0457814998737547
0.0431520915747967
0.0465760457873898
0.0452461913980358
0.0490876188873131
0.0443169766854794
0.0433709283730366
0.0450744886794041
0.0464481104284289
0.0442429088460585
0.0437345341301238
0.0463302752293657
0.0455121622759123
0.0434483629324234
0.0411421597508763
0.0455660297954807
0.0427043178183624
0.0459868697921024
0.042771652217823
0.0481112700951201
0.047757764497959
0.0458892349128917
0.0443439104452636
0.0435796650113787
0.047030552983756
0.0451620233987171
0.042751451897999
0.0418020368655903
0.0453000589176042
0.0439096035687214
0.0501414022388644
0.0401052099991546
0.0404822826361624
0.0464582105883551
0.0448017843615958
0.0418794714249771
0.0419602727043298
0.0452024240383935
0.0467477485060215
0.0454145273967015
0.0439163370086817
0.0423743792610196
0.0416202339870324
0.0430813904553702
0.0441284403669897
0.0426538170187882
0.0410276912717791
0.0424753808601963
0.0419602727043298
0.0456804982745496
0.0453707600370308
0.0438927699688634
0.046249473950013
0.0412566282299451
0.0459666694722785
0.0452125241983197
0.0434853968521338
0.0425831158993333
0.0424585472603383
0.0427884858177094
0.0448657520410904
0.0413205959094398
0.0410344247117393
0.0445762141233956
0.0401590775187231
0.0408391549532894
0.0408829223129317
0.0436772998905894
0.0468588502651244
0.0435527312515944
0.0394992004040091
0.0400075751199438
0.04285582021717
0.0435594646915263
0.0454885952360939
0.0430342563757335
0.0439129702887158
0.0446637488427086
0.0397012036023909
0.0412936621496556
0.0438220688494368
0.0440914064472793
0.0408930224728579
0.0413778301489742
0.0437682013298684
0.0443203434054453
0.0430746570154099
0.0430611901355178
0.0441419072468818
0.0435560979715603
0.0382232135342235
0.0423979463008095
0.0417919367056641
0.0416370675869189
0.0437210672502317
0.0454784950761677
0.0415966669472425
0.0398628061610964
0.0404452487164519
0.0444886794041111
0.0413037623095818
0.0445189798838612
0.0430342563757335
0.0437311674101579
0.0441688410066661
0.0399840080801255
0.0412599949499395
0.0457612995539307
0.0394251325646167
0.0408021210335789
0.0382737143338261
0.0436301658109528
0.042007406783938
0.0434786634121735
0.0418020368655903
0.0410377914317053
0.0391052941671717
0.0449095194007327
0.0409367898325002
0.0413946637488607
0.0422161434222801
0.0418794714249771
0.0420814746233589
0.0402600791179282
0.0427682854978571
0.0422094099823198
0.0440712061274269
0.0423104115815249
0.0442732093258087
0.0414855651881112
0.0395530679235776
0.0417380691860956
0.0433776618129968
0.0399705412002334
0.0439466374884319
0.0420410739836825
0.041667368066669
0.0441048733271714
0.0400614426395123
0.0425326150997591
0.0394015655247983
0.0404721824762362
0.039718037202249
0.042111775103109
0.0410344247117393
0.0402466122380361
0.0402802794377521
0.041758269505948
0.0405092163959466
0.0383713492130369
0.0416370675869189
0.0398358724013121
0.0412027607103767
0.041862637825119
0.0405327834357365
0.042431613500554
0.040778553993789
0.0420478074236144
0.0416000336672084
0.0397954717616358
0.0412768285497975
0.0400143085599041
0.0413811968689686
0.0399671744802674
0.0401153101590808
0.0385329517717423
0.0431453581348364
0.0413273293494001
0.0394587997643328
0.0414518979883951
0.0423676458210593
0.0404216816766336
0.0412465280700474
0.041667368066669
0.0424888477400884
0.0382198468142576
0.0377518727379993
0.0419838397441481
0.0401119434391148
0.0398257722414144
0.041330696069366
0.0401523440787912
0.0414922986280715
0.0411219594310239
0.0399705412002334
0.0412633616699054
0.0384252167326054
0.0408021210335789
0.042539348539691
0.0401860112785073
0.0406977527144363
0.0381154784950866
0.0390009258480006
0.0417885699856981
0.0452865920377121
0.0378124736974996
0.0406539853547656
0.0374690682602647
0.0450879555592962
0.036411918188719
0.0377518727379993
0.0390278596077849
0.0406539853547656
0.0409771904721765
0.0375700698594414
0.0409502567123923
0.0397045703223569
0.0405462503156286
0.0415730999074242
0.0389504250483981
0.0401893779985016
0.0391928288864563
0.0411825603905527
0.037516202339873
0.038580085851379
0.041458631428327
0.0358463092332499
0.0412094941503369
0.0383208484134343
0.0410882922313078
0.0400782762393703
0.0413609965491162
0.0401658109586833
0.0398560727211645
0.0425326150997591
0.0415730999074242
0.038472350812242
0.0394587997643328
0.0399166736806649
0.0385329517717423
0.0389605252083243
0.0402365120781099
0.0404822826361624
0.0399032068007728
0.0415225991078216
0.0408829223129317
0.0403442471172468
0.0395665348034697
0.0386878208905159
0.0399570743203412
0.0391221277670297
0.0380380439356998
0.0397348708021354
0.0416135005471006
0.0407684538338629
0.0381457789748367
0.0354759700362024
0.0373108324215252
0.0381491456948027
0.0386878208905159
0.0399705412002334
0.0412768285497975
0.0400210419998359
0.0385767191313846
0.0394688999242589
0.0369909940240802
0.0396675364026748
0.0394958336840432
0.0356948068344423
0.0377990068176075
0.0385060180119581
0.0386810874505557
0.0407650871138969
0.0382434138540475
0.0386103863311291
0.0399537076003753
0.0408997559128181
0.0394924669640773
0.0378932749768524
0.0388662570490794
0.0414788317481793
0.040125410319007
0.0383747159330028
0.0363041831495821
0.0389638919282902
0.0442025082063822
0.0373714333810256
0.0377990068176075
0.0380212103358417
0.0390278596077849
0.0374556013803726
0.0425730157394355
0.0424282467805881
0.0381020116151944
0.0386878208905159
0.0398762730409885
0.0397247706422093
0.0385868192913108
0.0376980052184308
0.0432699267738599
0.038048144095626
0.0386440535308452
0.0386339533709474
0.0402903795976783
0.0389638919282902
0.0376879050585046
0.0402062115983597
0.0367620570659142
0.04154616614764
0.0360887130713081
0.0367755239458063
0.0382400471340816
0.0349507617204097
0.0381154784950866
0.0377316724181469
0.0356072721151577
0.0378831748169546
0.0361560474707687
0.0414451645484348
0.0393880986449062
0.0381424122548708
0.0385935527312711
0.0352975338776389
0.0429399882164887
0.0432463597340416
0.0364186516286509
0.0356948068344423
0.0391557949667742
0.035647672754834
0.0389975591280347
0.0371660634626778
0.0344861543641173
0.0377855399377154
0.0348430266812727
0.0445863142833218
0.0379202087366366
0.0420276071037904
0.0374219341806281
0.0378596077771363
0.0377855399377154
0.0381929130544734
0.038405016412753
0.0356375725949079
0.0354591364363444
0.0415663664674639
0.0372030973823883
0.0385565188115606
0.0393645316050879
0.0351056308391549
0.0371727969026381
0.0377754397778176
0.0360314788317453
0.0344356535645147
0.0350382964396943
0.0431823920545469
0.0370078276239383
0.0354995370760207
0.034654490362783
0.0396204023230382
0.0373411329012754
0.0374219341806281
0.0378124736974996
0.0367856241057325
0.0341023482871776
0.0358328423533578
0.0353985354768156
0.0353918020368837
0.0375700698594414
0.0371155626630753
0.0354658698762762
0.0375700698594414
0.0378394074572839
0.039149061526814
0.0374488679404124
0.0373175658614571
0.0359641444322847
0.0333549364531791
0.0401590775187231
0.0368024577055905
0.0351527649187915
0.0390177594478587
0.0338633111691138
0.0357890749936871
0.0360247453918134
0.0366341217069248
0.036859691945125
0.0382097466543314
0.0383646157730766
0.0367721572258404
0.0350551300395523
0.0370549617035749
0.0376912717784705
0.0381558791347629
0.0351796986785757
0.036536486827714
0.0377114720983229
0.0369404932244777
0.0349743287601996
0.0351729652386155
0.035526470835805
0.0359607777123188
0.0340013466880009
0.0375633364195096
0.0385497853716004
0.0356645063546921
0.036411918188719
0.0333549364531791
0.0359035434727843
0.0370818954633592
0.0341696826866382
0.040229778638178
0.0400648093594782
0.0342033498863827
0.0334626714923161
0.0377047386583627
0.03367814157059
0.0404216816766336
0.0347218247622436
0.0353278343573891
0.036220015150235
0.0350012625199838
0.0341831495665303
0.0366509553068113
0.0384487837724237
0.0357621412339029
0.034886794040915
0.036432118508543
0.0366004545072087
0.0350315629997624
0.0357352074741186
0.0356106388351236
0.0359910781920689
0.0358732429930342
0.0361728810706268
0.0376003703391916
0.0337286423701642
0.038596919451237
0.0342403838060932
0.0316951435064539
0.033253934853974
0.0355769716353791
0.036327750189372
0.0338262772494033
0.0347958926016361
0.0353749684369973
0.0395059338439694
0.0351830653985417
0.0328196279774602
0.0353716017170314
0.0344491204444068
0.0350820637993365
0.033041831495666
0.0363647841090824
0.0337522094099825
0.0336310074909534
0.0345905226832883
0.0357183738742606
0.0341326487669562
0.0354019021967815
0.0354288359565658
0.0320217153438307
0.0343683191650541
0.0349709620402336
0.0325065230199471
0.0338262772494033
0.0336108071711294
0.0348261930813862
0.0335636730914928
0.0336074404511351
0.0359978116320292
0.031637909266891
0.0337488426900165
0.0355399377156971
0.0380178436158758
0.0326916926184708
0.0337286423701642
0.0347083578823515
0.0346275566029988
0.0333549364531791
0.0341831495665303
0.0341461156468483
0.0345635889235041
0.0362435821900533
0.0337421092500563
0.0341562158067461
0.0335199057318505
0.0333919703728611
0.0356981735544082
0.0361796145105586
0.0354052689167759
0.0322439188620649
0.0349204612406311
0.0340888814072855
0.036307549869548
0.0353244676374231
0.0346275566029988
0.0334626714923161
0.0351022641191889
0.0339508458883984
0.0354894369160945
0.0321193502230415
0.0353817018769576
0.0348800606009547
0.0325940577392601
0.0332876020537185
0.0368731588250171
0.0347285582021755
0.0367452234660561
0.030607692955158
0.032614258059084
0.0356746065146183
0.034779059001778
0.0341528490867802
0.0343009847655935
0.0335165390118846
0.0336714081306297
0.0331192660550528
0.0356308391549476
0.0374219341806281
0.0342370170860988
0.0326546586987604
0.0341999831664168
0.0313551047891565
0.0338161770894772
0.0357958084336474
0.0367485901860221
0.0301094183991211
0.0357722413938291
0.0321294503829677
0.0323718542210258
0.0314695732682537
0.0351224644390413
0.0365533204275721
0.0364253850686111
0.0310958673512403
0.0345198215638618
0.0330317313357398
0.032065482703473
0.0320318155037569
0.0324560222203729
0.0361425805908766
0.0336242740510215
0.0332808686137582
0.031281036949764
0.0330653985354843
0.0333246359734005
0.0330081642959499
0.0327556602979655
0.0356880733945104
0.0342740510058093
0.0336646746906979
0.0347386583621017
0.0325267233397994
0.032489689420089
0.0304561905563503
0.0332808686137582
0.0339070785287561
0.03437168588502
0.0295909435232886
0.0305437252756633
0.0340754145273934
0.033253934853974
0.0327859607777157
0.0317187105462438
0.0329913306960634
0.0310958673512403
0.0331866004545134
0.0365230199478219
0.0331529332547973
0.0333886036528952
0.0348463934012386
0.0319981483040124
0.031513340627896
0.0316480094268172
0.0340383806077114
0.0352268327581839
0.0305740257554135
0.0342976180456276
0.0304056897567477
0.0319476475044382
0.0371290295429674
0.0324661223802707
0.0334290042925716
0.0300218836798365
0.0354254692365998
0.0323415537412757
0.0339070785287561
0.0322102516623204
0.0330754986954105
0.0333448362932529
0.0309712987122452
0.0325502903796178
0.0324088881407363
0.0318870465449095
0.0317321774261359
0.0331192660550528
0.0340989815672117
0.0330889655753026
0.0276651796986869
0.0315200740678563
0.032934096456529
0.0288064977695512
0.0323718542210258
0.0323752209409918
0.0298501809612048
0.0315941419072487
0.0305740257554135
0.0309712987122452
0.0330384647757
0.0314998737480039
0.0318668462250855
0.0313281710293722
0.0312945038296562
0.0317793115057725
0.0330249978958079
0.0313820385489407
0.0320318155037569
0.0342572174059512
0.033378503492969
0.0312473697500195
0.0323583873411337
0.031745644306028
0.0296818449625391
0.0314729399882197
0.0308332631933297
0.0312978705496221
0.0296582779227492
0.0347958926016361
0.0307086945543347
0.02956064304351
0.0335636730914928
0.0309712987122452
0.0315167073478619
0.0297087787223234
0.0305235249558109
0.0327085262183289
0.0315571079875383
0.0335670398114587
0.0350416631596602
0.0315335409477484
0.0349541284403756
0.0312406363100877
0.0314157057486852
0.0279681844962738
0.03412254860703
0.0312305361501615
0.0296852116825335
0.0284260584126059
0.0315806750273566
0.0312069691103432
0.0298333473613468
0.0275103105799133
0.0309578318323531
0.0277796481777841
0.031833179025341
0.0320823163033594
0.0334290042925716
0.0309982324720295
0.0293081390455541
0.0304090564767421
0.0301464523188315
0.0305066913559529
0.0301969531184341
0.029968016160268
0.0326344583789364
0.0295135089639018
0.0304090564767421
0.0338532110091876
0.0302272535981842
0.029668378082647
0.0292206043262411
0.0314561063883616
0.029651544482789
0.0312204359902353
0.0305605588755213
0.0320957831832516
0.0307187947142609
0.0298737480010232
0.0311867687905192
0.033270768453832
0.0293889403249068
0.0303114215975029
0.0300690177594447
0.0309982324720295
0.0290792020873596
0.0297895800017045
0.0318870465449095
0.0296818449625391
0.0279782846561716
0.0285977611312376
0.0305235249558109
0.02911623600707
0.0351224644390413
0.0305437252756633
0.0312945038296562
0.0306177931150557
0.0328869623769208
0.0296279774429706
0.0310386331117058
0.0300993182392233
0.0316581095867434
0.0291633700867067
0.0294630081642993
0.0266585304267437
0.0313079707095483
0.0300892180792971
0.0284327918525378
0.0268437000252675
0.0317826782257384
0.0285169598518848
0.0275271441797997
0.0293822068849465
0.0304730241562368
0.0299377156805178
0.0296852116825335
0.027042336503655
0.0305066913559529
0.0309712987122452
0.0303652891170714
0.0282206884942298
0.0283048564935768
0.0309275313525745
0.0291128692871041
0.032153017422786
0.028974833768217
0.0290859355273199
0.0283890244928955
0.0289074993687564
0.0298737480010232
0.0284361585725321
0.0300521841595867
0.0301498190387974
0.0283923912128614
0.0288165979294774
0.0312743035098038
0.0260222203518197
0.0336310074909534
0.0275002104200155
0.0310992340712062
0.0298165137614888
0.0310958673512403
0.0311261678309904
0.0280052184159558
0.0300690177594447
0.0281600875347294
0.0323213534214233
0.0300286171197683
0.0282779227337926
0.031600875347209
0.0302912212776789
0.0280186852958479
0.0275170440198735
0.0296885784024994
0.0269851022641205
0.0268032993855911
0.0308063294335454
0.0287862974497273
0.0288266980894036
0.0268133995454889
0.0279715512162397
0.0302945879976448
0.028675195690596
0.0263353253093328
0.0283721908930374
0.0284327918525378
0.0289512667283987
0.0298703812810572
0.0282678225738664
0.0281499873748032
0.0270187694638651
0.0301228852790132
0.029415874084691
0.0284125915327138
0.0299040484807733
0.0276449793788345
0.0294630081642993
0.0273958421008444
0.027234239542139
0.0313315377493666
0.0275439777796578
0.0285607272115271
0.0302844878377186
0.0318365457453069
0.0275035771399814
0.027698846898403
0.0277156804982894
0.0286852958505222
0.0294966753640438
0.0289849339281147
0.0260861880313144
0.0292172376062751
0.031940914064478
0.0276752798586131
0.0272140392222866
0.0276449793788345
0.0267426984260624
0.0265575288275386
0.0300993182392233
0.0272376062621049
0.0300656510394788
0.0271197710630418
0.0274429761804527
0.0261198552310589
0.0273015739415996
0.0271197710630418
0.0300117835199103
0.0270524366635811
0.0306211598350501
0.0278604494571368
0.0263858261089069
0.0265373285077146
0.028762730409909
0.0279715512162397
0.0281634542546954
0.0272645400218892
0.0273958421008444
0.0269649019442966
0.0259818197121433
0.0277762814577898
0.0257495160340113
0.026257890749946
0.0289479000084327
0.0260188536318537
0.0274261425805946
0.0251805403585763
0.0292105041663149
0.0253657099570717
0.0291835704065306
0.0258168504334719
0.0277325140981475
0.026702297786386
0.0290792020873596
0.0257495160340113
0.0266181297870673
0.0289815672081488
0.0268605336251255
0.0267931992256649
0.0279176836966712
0.0277089470583292
0.0264127598686912
0.0277426142580737
0.0252445080380426
0.0284226916926116
0.0288064977695512
0.028015318575882
0.0285741940914193
0.0277055803383632
0.0275810116993682
0.0263555256291568
0.0265272283477884
0.0268403333052731
0.0263790926689751
0.0268403333052731
0.0245980978032208
0.0257394158740851
0.0289613668883248
0.0253084757175372
0.0259111185927168
0.027483376820129
0.0252849086777189
0.0278638161771028
0.0274328760205549
0.0253152091574975
0.0262174901102696
0.0268032993855911
0.028883932328938
0.0262646241898779
0.0257192155542612
0.028318323373469
0.0272376062621049
0.0282947563336506
0.0269245013046202
0.0263319585893385
0.0268369665853072
0.025406110596748
0.0273318744213498
0.0253118424375032
0.0267763656258069
0.0279075835367451
0.0267393317060964
0.0269649019442966
0.0266618971467096
0.0262343237101277
0.0266888309064939
0.0274227758606287
0.027466543220271
0.0273318744213498
0.0271500715428203
0.0266113963471071
0.0279378840164952
0.026594562747249
0.0270288696237628
0.0253253093173953
0.0263790926689751
0.0258505176332164
0.0265272283477884
0.0245442302836523
0.0265137614678963
0.0273487080212078
0.0267224981062384
0.0253556097971739
0.0264666273882881
0.0281331537749452
0.0249381365204897
0.0276315124989424
0.0259279521925748
0.0254667115562768
0.0257394158740851
0.0270524366635811
0.0278537160171766
0.0251435064388659
0.026490194428078
0.0264060264287593
0.0262376904300936
0.0263454254692306
0.0269211345846259
0.0244735291642257
0.0267662654658807
0.0265204949078566
0.0258538843531824
0.0252748085178212
0.0246755323626076
0.0258033835535798
0.0257663496338694
0.026719131386244
0.0250559717195529
0.0254162107566742
0.0249482366804159
0.0267325982661362
0.0257293157141589
0.0271130376231099
0.0257192155542612
0.0252478747580369
0.0270659035434733
0.0257764497937956
0.024625031563005
0.0251502398787977
0.0266719973066358
0.0270894705832916
0.027786381617716
0.0247630670818921
0.0255340459557374
0.0261063883511667
0.0273318744213498
0.0268403333052731
0.0242109250063152
0.0272308728221731
0.0252714417978268
0.0252276744381845
0.0252916421176792
0.0257663496338694
0.0252882753977133
0.0266787307465677
0.0242647925258836
0.0241671576466729
0.0280860196953086
0.0240459557276438
0.0264295934685777
0.0253421429172818
0.0256384142749084
0.0249112027607055
0.0255475128356295
0.0262275902701958
0.0248539685211711
0.0248438683612449
0.0247597003619262
0.024180624526565
0.0264127598686912
0.0286381617709139
0.0246384984428971
0.023756417809949
0.0235779816513855
0.024837134921313
0.0256451477148403
0.0263757259490092
0.0267258648262043
0.0254162107566742
0.0240223886878255
0.0253253093173953
0.0266955643464541
0.0243321269253443
0.026362259069117
0.0241536907667808
0.0242142917262811
0.0246788990825735
0.0240661560474678
0.0252209409982527
0.0244903627640838
0.0243590606851285
0.0262242235502015
0.0262612574699119
0.0262713576298381
0.0255205790758453
0.0265204949078566
0.0254263109166004
0.0258067502735457
0.026025587071814
0.0252209409982527
0.0254700782762427
0.0251098392391214
0.024429761804555
0.0254027438767821
0.024820301321455
0.0249145694806998
0.0253758101169979
0.0253623432371057
0.0256350475549141
0.0254431445164585
0.0254195774766401
0.0247597003619262
0.024180624526565
0.0244364952445153
0.024200824846389
0.024520663243834
0.0259111185927168
0.0255273125157771
0.0246317650029653
0.0249112027607055
0.0230561400555587
0.0250425048396608
0.0242109250063152
0.0246452318828574
0.0253253093173953
0.0263386920292987
0.0239079202087567
0.0229147378166772
0.0258404174732902
0.0242681592458496
0.0256485144348062
0.0231403080548773
0.0260929214712746
0.0259515192323931
0.0268841006649438
0.0245913643632889
0.0248876357209156
0.0255508795555954
0.0241570574867467
0.0245273966837942
0.0259683528322512
0.0240897230872861
0.0256451477148403
0.0259279521925748
0.0272982072216337
0.0246317650029653
0.0235207474118511
0.0246957326824315
0.024749600202
0.0250290379597686
0.0233793451729696
0.0262679909098722
0.0240122885278993
0.0260659877114904
0.024604831243181
0.024604831243181
0.0218003535055971
0.0239348539685409
0.026153522430775
0.024732766602142
0.0234096456527197
0.0235948152512435
0.0248135678814947
0.023985354768115
0.0244600622843336
0.023099907415201
0.0250155710798765
0.0241873579664968
0.0247529669219944
0.0258168504334719
0.0234668798922826
0.023628482450988
0.0255710798754478
0.0260693544314563
0.0226218331790449
0.0271063041831496
0.0232446763740484
0.0227464018180399
0.0253623432371057
0.021571416547431
0.0275439777796578
0.0226420334988688
0.0252108408383265
0.025281541957753
0.0244802626041576
0.0256350475549141
0.0245240299638283
0.0242917262856679
0.0236587829307382
0.0244768958841917
0.024093089807252
0.0241907246864912
0.0244465954044415
0.024076256207394
0.0242580590859518
0.0252142075582924
0.0232345762141222
0.0277156804982894
0.0254498779564187
0.0233187442134692
0.0246957326824315
0.023308644053543
0.0239382206885068
0.0238506859691938
0.0234702466122485
0.02430519316556
0.0233153774934749
0.0278200488174605
0.023184075414548
0.024288359565702
0.0232413096540824
0.0259851864321377
0.023436579412504
0.0230662402154849
0.0229147378166772
0.0227228347782216
0.0234130123727141
0.0245038296439759
0.0249078360407395
0.0247159330022839
0.0241705243666388
0.0250391381196948
0.0233894453328958
0.0230864405353088
0.0234500462923961
0.0272914737816734
0.0247563336419603
0.0235880818113117
0.0240661560474678
0.0225511320595899
0.023948320848433
0.0224669640602713
0.0238338523693358
0.0225679656594764
0.0240695227674621
0.0226420334988688
0.0241065566871441
0.0246081979631469
0.0226420334988688
0.0224871643801237
0.0240594226075359
0.0244263950845891
0.0236756165305962
0.0236217490110278
0.0234702466122485
0.0250290379597686
0.0244028280447708
0.0240897230872861
0.0214771483881862
0.0236419493308802
0.024093089807252
0.0222986280616055
0.0233726117330377
0.0242580590859518
0.0230460398956325
0.0231302078949795
0.0240257554077914
0.0244701624442598
0.0221067250231499
0.0244667957242655
0.023436579412504
0.0241031899671782
0.0222447605420371
0.023524114131817
0.0228070027775402
0.0239651544482911
0.0225208315798398
0.0222144600622869
0.0220966248632237
0.022652133658795
0.0232413096540824
0.0228575035771428
0.0227666021378639
0.0219417557444785
0.0222211935022472
0.0246283982829709
0.0235476811716353
0.023540947731675
0.0226757006986134
0.0242917262856679
0.0239752546082173
0.0258067502735457
0.0237766181298014
0.0231100075751272
0.0232211093342301
0.0226251998990108
0.0223726959010264
0.0223390287012819
0.0236015486912038
0.0199587576803424
0.0234668798922826
0.0244465954044415
0.021658951266744
0.0240358555677176
0.0233389445332932
0.025917852032677
0.0261299553909566
0.0241301237269624
0.0222481272620314
0.0221100917431158
0.0231167410150874
0.022440030300487
0.0229854389361321
0.0223019947815999
0.0214872485481123
0.0220865247033259
0.0238776197289781
0.0202112616783268
0.0221100917431158
0.021891254944876
0.0233658782930775
0.0226049995791584
0.0221976264624288
0.0229753387762059
0.0209216395926433
0.0217027186263863
0.0239011867687964
0.0232749768537985
0.0233355778133273
0.0234433128524643
0.0237833515697332
0.0234837134921406
0.0194705832842317
0.0252916421176792
0.0251132059591157
0.0245745307634024
0.0214165474286858
0.0251940072384684
0.0200698594394453
0.0233894453328958
0.0234062789327538
0.0229349381365296
0.0217532194259888
0.0224467637404473
0.0224871643801237
0.0220797912633657
0.0243590606851285
0.0238001851696197
0.0215141823078966
0.0235948152512435
0.0223188283814579
0.0226420334988688
0.0222514939819973
0.0220494907836155
0.0213020789495886
0.0216858850265282
0.023524114131817
0.0233187442134692
0.0212650450298781
0.0222683275818554
0.0219451224644445
0.0223827960609526
0.0197230872822161
0.0197769548017845
0.0203156299974694
0.0224871643801237
0.0210529416715701
0.0205445669556639
0.0210765087113884
0.0207465701540457
0.0228373032573188
0.0235274808517829
0.0212381112700939
0.0215007154280045
0.0221538591027866
0.0252041073983662
0.0230561400555587
0.0216656847066758
0.0230191061358482
0.0214906152680783
0.0211236427910251
0.0214266475885836
0.0214569480683622
0.0232278427741903
0.0223120949414977
0.0214805151081521
0.0234635131722882
0.021214544230304
0.0230258395758085
0.021551216227607
0.0221875263025026
0.0223625957411002
0.0210462082316383
0.0237867182897276
0.0236183822910618
0.0206186347950563
0.0225410318996921
0.020786970793722
0.0221774261425765
0.0205311000757717
0.0199587576803424
0.022120191903042
0.0209721403922174
0.0216151839070733
0.0222750610218156
0.0227194680582556
0.0231975422944402
0.0214131807086915
0.0240425890076779
0.0213492130292252
0.0232716101338326
0.0218542210251655
0.0203189967174637
0.0203257301573956
0.0216522178267837
0.0224029963807766
0.0192281794461735
0.0212583115899463
0.0211808770305595
0.0208273714333984
0.0222817944617475
0.0211808770305595
0.0199755912802004
0.0212381112700939
0.0217431192660626
0.0196725864826135
0.0208846056729328
0.0213458463092309
0.0223558623011684
0.0230561400555587
0.0196220856830394
0.0232312094941562
0.019477316724192
0.0207129029543012
0.022120191903042
0.0216522178267837
0.0209586735123253
0.0210866088713146
0.0212111775103097
0.0221875263025026
0.0209957074320357
0.0197500210420003
0.0205849675953402
0.0197230872822161
0.021658951266744
0.0199587576803424
0.0199587576803424
0.0183831327329358
0.0224198299806346
0.0205378335157036
0.0203762309569981
0.02297197205624
0.0215848834273231
0.0202516623180031
0.0223188283814579
0.0208038043935801
0.0202146283982927
0.0220393906236893
0.0214300143085779
0.0192046124063836
0.0249179362006657
0.0218744213450179
0.0203358303173218
0.0221908930224686
0.0202684959178612
0.0209856072721095
0.0198914232808818
0.0196355525629315
0.0179387256964958
0.0203930645568562
0.0202886962376851
0.0197028869623921
0.0180195269758485
0.0234500462923961
0.0198038885615688
0.0198375557613133
0.0206051679151642
0.0220124568639051
0.0226184664590505
0.0195311842437604
0.0200227253598371
0.0208105378335119
0.0197197205622501
0.0204267317566007
0.0204469320764247
0.0196759532026078
0.0188881407289045
0.0200765928794056
0.0211573099907412
0.0203391970372877
0.0215444827876468
0.021675784866602
0.0191911455264915
0.0190295429677576
0.0203661307970719
0.0204469320764247
0.0198442892012451
0.0200765928794056
0.0216151839070733
0.01796565945628
0.0222211935022472
0.0223322952613501
0.0195614847235106
0.0213155458294807
0.0210664085514622
0.0220427573436552
0.0199823247201607
0.0203189967174637
0.0212078107903437
0.0217128187863125
0.0204738658362089
0.0203560306371458
0.0181575624947357
0.0199587576803424
0.0199587576803424
0.0194335493645497
0.0199318239205581
0.0197702213618527
0.0198510226412054
0.0182989647336171
0.0189958757680415
0.0180767612153829
0.0202853295177192
0.020595067755238
0.0191776786465994
0.0195042504839762
0.0203223634374297
0.0210428415116724
0.0179286255365696
0.0201270936789797
0.0193763151249868
0.0211236427910251
0.0209115394327171
0.0196119855231132
0.0198038885615688
0.0199823247201607
0.0201136267990876
0.0195311842437604
0.0196826866425397
0.0184538338523907
0.020487332716101
0.0197533877619662
0.0198442892012451
0.0193190808854524
0.0221908930224686
0.0202415621580769
0.0209519400723934
0.01796565945628
0.0189016076087967
0.0208341048733303
0.0203694975170379
0.0225241982998057
0.0206085346351301
0.018500967931999
0.0191137109671047
0.0205209999158456
0.0191844120865312
0.0205142664758853
0.0194200824846575
0.0209283730325751
0.0187703055298414
0.0181676626546619
