8.14772022169703
9.43581314442222
9.68063430355845
8.82455391426601
10.4759615670612
9.13065425570015
9.57137060240321
8.77568246868298
9.6247711387144
9.35816343842395
10.5347243563328
10.6447738185444
6.41309786659712
7.3207194852156
9.62396125870355
9.80175943452054
7.67576986403614
9.31167501804939
8.47578008977771
8.99740090385181
10.3920640512069
6.77563131450639
14.1905172546549
8.05007168419768
8.02283695744204
9.76588177170715
9.82921083383275
9.297385759783
11.3865940552116
9.77043882181257
9.76401002398378
5.51946569941085
8.86817107322317
10.3742365417971
10.3317660173325
10.6170420133348
10.5229086813682
14.1115417605673
9.57922305123249
9.15254965637831
9.074775629448
13.6893488585571
9.88803950523415
10.2993009762928
5.43630367946032
9.42384112301954
10.2632485948224
9.18018781545183
7.86331154179136
8.30675832391644
8.04282705242889
8.4991737912794
8.14243664405761
9.6420389027613
8.5040355613293
9.55107168957584
8.03745805888869
5.87681547067291
7.12230064707329
5.83959409478944
10.3627427861355
10.0806855104899
10.7913076663682
6.24139284886917
8.16961407763004
14.0527448333369
9.27357329596338
10.0176615197412
10.2708995893521
12.0462279093112
6.39074992667325
8.7272730712945
11.4313297620835
8.18353639739995
7.73294187443231
9.78498065294068
9.38350388531173
10.0168743646621
9.73083777605537
8.4722364834143
10.3638940631795
12.11526191056
7.10867300516993
8.39196790342576
5.86886423450774
8.50871345011752
9.90184360059358
8.69923365545887
7.98834618456292
9.1875159734837
9.64343534248795
8.24000827389226
12.9521211141711
8.27379781889404
11.3851500112259
11.0859418227029
14.2576170006543
5.1226904056262
9.2594635072062
9.38877966759388
9.6409185974097
6.3724330108072
9.9584707830736
9.8426480710851
13.3315778817933
9.33968323746624
10.9156912991514
10.8005877892564
7.91507509027249
9.09119550023575
5.06071018665619
9.30559894361336
9.60648224855523
14.9242717060036
14.4990276763545
10.0116942043992
14.3957893567214
10.2763711109442
10.1911295608164
11.4068993509329
14.6635084425191
9.70031412922313
6.64043074167696
6.72038445031648
8.66160427922822
11.5844026904023
9.30661557802462
7.54033873277069
10.5683031055083
5.8930424595103
11.6098419454636
8.67388813176865
8.72252479690603
12.9393415255493
9.41654865093272
9.69246302760423
9.31256300779877
9.90283113078229
6.79618388339458
7.93272240722613
7.98482952944094
7.95875239487675
9.17859522741785
10.0814765551762
10.2027689221265
9.37407739468806
8.86336011903774
9.96219476710521
9.89177274084599
7.62091455022423
11.6641811913508
8.6391704245285
11.1182359936071
9.0885546133507
9.07897908163694
10.5732946997682
10.2533019576167
9.77455056552867
9.15831582407992
8.12376406426858
9.3400915839283
6.6204795560662
9.68929744078804
10.590305641052
10.2609188588865
9.81942050698194
13.2260422958447
8.80701966705614
11.602747013488
9.47269148515465
5.3120261756603
10.0938369506079
6.94095067477915
10.724696732597
8.33798055068525
8.11705934870148
13.0603475293677
9.84163263121555
10.0181005417748
8.95725031655272
9.32278397709081
10.2016049891165
5.21913393288232
8.24575464747407
7.11519965418058
7.77251297075235
9.90195778128749
14.3479847677683
7.96863753580982
9.06184784617981
10.8012468078704
9.51731507055072
9.34213637707325
10.673015147998
14.3574437567119
7.65147242431511
8.4298852266712
7.69111571611077
8.83067741187534
10.2352456757497
7.94112212076259
9.55761036133991
8.80312637677121
9.07039764104971
6.71594459529318
14.5731286458134
13.1106396380776
10.1858401564646
10.6527517791572
9.03046100679333
6.54735913344715
8.26670588474742
5.26630137677937
12.091016590735
5.53123459922103
8.10705757609195
5.63506230792083
9.53708601534973
9.7538186086968
9.67408636437416
13.2596238656927
7.54304682044119
13.1447821599005
10.4080073702453
10.4827388265981
10.3656973011831
9.8912552994995
8.59276712079172
7.92741631646051
14.3079527187495
9.22501312708432
11.5746243822417
10.2732517145408
7.52453454152252
8.48099014981727
9.09518601716683
9.24141510776174
10.2363190792355
7.19770412390004
9.59715106631305
7.76708914834914
11.5126288168034
9.61558980930532
6.03510330466701
10.3873505939075
10.529245346077
13.1781126114502
9.322215629827
10.2126090733108
11.1266624967602
8.30821185482373
8.33941283046621
9.86623200079001
10.8958289244281
9.05984760712797
9.29355177403135
10.0677693467318
9.54457396125877
5.21704446182297
14.5663714887486
9.90279286855203
14.4729493151198
8.91571583500775
5.570006934953
9.95125249688791
10.0452632466544
5.98087720310153
9.38182705744068
8.29538136205095
9.59890485694698
10.4478847079945
9.60317832731069
13.9046748825044
8.9222331386998
10.1604180796255
13.4973734588431
9.85530475729903
7.91378293855364
9.80262414590999
11.138955975851
9.85484277057532
10.3980482675099
5.03445774516254
10.0462817996429
10.4806974235162
5.33820483290772
8.32137416377565
14.9090494715554
8.46265146695163
14.8173688737597
11.9368524841407
10.093133821018
8.86726186333837
7.25757819607313
9.14796391945069
10.2070308166159
11.0826187991618
10.2799156287907
6.60533520839004
7.35486722729677
10.6936223529642
6.43214975288968
9.51160574393255
9.25745993445614
10.1717080074963
9.27377376677179
7.11708134833408
9.24747548775544
12.2231341927626
11.4999075379707
6.93975035646761
10.81187801825
14.7871923749599
9.04699881847389
11.0271020692575
10.272748230098
9.89582136521229
8.22307014249785
9.32926536839491
9.37157972428131
8.98303556322882
10.1564716967272
5.18445029828539
9.38769242827396
7.14706237190118
11.5555968499125
9.20160256750247
11.4280834395221
14.9492208245773
9.44593120877528
7.6907759919483
8.94111894477761
10.9508405073164
8.61352980274218
10.8342760682407
12.6234108259825
10.0167554941834
9.74243469313068
8.95652085596172
9.85329574252479
13.6595272417613
8.84067257874452
7.62516666668415
9.39124827276711
5.69907035484595
7.51648744570336
6.82483861272052
9.8677656807268
10.0558111628524
9.66207290483483
9.4192105188346
8.28259825035073
11.7523090118594
8.85068332771715
8.32883138163277
7.87287917491893
8.63589343661625
10.1453660085112
10.5286855422269
8.39707620695132
8.76395234753097
10.6798985197583
10.2353171040045
9.63002432956001
9.08489677993148
11.1275620269078
8.82429656085597
12.5402904033735
9.12324535281126
10.29734795396
8.7409277389892
8.42778089718227
8.66358744413641
13.434311934694
12.5797538864555
9.41514216948271
7.74263948536781
11.7392264331003
11.3059051299005
7.98475904097117
10.0965825299691
6.49371900068907
10.0180767066445
9.07418271740098
9.34207213037002
11.452682088103
8.6353442165728
11.8721903254545
7.85803913369556
8.74465257531766
8.35200074686113
8.99217357362334
11.8466519990674
9.57252616389543
6.89807230538556
8.71001050897044
5.22882090372442
7.01299147337382
9.3662478365625
7.10739840346143
8.53900497521338
9.78023155292037
9.07435456132396
8.62027651688116
12.7154877620926
9.1332402233063
9.72156588186809
8.64761011369647
11.2270149873544
6.65402339652733
9.8497636698517
7.10109346741558
9.86207934276041
6.86659290754058
6.09567468782955
12.2648480330862
9.10529562414844
6.66663959926859
9.75163558081458
10.9748229947253
7.40395467410881
5.67970404984311
10.2562942549881
10.8246969395203
9.64671446376559
12.6374059958818
7.40150602424879
8.62695339537691
8.4845495653105
13.9880488104472
11.8740448803203
8.1661793024953
11.8367023178193
8.94106909323421
5.98909372283341
10.9869701579199
5.65841471080354
8.22329707364371
10.5518892591649
8.38216703972495
8.46239805134082
9.1369876829161
8.96963810794654
10.0750339892761
9.63627149967915
8.66263535980872
9.70877075790242
7.65780951600985
12.5809578718766
8.85889070772727
12.971863161179
9.71132647286839
7.87817064338844
7.90717687234059
9.50081279966104
8.25286801600888
8.7956976888736
9.81035197213695
10.0458245026127
7.33245177938001
6.95882750482619
9.97957663336604
10.1858877258691
7.39315565713705
11.1218992116105
9.39803339421465
10.9479810626563
9.90829869830361
12.2995251262471
9.27768439170448
9.6985629178762
9.3073020540386
11.1005992095599
9.78811452361681
6.70213272452142
10.2755337011781
10.3798484652922
8.47755639420741
10.4189185749083
8.62464956699671
10.2130382297225
9.57868851102737
9.67654253450593
11.6460851084339
8.56916326077479
5.71141250371497
7.63751343189823
12.0322015990849
9.53226739010683
8.84792245445368
7.29217615742137
11.1174920348007
14.0531906115056
9.80798970493628
10.0461713081246
13.7415908132808
8.20537275196457
9.54036233884047
9.11610432318464
10.1019200644263
5.65063748159819
10.0910671487486
10.7072773795782
7.51668823892004
10.4033405107405
7.89665424894
8.06234174173005
9.86150017306865
10.5500209015
13.6558035056879
9.90465570930565
9.25635785975698
7.86428699157244
9.21079156365802
13.174469817496
9.65289617572144
8.31244507207073
8.90566169885184
6.9229112121972
10.1243702965866
10.6544054567474
9.82738010019822
10.3573490909127
9.03474970901005
10.1652749905797
9.99303302162681
8.34118897321508
7.06097625192504
9.52408597207389
9.65307883784527
7.72685948807423
10.2835378477155
8.71745165560059
6.33038035184045
5.72373630188101
11.7373574959931
9.11654315558256
14.9037620456496
8.5694904074772
10.1667171255385
14.979994036497
10.4992255027628
8.85588241382106
9.33831268987098
5.89511910816243
