6.51119350223047
8.26564851443482
7.40706758690348
9.21109081727127
6.00033751367729
7.29855820217153
7.56408130628736
7.20562663075501
7.66674606514604
8.59965070280279
6.20846814241227
6.73563588923491
6.39840501641277
7.11186011278514
7.26917010352665
7.53577729147378
7.01204696574362
6.35619308139047
7.15209241646326
6.70314704149484
7.70783688241733
7.49843026681256
7.12336082821312
6.7737639929299
7.02805908593552
7.41263277501895
8.185877451393
7.05978368824174
8.56666358050668
6.25473024156216
6.47487332716102
7.48409140644728
7.1508871307129
8.48488258564095
7.11403164716776
6.27964733608283
5.93195269758439
8.33802962713577
6.18251746485987
6.97200319838399
6.34209662486325
5.01285497853718
6.99318323373456
6.87904132648768
7.49116825183066
7.62454759700361
7.33381449372948
7.6747251914822
6.01189209662488
7.80974749600202
7.95231461998148
5.77804982745562
8.11541536907669
5.9579000084168
5.01285497853718
7.11371854221025
6.34276996885785
4.68924248800607
6.99087703055298
6.14419072468647
7.09502651291979
7.13436663580507
6.22930140560558
7.55439525292485
6.10923407120615
6.32157983334736
6.51805824425554
7.02586735123307
6.10305614005557
7.08376820132986
7.15266139213873
8.40469068260248
5.47899419240807
6.00033751367729
6.37073394495414
7.33381449372948
8.04091658951268
6.41304014813568
6.43955306792358
7.3845509637236
6.95311589933507
7.26900850096794
6.41210756670316
6.3838641528491
6.19867435401062
7.65005386751957
5.89753135257976
7.12112869287097
6.9273369245013
7.22469573268245
6.95380607692957
6.1268016160256
6.32842437505261
8.21395252924839
5.99399461324805
6.51119350223047
6.75681255786552
7.65896220856831
6.86630839154955
5.32349886373203
5.42596161939233
5.70270263445838
6.19688662570491
6.23019695311842
5.78179698678562
6.45178436158574
5.27858345257133
6.03665768874674
6.65613079707097
5.81376735964986
5.30310664085516
6.32207137446343
5.66889739920882
6.31522346603822
4.68924248800607
6.05398619644811
6.2598240888814
6.36976432960191
6.50643632690853
6.51986953960105
6.00116572679067
5.10186095446511
6.45058244255534
5.01884437336926
6.41182476222542
6.04779143169768
6.34806245265551
5.96032068007744
5.82496507028029
6.87635805066915
5.36749179362008
6.35769463849846
6.75068849423451
6.55682265802542
6.39113290127094
6.1443523272452
5.01255870717955
5.66789411665687
6.48093678983253
5.85629239962967
6.27597087787225
5.74772914737818
5.28055971719553
5.09091574783267
6.54894790000841
5.95134163790928
6.53035350559719
5.87792357545661
5.82451056308392
6.80785876609713
5.59049995791599
5.91611228011112
5.93195269758439
4.81657520410741
5.42596161939233
5.04069775271444
6.3009384731925
5.01285497853718
6.76278175237775
4.68936705664507
5.72639760962883
6.20546166147631
5.8384521504924
6.03570827371433
5.32897315040822
4.69860196953118
5.3871029374632
5.54344667957244
5.24916168672672
4.96591616867269
5.1411775103106
5.56811127009513
6.08521252419831
5.85591532699269
4.84929298880567
5.14927110512585
5.91250315629998
4.80175826950594
6.0346881575625
5.39575540779396
5.8591372780069
5.63272872653818
5.69293241309654
5.40678814914571
5.73794882585642
4.98034929719722
5.76738069186095
5.9316631596667
5.01255870717955
5.01884437336926
4.91306876525545
5.02365878293074
5.8499898998401
4.8913904553489
6.09959851864321
4.55019021967848
5.8813374295093
4.90578991667368
6.61079117919368
5.78278680245771
4.82907920208737
4.9011640434307
5.4107373116741
5.09916084504673
4.81603316219173
5.28942092416463
5.02182392054542
4.6744255534046
4.83831748169348
5.2388123895295
5.12123306119014
4.7927893274977
5.62080717111354
4.92288948741688
4.5675389276997
5.18273630165811
4.51125746990994
5.9205866509553
4.55286002861712
5.43852285161182
5.02015739415876
5.4567368066661
5.2664767275482
5.14820048817441
5.37825519737396
4.48822573857422
5.02601548691189
4.7883014897736
5.33130965406954
4.58783688241732
4.98799511825604
4.78931150576551
4.7870625368235
5.13138035518895
5.6366139213871
5.43985943944114
4.41472687484219
5.18180708694555
4.63416968268666
4.9491499032068
5.24919198720647
4.68819543809445
5.19985943944113
5.04221277670231
4.55332800269338
5.34562831411498
4.65439356956486
5.36989563168083
4.99903122632776
5.05898577560811
4.68656931234744
4.6744255534046
4.65454843868363
4.5836116488511
4.46500883763994
5.09466964060266
5.2604502987964
4.61066661055469
4.51913896136691
4.76904048480768
4.47545576971635
5.18212355862303
4.74006649271948
4.77883763992929
4.71405858092754
3.93766265465871
5.34644642706843
4.72352243077182
4.72911791936707
5.48446847908426
4.69860196953118
4.96095699015234
3.99901102600791
4.48575456611397
4.90572258227422
4.75990320680077
4.74662822994699
4.91987290632102
4.76137446342901
4.55286002861712
4.5826487669388
4.56786213281711
4.65442387004461
5.02601548691189
4.73535645147714
4.85198636478412
4.42597845299218
4.52825267233399
4.9880523524956
4.68825267233399
5.13081137951352
4.47589344331286
4.65578739163371
5.18769884689843
4.72938725696491
4.52389276996885
4.51701792778385
4.82973571248212
4.57932918104538
4.68630670818956
4.51769800521842
4.53205369918356
4.195876609713
4.5234752966922
5.02118761047052
4.5725890076593
4.37292567965659
4.40378503492974
5.09810369497518
4.2418256039054
4.59308559885531
4.4961004965912
4.570377072637
3.9844263950846
4.70296187189632
4.35141233902871
4.14375641780995
4.46934853968523
4.89380102684959
4.54019106135848
4.59729399882167
4.50469236596246
4.37540695227676
4.66917010352665
4.46873916337009
4.80593973571249
4.48892938304857
4.87867772073059
4.59085683023315
4.22015402743878
4.86124821143002
4.50311000757512
4.18675616530595
4.50236259574112
4.48465701540275
4.51893359144853
4.88225991078193
4.58140644726876
4.5810125410319
4.29174059422607
4.72387593636901
4.63318660045451
4.75599107819207
3.94034593047724
3.93081137951353
5.29489521084085
4.35658698762731
4.57972308728222
4.68418230788654
4.5614619981483
4.21601296187191
4.37900934264792
4.09817776281457
4.0562149650703
4.46279353589765
4.78290800437674
4.48326992677386
4.48465701540275
3.89122885279016
4.29174059422607
4.53192913054457
4.4323651207811
4.30497853716017
4.23383301068935
4.04058328423534
4.37791179193673
4.43910529416718
4.0136124905311
4.35226411918188
4.56382543556941
3.96682181634543
4.23941839912467
4.23643211850856
4.48633700866932
4.34719047218249
4.01420166652639
4.83961703560308
3.92687231714504
4.34559801363523
4.51125746990994
4.36072131975425
4.21925511320597
4.45530258395758
4.38938557360493
4.22841932497266
4.59227085262185
4.43339197037287
4.17160255870718
4.5798644895211
4.24964649440284
4.00336082821312
4.19306203181552
4.04257301573944
4.33987122296105
4.67153017422777
4.45275734365794
4.7069750021042
4.22878966416968
4.64664001346688
4.17266644221868
3.70994781584042
4.17481440956149
4.20751872737986
4.68096709031227
4.02756754481948
4.04449204612408
4.62293493813652
4.09037707263698
4.02450382964398
4.20053951687569
3.76546839491627
4.07799090985608
4.30157141654743
3.96932328928543
4.40434054372528
4.1153379345173
3.8129526134164
4.21735628314116
4.01421513340628
4.30681003282552
4.45283814493729
4.24579496675364
3.87052352495581
4.40317902533457
4.23432791852539
4.35667115562663
4.05283814493731
3.81881070616953
4.22628819122971
4.08079538759364
4.09585472603317
4.36930982240554
4.51552647083579
4.16148219846815
3.62561821395505
3.82560138035521
4.31455012204361
4.32321942597426
3.9882880228937
4.32897651712818
4.33507028027944
3.72712482114301
4.30499200404006
3.65485144348119
4.20378840164969
3.87275566029797
3.97760542041917
4.13097298207222
4.06384395252925
4.2318870465449
4.16085262183319
4.14113037623096
3.85239037118089
3.84719552226244
3.66428162612576
3.93438010268497
3.99732093258143
4.00416547428668
3.62908256880735
3.83667788906658
3.95649608618803
3.85039727295683
3.81741688410068
4.07922986280616
4.38959094352327
4.00026007911794
3.61091238111271
3.87606851275146
3.84365036613082
3.88141823078865
4.04763319585894
3.65485144348119
4.14599865331201
3.62578991667368
3.9181996464944
3.77408719804731
3.87674522346606
4.13633616698931
3.79459388940325
3.87052352495581
4.37226243582191
3.62780321521757
4.45777712313779
3.76125326150998
3.65060264287519
4.00766349633869
3.72991583200067
4.45576719131387
3.82560138035521
3.70994781584042
4.1334003871728
3.93992845720058
3.697376483461
4.17578739163372
3.81597256123223
3.81712397946302
3.91258395757933
3.83950256712399
3.8163125999495
3.97023230367816
3.71264792525884
3.79781584041748
3.716627388267
3.82000589175996
3.82560138035521
3.71768790505851
3.87642201834862
3.756499452908
3.65060264287519
3.81975338776198
4.21021883679825
3.66217069270263
3.7292997222456
3.82528490867773
3.68447857924417
3.36117582695061
4.30352074741185
3.92353589765173
3.50109670903123
3.63211598350307
3.8227262014982
3.6318365457453
4.04798333473613
3.95794714249644
3.95401144684791
3.34634205874926
3.8731024324552
3.76780826529753
3.65060264287519
3.648252672334
3.95584630923324
3.77675027354601
3.94373285077015
3.65147125662824
3.6431992256544
3.88399377156804
4.38718373874255
3.76714165474289
3.51840501641277
4.00235417894118
3.91294082989648
3.47970793704235
3.87574867435401
4.08583200067335
3.34758774513929
3.67774177257806
4.03747243498023
3.43104536655164
3.88752209409984
3.66428162612576
3.28210504166316
3.40151586566788
3.92741435906069
4.00745812642035
3.47304856493562
3.42298207221614
3.46771904721825
3.95606514603148
3.6331394663749
3.67249305614007
3.7935872401313
3.72826277249391
3.66775608113795
3.60996633280027
3.68491961956065
3.3705252083158
3.4908113795135
3.58884353168926
3.77704317818367
3.92177173638584
3.51677889066576
3.87240552142077
3.31943186600455
3.18682686642541
3.75777207305782
3.65485144348119
3.72240131302081
3.47970793704235
3.90017759447858
3.46798501809613
3.37991499032069
3.65556518811547
3.61459557276325
3.7381508290548
3.34508963891929
3.35777207305784
4.03816934601466
3.87100833263193
3.72502735459977
3.40669388098647
3.50550711219594
3.716627388267
4.12016917767866
2.92045534887637
3.89399292988807
3.55114973487082
3.46959094352329
3.36942765760458
3.67598771147212
3.78863142833094
3.54972224560223
3.18721067250232
3.39250652301996
3.49779395673767
3.36985186432119
3.84463344836294
3.44051258311592
3.62711640434307
3.45521841595826
3.30535897651714
3.19051679151588
3.23667452234662
3.05988132312095
3.4247630670819
3.43040232303679
3.46026176247793
3.73706001178354
3.10547007827626
3.19169851022642
3.56163370086693
3.29692197626463
3.19965406952278
3.83101843279186
3.60993603232052
3.49285834525713
3.81590522683277
3.65946048312432
3.3387130712903
3.37005386751957
3.75079286255365
3.47970793704235
2.97054540863564
3.42603568723172
3.30017759447858
3.63170524366637
3.37386162780911
3.43613584715092
3.60890244928879
3.26046039895633
3.52507785539939
3.34007322615943
3.42969867856243
3.57379429340966
3.72629660802963
3.45996549112027
3.72164380102686
3.1199368740005
3.43935779816513
3.16835030721322
3.4106127430351
3.19168504334652
3.00477485060182
3.22636899250907
3.5904864910361
3.17920797912635
3.39502819627978
3.36729989058162
3.21754481945965
3.44393653732851
3.40151586566788
3.45506691355948
3.12130712902956
3.21925174648598
3.37079791263363
3.29009090143927
3.15817607945459
3.31091406447268
3.56605420419157
3.18149398198807
3.19242235502063
3.47293746317652
3.31500126251998
2.81719804730241
3.45417809948657
3.51385657772914
3.07252335661983
2.97054540863564
2.92045534887637
3.18033919703728
3.10756081137953
3.49814072889487
3.32567039811465
3.15389361164887
3.23093763151252
2.85329265213366
3.11314283309486
3.09981398872151
3.2025258816598
3.22421092500633
3.32901018432793
3.47909182728728
3.206377409309
3.26280026933762
3.3138363774093
3.15994697416042
3.59457032236344
3.02600875347193
3.43613584715092
3.21465954044274
3.44639087618887
3.14398198804815
2.95821311337431
3.13932581432539
3.14274976853801
2.99881575624948
3.17066661055466
3.16550542883596
3.21513424795893
2.94605252083159
3.06213029206296
3.07532446763742
3.261749852706
3.07595067755241
3.46380691860955
2.92458968100328
2.97422523356622
3.22394495412846
2.60134079622929
3.11455685548356
3.31441545324469
3.08177846982579
3.01445753724434
3.01365962461074
3.01584125915329
3.0666652638667
3.27302499789582
3.08778133153777
3.14982998064136
3.11313946637489
2.88640770978876
2.99094436495244
3.206377409309
3.08117582695061
2.96047891591618
3.11882585640939
3.17584462587325
3.07536823499706
3.07524703307803
3.14563841427491
3.22918693712651
3.08537076003705
3.12535055971719
3.06135594646915
2.84230031142161
2.94367561653061
3.04822910529418
3.08066745223468
3.09598939483209
2.96536739331708
3.16372106725024
2.98980978032154
2.99812557865499
3.08475465028198
2.91233482030134
2.99534466795726
2.77229610302163
3.29436663580506
2.80713492130292
2.77731924922145
3.01342732093258
3.15724686474204
3.14473613332211
2.77247453918022
3.17837303257303
3.12988889824089
3.10013719383892
2.76046881575627
2.84782173217744
2.60134079622929
3.02494150324048
2.92045534887637
2.95926016328593
3.01462250652304
3.0439500042084
2.94756754481946
3.08690261762479
2.87182644558538
2.76592290211264
2.76237774598098
3.25892854136859
3.33484471004124
2.99881575624948
2.93696911034425
2.88293325477653
2.68881828128946
3.2590867772073
3.08717195522263
2.94919367056644
2.85224223550208
3.09870633785036
2.60134079622929
3.1346393401229
2.93913054456695
3.21373032573015
3.09773672249813
3.25810032825521
3.00085262183319
2.98239962966082
3.01610386331117
3.0806371517549
2.87204191566366
2.82053446679572
2.66192828886457
3.02378671828973
2.76115562663077
2.93588839323289
2.66655079538759
2.92836040737313
2.69577055803384
2.75881575624948
2.96825267233399
3.05506018011954
2.7479883848161
2.91895715848835
2.97953455096373
2.9644247117246
2.7659868697921
3.13002693375978
3.13060600959517
2.77546081979631
2.763377661813
2.92461661476307
3.10464523188284
2.35501809611986
3.04006144263951
3.02728137362175
2.83111943439104
2.6471113542631
2.60164716774682
2.82509973907921
2.75713576298293
2.95003871727971
2.90631175826951
3.18943607440451
2.75909856072721
2.77921807928627
2.83860365289118
2.73165642622675
2.80460651460317
2.64272788485818
2.9224619139803
2.60734702466124
2.93363605757091
2.60152259910782
2.96528322531773
2.9203004797576
2.88374800101002
2.87777880649779
2.82626799090986
2.80277501893781
2.76692281794462
2.71445585388437
2.91165137614681
2.75328086861376
2.91030468815757
2.52601043683191
2.68300732261594
2.76648177762814
2.60164716774682
2.65491541116069
2.65268327581853
2.84795640097636
2.67235838734115
2.87393064556855
2.84769716353844
2.57693880986449
2.77230956990152
3.01044777375643
2.56217910950258
2.68148219846816
2.38503240467975
2.52912128608705
3.02795135089639
2.57560895547513
2.61135342142919
2.73180456190556
2.62767527985861
2.60134079622929
2.66082737143338
2.64847150913224
2.68783183233737
2.90066240215469
2.31697416042422
2.94441629492468
3.0556998569144
2.47787307465703
2.64027354599781
2.74625789074994
2.57596582779229
2.86654742866762
2.68506102179953
2.48553236259576
2.82531857587745
2.67126757006986
2.82816682097467
2.79965070280281
2.58510647251916
2.81118508543054
2.78810958673512
2.63779564009764
2.65200319838399
2.59793030889657
2.62224139382207
2.60134079622929
2.70688410066492
2.46299553909606
2.53141065566871
2.62449372948404
2.41909351064726
2.67478579244172
2.53432623516539
2.59938136520495
2.56898998400808
2.77428246780576
2.46449036276408
2.418625536571
2.72054288359567
2.46585051763321
2.62665179698681
2.62761467889908
2.60004124231969
2.65923154616615
2.70362174901103
2.31697416042422
2.76854221025167
2.65304688157562
2.42689756754481
2.7332118508543
2.52607777123137
2.66271946805824
2.30104620823164
2.60484218500127
2.61128945374969
2.62743624274052
2.5926378250989
2.70944280784445
2.56470751620236
2.6823373453413
2.73958505176333
2.48134079622929
2.37681087450551
2.40375810116996
2.48560979715512
2.52339112869288
2.53905984344752
2.59282972813736
2.87650955306793
2.50655416210756
2.59992004040063
2.56217910950258
2.25373369245014
2.42275650197794
2.49019526975846
2.59521673259826
2.48134079622929
2.37419156636648
2.34609292147127
2.4195379176837
2.29898914232808
2.43595404427236
2.43447268748423
2.5962267485902
2.53730578234155
2.4667258648262
2.60595656931235
2.42625789074995
2.32658951266728
2.53155542462756
2.46585051763321
2.56061021799513
2.452750610218
2.34533877619731
2.50906910192745
2.66878293072975
2.59534466795725
2.63570490699436
2.30614005555088
2.53741015066072
2.61398619644811
2.42664843026682
2.40474118340208
2.33591532699268
2.54430855988554
2.37401986364785
2.75476222540192
2.50597171955224
2.38929130544568
2.4307760289538
2.16751536065988
2.71244255534046
2.35069859439443
2.56443144516456
2.22330527733357
2.90092837303257
2.47870128777041
2.57831243161351
2.41254860701963
2.66009679319924
2.26295513845636
2.37404679740763
2.37714081306288
2.45835619897315
2.1228389866173
2.37327245181382
2.39312936621496
2.41994529080046
2.31508206379934
2.48272115141825
2.26230536150157
2.45465954044272
2.15086693039308
2.28149903206801
2.32848160929214
2.51649608618803
2.34602222035184
2.42733860786129
2.49305698173555
2.28909771904722
2.38929130544568
2.51199814830403
2.21022893695817
2.13223550206212
2.60946805824426
2.61465617372275
2.25373369245014
2.24546502819629
2.47057402575541
2.37020873663835
2.44618887299049
2.30104620823164
2.38468563252252
2.46288780405689
2.42029879639762
2.4258370507533
2.28869371265046
2.34533877619731
2.35610217995119
2.53927531352579
2.14387425300902
2.42290800437675
2.12762309569902
2.2924274051006
2.43411918188704
2.67543220267655
2.20141149734872
2.23433801868529
2.44070448615437
2.32204444070365
2.33993519064052
2.65101338271191
2.47445922060433
2.19380271020958
2.38274976853802
2.32532362595742
2.36505428835957
2.1573007322616
2.21312094941504
2.14093173975255
2.27992340712061
2.31060769295516
2.34585388435318
2.19169177678648
2.34389782004882
2.24282888645737
2.31640181802879
2.34638582610893
2.40584546755323
2.38916337008669
2.11691019274471
2.13040737311675
2.2057006985944
2.2630123726959
2.23501472939989
2.29185506270517
2.31002861711977
2.43155037454761
2.16570406531437
2.02641612658869
2.43803131049575
2.24923238784615
2.22289453749684
2.27677552394582
2.41212440030301
2.25728221530176
2.28313189125495
2.03243245518055
2.24445501220436
2.32484218500127
2.53713744634291
2.2826504502988
2.21942008248465
2.44623264035013
2.24919535392644
2.21108408383134
2.25496254524032
2.03346603821228
1.98296523861629
2.09368319165054
2.41020200319838
2.28547176163625
2.16588250147294
2.13054540863564
2.31495412844038
2.08882501472939
2.21040063967681
2.33377072636983
2.07558033835537
2.07422691692619
2.45718121370257
2.17541031899671
2.43320343405438
2.04259321605926
1.88086945543304
2.26563841427489
2.24462334820302
2.21811042841512
2.12275145189798
2.37050837471594
1.94351064725191
1.94036613079709
2.0726748590186
2.34952024240386
2.28845804225233
2.20552899587577
2.24518559043852
2.25514098139888
2.12604747075162
2.32514855651883
2.06674606514605
2.25680414106557
2.09319165053446
2.10551047891593
2.31323373453415
2.29408046460736
2.01123221951016
2.20569733187443
2.21257890749936
2.00314872485481
2.21212776702299
2.12657941250737
2.26295513845636
2.22422102516623
2.07898409224813
2.26519064051848
2.19584294251325
2.10410318996719
2.21377409308982
2.22553404595573
2.03041915663664
2.14659456274725
2.04377830148979
2.01492214460063
2.08343489605252
1.89631259994951
1.94612322195101
2.26602558707179
1.96927615520579
1.95986617288108
2.1264649440283
2.22088123895296
2.08604747075162
1.92863647841091
2.15540863563675
2.0530771820554
1.94236259574112
1.85860533625117
2.16160676710714
1.87999074152009
2.39399797996802
2.18052099991584
2.04125999494994
2.15254692365963
2.10488426900093
2.14418062452657
2.18730494066156
1.96751536065989
2.00360323205118
2.10544314451647
2.04461998148304
1.85698257722416
2.11054372527565
2.09368319165054
2.01616783099067
2.21186179614512
2.08075835367393
2.017251914822
2.16648514434812
1.8639516875684
2.16751536065988
2.36667368066662
1.98296523861629
1.98473950004208
2.13335661981316
2.11812221193503
2.01123221951016
1.90137951350897
1.96124989479
2.25684790842521
2.08155963302752
2.04538086019696
2.02373621749013
1.97413096540697
1.97824509721406
2.01125915326995
1.83433128524536
2.12918188704654
1.89170019358642
1.73596582779228
1.8712238027102
1.93197963134418
2.07752966921976
1.9225629155795
2.20653227842774
1.91885279016918
2.02148724854811
2.03398114636815
1.78525124147799
1.8733381028533
2.01654153690768
2.05281121117753
1.90789411665685
2.23048985775608
2.08320595909436
1.80464354852285
2.05407709788739
1.84794293409647
2.16667031394664
1.79925679656594
1.88206127430351
1.92310495749516
1.99664422186686
2.01549785371603
1.80686895042504
2.02030552983757
2.02489436916085
1.96566029795471
2.06404595572764
1.86753387761974
2.00764329601887
2.0622885279017
2.00956232640351
2.06569564851443
2.04026007911793
2.00752209409984
1.98044356535647
2.00034424711725
1.99152007406784
2.24036781415705
1.67300816429594
1.90434896052523
1.87377240972984
1.77590186011278
1.89293914653649
1.85312431613502
1.98002272535982
2.15664758858682
1.94923407120612
1.81259237437928
1.97608702971132
1.86488090228096
1.8790615268075
1.84757596161941
1.91236512078109
1.94436916084504
1.86926437168589
1.94355441461158
1.76422270852623
1.94446342900429
1.91307549869541
1.590375389277
1.68268411749852
1.96385236932917
1.74315714165476
2.1128398282973
1.7283873411329
1.99823668041412
1.86716690514268
1.79028112111777
1.91580927531354
1.91994697416044
1.93211093342313
2.05863227001095
1.8113130207895
1.84226664422187
1.92185927110512
1.84368066661057
1.93599276155206
1.73498947900009
1.79149650702803
1.76221614342228
1.87373200909016
1.91370507533037
1.8385127514519
1.95702466122381
1.9091633700867
1.6354120023567
1.97444407036446
1.94041999831666
2.0738262772494
1.95443228684454
1.67302499789579
1.78595151923238
1.69709367898326
1.75335156973318
1.92149903206803
1.7838877198889
1.70921723760628
1.68987879808097
1.9820393906237
1.78060180119519
1.59374210925006
1.83163454254694
1.75845551721235
1.91891002440872
1.85572005723424
1.83933086440535
1.91377914316976
1.71286339533711
1.77680077434559
1.63701792778386
1.8816774682266
1.86484386836125
1.87498442892013
1.7074766433802
1.7674648598603
1.84644811042841
1.74995118256041
1.74162865078696
1.74282383637743
1.76403753892771
1.78785371601717
1.94074320343407
1.54874589681003
1.62204949078361
1.87617961451056
1.69284824509722
1.86591111859272
1.96813820385489
1.86479673428164
1.74303257301574
1.8067612153859
2.01142075582865
1.87267485901862
1.9225763824594
1.84757596161941
1.6709645652723
1.74338271189293
1.8749137278007
1.81036023903712
1.63720646410235
1.90035939735714
1.62509973907922
1.52376820132986
1.72575793283394
1.79836798249306
1.6354120023567
1.68754566113964
1.69240720478075
1.67331116909352
1.62932497264541
1.70011699351906
1.79926016328594
1.55385321100917
1.67574530763403
1.77858176921134
1.80898661728813
1.59795387593638
1.70171618550629
1.62239289622087
1.79666778890666
1.68211514182309
1.62382038548944
1.78140644726875
1.67416968268665
1.63559043851529
1.7429888056561
1.8384016496928
1.69654827034762
1.74569564851444
1.69700614426395
1.81297618045619
1.55615604747075
1.80820553825436
1.56553909603571
1.88042841511657
1.65510058075921
1.74883006480937
1.62085430519318
1.65277417725781
1.83667452234661
1.73594226075247
1.66497853716018
1.60800016833602
1.90369245013048
1.68627640770978
1.59639508458883
1.59161770894707
1.50354094773169
1.82478663412172
1.81152512414781
1.68460651460316
1.57769632185844
1.59590017675279
1.75229441966164
1.55716606346269
1.63432118508544
1.81862553657101
1.39448615436413
1.60410824004714
1.44967679488261
1.61630923322954
1.61161939230706
1.6211000757512
1.62204949078361
1.55003535055971
1.64234744550123
1.65030300479759
1.7332253177342
1.65429930140562
1.50678309906573
1.64425974244594
1.5819114552647
1.55951603400388
1.70835872401312
1.55371854221025
1.60800016833602
1.62917347024663
1.63176921134584
1.6901010015992
1.6478486659372
1.55910529416715
1.56318575877452
1.66968521168252
1.65322195101425
1.59639508458883
1.68877114720985
1.71483629324132
1.68074825351403
1.50354094773169
1.68239794630082
1.613376820133
1.54493140308057
1.5930889655753
1.67928373032575
1.61476054204192
1.57586145947312
1.45189883006481
1.75932076424544
1.78648346098814
1.41400976348794
1.50293157141655
1.56944112448448
1.70595825267233
1.49496927868026
1.53528238363774
1.55734449962125
1.59377240972984
1.51361080717112
1.66930140560561
1.57138035518898
1.49308391549533
1.53589512667284
1.52946469152428
1.62407962292738
1.46157814998739
1.60248884774009
1.66988048144097
1.60820890497433
1.63083662991332
1.69342732093259
1.31260415789919
1.51042252335662
1.43456358892351
1.55128440366974
1.3516648430267
1.67470835788234
1.57596582779229
1.62115394327077
1.40733692450132
1.47211935022304
1.5616404343069
1.63668462250652
1.31998064136016
1.49778722329771
1.68234407878126
1.53187862974497
1.42440956148474
1.68344162949248
1.54476980052186
1.52852200993183
1.56761972897905
1.45228936958171
1.56121622759028
1.55030805487755
1.61769295513847
1.49988468984094
1.68293998821648
1.49190893022472
1.65730241562159
1.53732261594143
1.47805151081559
1.49451140476393
1.45382459388941
1.6316614763067
1.47066156047472
1.60572089891423
1.44842437505261
1.35679572426565
1.54955054288359
1.36003114215976
1.53943691608453
1.31513256459894
1.49104368319166
1.59934096456527
1.49229610302163
1.35644221866846
1.56335746149315
1.48501725443987
1.5128499284572
1.45509384731926
1.32974076256207
1.47841174985271
1.39935779816514
1.49423196700616
1.25001010015993
1.7265625789075
1.58278006901776
1.4730384647757
1.51710882922313
1.43287349549701
1.54792441713661
1.53377072636985
1.46237606262099
1.49635300058918
1.48774766433803
1.41523524955812
1.56872064641024
1.45863227001095
1.35962713576299
1.40885531520917
1.52666021378673
1.48174480262605
1.55108240047136
1.39873495497014
1.24175826950594
1.47317986701458
1.57157225822743
1.31998064136016
1.56579833347362
1.53912044440705
1.30193165558455
1.42479000084168
1.31857671913139
1.429250904806
1.4309510983924
1.3729122127767
1.4069261846646
1.43287349549701
1.38949667536403
1.40770389697838
1.42104957495161
1.54146704822827
1.27552647083579
1.31306203181552
1.29766938809865
1.59909856072721
1.400502482956
1.31538506859692
1.47816934601465
1.40559969699521
1.46264876693883
1.40257974917938
1.42053783351571
1.37901944280785
1.24189967174482
1.22130207894958
1.44967679488261
1.27579244171366
1.49716101338271
1.42280700277755
1.5095505428836
1.36055971719554
1.32242151334063
1.38833515697331
1.41600622843197
1.47123390287013
1.55372864237017
1.37980388856158
1.3996507028028
1.29749431866006
1.44315545829477
1.38111017591112
1.39381954380946
1.37693544314453
1.28254608197963
1.45383469404933
1.40907415200741
1.43658025418736
1.34694133490447
1.39965743624273
1.25109418399126
1.33391212860872
1.28403417220773
1.26995454928039
1.30586735123308
1.32924585472605
1.29528911707769
1.30063883511491
1.35157730830738
1.29571669051427
1.36664338018687
1.27552647083579
1.24322952613417
1.39505849675953
1.31857671913139
1.32375810116994
1.30669556434646
1.33822153017422
1.18785034929721
1.35567460651461
1.2458488342732
1.25001010015993
1.36693291810454
1.38745307634039
1.37901607608788
1.45819122969448
1.34466206548271
1.31743876778049
1.36003114215976
1.2977636562579
1.34787728305699
1.28859607777125
1.2943632690851
1.37373369245014
1.41302668125579
1.30993434896052
1.31743876778049
1.26563168083496
1.36413517380691
1.40258311589935
1.34154111606767
1.28146873158826
1.27952276744384
1.35733103274137
1.25404679740763
1.47074909519401
1.30567544819459
1.20021631175828
1.33006733439947
1.42847319249222
1.2520368655837
1.18414022388689
1.19714586314285
1.35255365709958
1.36098392391213
1.24197710630418
1.15397441292822
1.32777123137782
1.24223971046209
1.30901523440789
1.28556939651546
1.1881499873748
1.30079370423366
1.2384151165727
1.26700530258395
1.27498106220017
1.24463344836295
1.29833936537329
1.3726765423786
1.32946469152429
1.25109418399126
1.24189967174482
1.2977636562579
1.22130207894958
1.27750610217996
1.24401733860788
1.28065398535477
1.26237269590104
1.29144432286844
1.29639676794883
1.32979126336167
1.23770810537835
1.32637067586904
1.25635300058917
1.32520915747833
1.23832084841345
1.39580590859356
1.19827034761386
1.2065524787476
1.22542631091659
1.26287097045704
1.42089807255283
1.29831243161351
1.22489436916086
1.32557949667537
1.36519232387846
1.23942513256461
1.09881070616953
1.15644221866847
1.27617961451057
1.17664927194681
1.08203770726371
1.21293914653648
1.25355188957158
1.29244760542042
1.28743119266056
1.19868782089051
1.38594141907248
1.20503745475972
1.10904890160762
1.2458488342732
1.20095025671242
1.19827034761386
1.28126336166991
1.24401733860788
1.09734281626126
1.28269421765845
1.22942260752464
1.20454928036361
1.2576020536992
1.17062284319502
1.22850012625202
1.20332716101339
1.26877619728981
1.07254355693965
1.24269085093849
1.1881499873748
1.35091069775271
1.22393485396853
1.21685464186518
1.22542631091659
1.24389950340881
1.22542631091659
1.13127598686981
1.30116741015067
1.29370002525042
1.13775018937801
1.16119266055046
1.33892180792864
1.16704065314369
1.24149229862806
1.24424964228601
1.30663833010689
1.22392812052857
1.15424711724603
1.36215890918274
1.02079033751369
1.22117077687065
1.21144768958843
1.10128524534971
1.0885758774514
1.02913980304689
1.20619897315041
1.21027607103781
1.17049827455602
1.1244886794041
1.10050753303594
1.15683949162528
1.15847908425218
1.26257806581938
1.24956569312349
1.16868024577056
1.18258479925933
1.1870760037034
1.0800749095194
1.1882004881744
1.17890834104875
1.17400639676796
1.0848893190809
1.1607246864742
1.20476138372192
1.07215975086274
1.17286171197711
1.21391886204864
0.980763403753912
1.21847066745224
1.13079454591366
1.28644811042841
1.09305024829561
1.36692955138457
1.01226580254189
1.35599444491206
1.15153354094775
1.03967426984261
1.05328255197375
1.03720309738239
1.11257049069945
1.15794377577646
1.25424543388604
1.14872906321017
1.15604494571164
1.25748421850014
1.20073815335411
1.20166063462673
1.07254355693965
1.09216816766266
1.17664927194681
1.13423196700614
1.20744802626044
1.24383216900935
0.980160760878732
1.01438010268495
1.03830401481358
1.05618803131051
1.09466964060266
1.21547765339619
1.1487391633701
1.14259826613923
1.04971382880228
1.20386920292904
1.08160676710716
1.06114384311087
1.00003450887974
1.17901944280786
1.15073226159416
1.02180372022559
1.15604494571164
1.16076508711387
1.14033246359736
1.0458252672334
1.20266728389868
0.992853295177184
1.06480346772159
1.14944954128441
1.09877367224982
1.01448783772412
1.13001683359988
1.05186852958505
1.03222708526218
1.03952950088376
1.1608256880734
1.16998316640013
0.97771652217827
1.23059085935529
1.0946124063631
1.02764161265887
1.20088965575289
1.19603147883174
0.929343489605259
1.04704401986365
1.06902870128778
1.1752621833179
1.09763235417896
1.12058665095532
1.05419156636648
1.04039474791685
1.0598510226412
1.11749936874
0.973696658530429
1.16297365541621
0.965821900513419
1.02462503156301
1.04039474791685
1.030375389277
1.1394773167242
0.942877703896983
1.07531100075752
1.03967426984261
1.05694217658447
0.990338355357295
0.951792778385652
1.07334820301321
0.994008080127941
1.01830233145358
0.95611564683108
0.976652638666792
1.07570827371435
1.05805319417559
1.05189546334483
0.995492803636068
1.07226411918188
1.02029206295768
1.04762309569901
1.0848388182813
1.09092921471256
0.939914990320688
0.942844036697267
1.12778806497769
0.979787054961719
0.968707179530355
0.931414022388708
1.13163622590693
1.01178772830571
1.11785287433719
1.07176247790591
1.01598266139214
1.06678309906573
1.11170524366636
0.999886373200923
1.10688073394496
0.967562494739497
1.00955895968355
0.956384984428922
1.02095530679236
0.949691945122481
1.09640686810874
1.01642033498865
0.949705412002373
1.02583705075332
1.11026428751788
1.02509300563926
0.972804477737583
0.974258900765932
0.998226580254197
0.979787054961719
0.97771652217827
0.983480346772154
0.994701624442399
0.964606514603162
0.99894705832844
0.941325645989394
0.91593384395253
0.966683780826543
0.970777712313776
0.93559212187526
1.03474539180203
0.952058749263529
1.00773083073815
0.903823752209405
0.902655500378756
1.03907162696743
0.970013466879891
0.973763992929889
0.978773672249815
1.03508543051933
0.985298375557619
0.963296860533632
1.01648766938811
0.92450887972393
1.02860449457117
1.0202651291979
0.945938052352517
1.01178772830571
1.02599528659204
0.972989647336078
0.962037707263704
0.970616109755071
0.987961451056321
0.923845635889251
0.992705159498371
0.92970372864238
1.04176500294588
0.924811884521517
0.912812894537495
0.973067081895465
0.999886373200923
0.981382880228949
0.968707179530355
1.00234071206128
0.929343489605259
0.89187189630502
1.03119350223045
0.860608534635134
0.978265297533881
0.982443397020461
1.04848497601213
0.911146368150838
0.97517128187863
0.843976937968193
0.883014056055885
0.995566871475461
0.920499116236016
0.904493729484045
1.051501557108
0.934996212440041
0.919085093847315
0.912812894537495
0.92638414274893
0.906291557949686
0.977612153859099
0.906375725949005
0.921152259910798
0.914570322363431
0.987732514098155
0.924451645484396
0.950708694554351
0.993442471172472
0.897830990657354
0.942298628061621
0.988574194091427
0.911425805908607
0.949654911202771
0.89780405689757
0.988086019695317
0.928498442892021
0.893073815335413
0.943631849170941
0.822264960861901
0.976824341385424
0.994274051005817
0.903628482450983
0.968912549448703
0.890249137278005
1.03659035434728
0.958394916252843
0.905803383553575
0.896656005386745
0.946917767864676
0.95350307213198
0.981268411749852
0.931956064304359
0.924751283561989
0.921532699267743
0.898150829054799
0.841620233987044
0.883966837808259
0.909543809443647
0.92880818112954
0.850010100159921
0.975814325393486
0.93206043262353
0.882428246780592
0.895043346519657
0.912812894537495
0.938255197373962
0.874614089723082
0.962115141823091
0.870590859355275
0.953843110849249
0.950153185758779
0.884953286760378
0.931393822068856
0.882377745980989
0.926983418904143
0.836799090985608
0.960175911118597
0.971599191987224
0.897083578823327
0.894194933086453
0.813558623011545
0.883397862132824
0.959707937042339
0.905490278596091
0.944402828044787
0.820669135594642
0.908577560811381
0.985264708357903
0.935110680919109
0.936184664590542
0.873674774850599
0.886074404511419
0.937046544903637
0.884872485481026
1.00226664422186
0.840970457032256
0.965465028196292
0.78727127346184
0.884832084841349
0.942877703896983
0.906022220351844
0.813693291810466
0.846313441629491
0.986325225149415
0.831274303509815
0.847912633616716
0.854178099486575
0.812905479336763
0.864591364363264
0.893083915495339
0.817302415621583
0.951674943186617
0.800489016076085
0.847441292820463
0.827116404343087
0.845252924837979
0.809824930561405
0.961690935106475
0.929080885447348
0.966478410908167
0.763990404848073
0.89187189630502
0.897830990657354
0.830637993434891
0.93059927615522
0.874843026681276
0.79924332968605
0.926545745307635
0.945547512835617
0.956462418988309
0.784887635720906
0.863864152849089
0.875203265718369
0.852885279016931
0.909920882080627
0.882051174143584
0.844448278764418
0.87904132648768
0.822264960861901
0.831206969110355
0.925478495076192
0.898527901691779
0.914210083326338
0.881263361669909
0.822901270936796
0.929787896641699
0.861827287265385
0.961394663748848
0.866469994108257
0.805505428835971
0.931494823668061
0.76011531015908
0.764064472687494
0.822901270936796
0.903110007575123
0.925717532194255
0.842041073983665
0.809898998400826
0.8215276491878
0.832334820301327
0.781231377830153
0.85405353084758
0.795132564598958
0.881182560390556
0.787860449457128
0.764690682602492
0.809040484807696
0.851420755828627
0.800489016076085
0.87243918862049
0.874614089723082
0.809824930561405
0.884397777964836
0.797889908256877
0.764417978284655
0.889084252167322
0.830607692955141
0.840994024072046
0.787469909940256
0.859463849844303
0.843795135089636
0.803684033330541
0.828520326571834
0.829277838565787
0.897100412423214
0.795873242993025
0.894144432286851
0.78943270768454
0.842913054456716
0.819308980725538
0.826581095867368
0.861864321185095
0.893905395168758
0.781396347108824
0.820861038633126
0.870978032152181
0.885357293157142
0.841586566787328
0.826978368824172
0.784524029963819
0.854080464607364
0.842236343742115
0.756438851948502
0.820861038633126
0.818793872569643
0.76011531015908
0.760677552394583
0.785264708357886
0.814568639003454
0.870294587997648
0.735151081558797
0.78337934517296
0.767582695059332
0.76537749347699
0.859204612406359
0.786786465785724
0.786109755071124
0.813693291810466
0.787641612658888
0.76272788485818
0.795661139634717
0.768764413769901
0.808323373453419
0.809077518727378
0.776787307465696
0.854312768285496
0.844798417641613
0.715546671155636
0.807916000336689
0.707469909940244
0.913149566534798
0.802027607103781
0.756344583789257
0.798465617372273
0.796994360744065
0.744614931403078
0.870617793115059
0.760680919114549
0.761600033667207
0.769720562242242
0.863695816850452
0.811407288948743
0.841273461829815
0.765185590438534
0.828180287854565
0.810777712313779
0.768808181129543
0.815959094352337
0.822807002777552
0.751432539348542
0.842610049659129
0.784524029963819
0.769720562242242
0.786591196027274
0.775891759952884
0.770067334399471
0.739622085683038
0.755856409393147
0.746779732345772
0.84060685127514
0.673439104452484
0.797745139298058
0.750365289117099
0.750395589596849
0.719344331285242
0.817053278343593
0.70559801363521
0.750331621917354
0.755526470835804
0.782749768537997
0.722488847740095
0.80740425890076
0.721502398787976
0.819743287602051
0.760600117835196
0.807145021462844
0.791580675027376
0.759647336082821
0.761226327750194
0.759458799764332
0.789705412002377
0.825830317313375
0.732228768622178
0.739632185842936
0.779824088881412
0.747062536823506
0.739053110007575
0.775807591953537
0.75014645231883
0.760135510478932
0.766545745307639
0.798593552731262
0.756108913391131
0.775635889234934
0.828466459052265
0.734046797407643
0.732346603821242
0.735790758353687
0.784672165642633
0.753146199814836
0.745621580675021
0.718623853211028
0.75208904974329
0.793631007490973
0.781827287265401
0.689872064641037
0.799957074320361
0.737750189378005
0.773575456611411
0.738164295934695
0.717775439777796
0.739941924080483
0.720936789832507
0.720044609039661
0.739736554162107
0.740898072552824
0.792516623179864
0.733501388771998
0.737952192576387
0.775363184917097
0.736568470667464
0.7250374547597
0.776275566029796
0.708523693291824
0.709658277922728
0.76011531015908
0.759458799764332
0.779181045366556
0.717179530342577
0.699396515444846
0.746567628987464
0.728582610891351
0.671324804309421
0.712021715343838
0.761253261509978
0.737541452739663
0.721350896389197
0.707032236343736
0.774878377240981
0.742163959262683
0.79007238447943
0.746574362427424
0.704490362764091
0.725027354599774
0.787210672502312
0.720340880397288
0.715822742193438
0.746685464186527
0.733346519653225
0.748628061610987
0.728724013130204
0.700352663917187
0.708069186095457
0.760936789832499
0.697804056897581
0.796529753387773
0.636937126504506
0.73188872990491
0.773444154532456
0.638489184412094
0.730067334399479
0.714088881407292
0.684936453160503
0.710964565272292
0.712725359818194
0.75358724013131
0.78440282804479
0.729134752966928
0.643690766770476
0.691302920629596
0.691834862385321
0.745220940998252
0.747651712818794
0.695026512919782
0.739625452403004
0.709728979042183
0.737292315461673
0.760391381196882
0.728256039053946
0.740251662318002
0.70786381617711
0.710082484639344
0.741120276071058
0.661928288864573
0.69523861627809
0.752769127177856
0.668415958252666
0.773336419493319
0.687124821143016
0.719660802962721
0.745981819712142
0.702214460062294
0.74797828465617
0.683313694133489
0.714243750526066
0.722374379260998
0.70964144432287
0.743291810453684
0.704823668041428
0.675930477232555
0.713553572931573
0.689437757764495
0.668304856493563
0.697110512583123
0.712200151502401
0.701315545829488
0.66054456695565
0.669698678562412
0.726545745307646
0.697140813062873
0.658581769211366
0.696831074825354
0.638822489689431
0.750954465112358
0.67870465449036
0.692262435821903
0.687855399377156
0.69699941082402
0.719000925848007
0.696612238027114
0.68960609376316
0.779659119602741
0.671324804309421
0.667059170103528
0.6790884605673
0.715425469236607
0.609373790085016
0.722424880060601
0.74399545492804
0.74916000336674
0.643131891254939
0.631287770389719
0.698288864573698
0.613568723171454
0.687410992340716
0.716435485228516
0.628772830569829
0.737861291137108
0.710802962713586
0.721613500547107
0.696302499789596
0.706463260668301
0.632971130376234
0.738049827455598
0.669432707684535
0.643960104368318
0.707001935863985
0.682610049659132
0.679213029206295
0.664766433801873
0.72274135173808
0.650481440956156
0.656740173386083
0.628328423533389
0.639189462166485
0.629160003366735
0.692794377577656
0.620211261678321
0.605768032993865
0.708247622254021
0.644976853800188
0.65894874168842
0.660019358639858
0.688831748169349
0.691501557107983
0.695329517717369
0.684997054120032
0.593964312768293
0.610535308475733
0.641249894790008
0.688219005134243
0.648050669135614
0.73131638750948
0.632971130376234
0.689437757764495
0.655972561232232
0.695137614678913
0.648111270095114
0.680159077518738
0.67430771820554
0.642647083578822
0.638421850012634
0.661928288864573
0.643293493813673
0.636135847150911
0.671688410066508
0.640310579917525
0.653915495328675
0.701194343910458
0.671398872148814
0.665268075077876
0.668254355693961
0.616201498190406
0.696696406026433
0.653925595488602
0.662534298459747
0.626540695227675
0.633109165895121
0.685188957158488
0.639610302163135
0.621908088544728
0.617965659456274
0.631648009426812
0.630934264792529
0.663167241814676
0.6419400723845
0.621874421345012
0.639337597845298
0.637799006817602
0.588055719215561
0.638822489689431
0.598734954970126
0.635354768117168
0.652572174059429
0.550233987038126
0.639798838481624
0.706318491709453
0.666517128187877
0.648454675532378
0.651094183991262
0.629557276323538
0.587924417136605
0.691922397104634
0.586079454591385
0.658234997054137
0.646155205790762
0.655359818197127
0.650202003198388
0.668325056813416
0.589543809443654
0.650464607356298
0.588937799848509
0.670132985438954
0.616736806666125
0.671715343826293
0.611612658867102
0.693471088292227
0.642138708862888
0.60853547681171
0.651508290547952
0.642017506943859
0.648050669135614
0.642047807423637
0.609626294083
0.645330359397377
0.650461240636304
0.583843952529264
0.559165895126682
0.621803720225586
0.680064809359493
0.5991759952866
0.627823415537421
0.582833936537327
0.629742445922062
0.630048817439615
0.648239205454104
0.601664001346705
0.54601548691187
0.604313609965487
0.632321353421446
0.599883006480951
0.624382627724941
0.61092921471257
0.591001599191998
0.638957158488353
0.617777123137785
0.608717279690268
0.627739247538102
0.577746822658042
0.567700530258406
0.593560306371529
0.642253177341985
0.635001262520007
0.637095362343246
0.631392138708861
0.633873411329006
0.571959431024339
0.63731756586148
0.570444407036462
0.584335493645312
0.61726874842185
0.632748926858028
0.611612658867102
0.640085009679325
0.603397862132823
0.60130712902955
0.557772073057834
0.652114300143097
0.623433212692532
0.600734786634121
0.683778301489781
0.561610133827116
0.591143001430851
0.568326740173404
0.607868866257064
0.56370760037035
0.602121875263038
0.651424122548605
0.541184243750536
0.644229441966161
0.57553488763574
0.596378250988977
0.573097382375238
0.582924837976606
0.536171197710644
0.58053446679574
0.592833094857355
0.602852453497178
0.585328676037392
0.555846309233232
0.581972056224231
0.603815335409479
0.550432623516542
0.541440114468486
0.583436579412506
0.586331958589341
0.52616867267065
0.565892601632868
0.551994781584057
0.592493056140057
0.60264708357883
0.617921892096632
0.534437336924498
0.642724518138209
0.599310664085522
0.566023903711823
0.615487753556096
0.559064893527477
0.569124652807005
0.573955895968368
0.549941082400466
0.592038548943691
0.54796481777629
0.632355020621162
0.626123221951019
0.58008332631934
0.5637379008501
0.591610975507109
0.613245518054043
0.5775380860197
0.577834357377327
0.599677636562575
0.561613500547111
0.613716858850268
0.511624442387017
0.600627051594984
0.558442050332474
0.564401144684808
0.620753303593972
0.571205285750352
0.534083831327337
0.532373537581009
0.574423870044626
0.521913138624711
0.565626630754991
0.521758269505938
0.575117414359056
0.539807255281545
0.607515360659875
0.543211009174314
0.603320427573436
0.561128692870966
0.562573015739417
0.561610133827116
0.542423196700611
0.561559633027542
0.565640097634883
0.587203939062363
0.579234912886136
0.579689420082502
0.5152369329181
0.541100075751217
0.522243077182054
0.578450467132399
0.544726033162192
0.552415621580678
0.528764413769892
0.567754397777975
0.522280111101765
0.568666778890673
0.527781331537767
0.552395421260854
0.60480851780153
0.50471929972224
0.599472266644227
0.556664422186685
0.527020452823848
0.563411329012723
0.539160845046723
0.511621075667051
0.559112027607114
0.525071121959428
0.578699604410417
0.571996464944021
0.58314030805488
0.574817776281463
0.502137025502918
0.613477821732175
0.58008332631934
0.56727632354179
0.525427994276583
0.53311758269507
0.573195017254449
0.542887804056903
0.523391128692879
0.481509132227927
0.503978621328173
0.506015486911878
0.553122632775029
0.475593805235263
0.560074909519415
0.565741099234089
0.465776449793793
0.551371938389025
0.520384647756941
0.544355693965173
0.533666358050681
0.528141570574888
0.510338355357305
0.527724097298204
0.529548859523629
0.492201834862385
0.562640350138878
0.524481945964141
0.517792273377665
0.512142917262878
0.533807760289534
0.548631428330964
0.517347866341225
0.546045787391648
0.543029206295785
0.501517549027881
0.53049827455601
0.526444743708453
0.537891591616869
0.515172965238634
0.545635047554924
0.564013971887903
0.529050584967592
0.530481440956152
0.560364447437081
0.5152369329181
0.547372275061036
0.503749684370007
0.567505260499956
0.511711977106302
0.536322700109423
0.533949162528415
0.552910529416721
0.527522094099822
0.524253009005974
0.522509048059931
0.540696069354425
0.493060348455515
0.503948320848423
0.508776197289791
0.511621075667051
0.514644390202847
0.525582863395357
0.505901018432809
0.483451729652387
0.546382459388951
0.512809527817524
0.503978621328173
0.497999326656014
0.496770473865837
0.524481945964141
0.499898156720832
0.513846477569246
0.498649103610802
0.511866846225075
0.497359649861124
0.524481945964141
0.504099823247202
0.499541284403676
0.506187189630509
0.494760542041917
0.5289765171282
0.492895379176844
0.509183570406549
0.508601127851193
0.570124568639017
0.563468563252258
0.505227674438174
0.52480515108158
0.503396178772846
0.527185422102519
0.487660129618718
0.485535729315728
0.543685716690533
0.513176500294605
0.495184748758533
0.478930224728572
0.47521336587829
0.528010268495933
0.508143253934861
0.535245349718053
0.529447857924424
0.521014224391905
0.508806497769569
0.505513845635903
0.506796565945621
0.504820301321445
0.492656342058751
0.467658446258753
0.482024240383822
0.460231461998148
0.489952865920372
0.514954128440365
0.492488006060114
0.521014224391905
0.473886878208901
0.517883174816944
0.498824173049428
0.471388771988899
0.501251578150004
0.484892685800872
0.473429004292569
0.525151923238781
0.497235081222129
0.481266728389869
0.501766686305871
0.52467048228263
0.480751620234003
0.508065819375474
0.487926100496594
0.492895379176844
0.483451729652387
0.523849002609211
0.458231630334154
0.502244760542055
0.504002188367991
0.503396178772846
0.485535729315728
0.492201834862385
0.47652975338778
0.44702381954383
0.544022388687836
0.475065230199476
0.488195438094436
0.494285834525726
0.494629239962961
0.484135173806919
0.536511236427913
0.471924080464618
0.525034088039746
0.507910950256729
0.487687063378502
0.511654742866767
0.467177005302602
0.494753808601985
0.525411160676725
0.465981819712141
0.472307886541557
0.459824088881419
0.481707768706343
0.488804814409576
0.46738237522095
0.460642201834872
0.474684790842531
0.448683612490527
0.481620233987059
0.469695311842457
0.481091658951271
0.454528238363793
0.489326656005403
0.494501304604
0.473708442050338
0.490141402238862
0.496810874505513
0.473654574530769
0.475371601717029
0.500813904553496
0.47917262856663
0.473429004292569
0.498608702971126
0.478910024408719
0.451302920629587
0.515664506354682
0.463894453328862
0.456578570827389
0.474560222203536
0.514136015486912
0.476294082989654
0.473698341890412
0.514802626041586
0.445862301153113
0.468345257133251
0.445387593636895
0.484189041326488
0.459692786802464
0.514098981567201
0.477980809696163
0.495777291473786
0.477075162023397
0.480233145358142
0.4751897988385
0.487283056981738
0.536319333389457
0.428958000168336
0.463342311253257
0.463544314451639
0.479953707600373
0.434597256123226
0.46938557360491
0.464359060685126
0.486875683865009
0.478805656089548
0.457379850180956
0.470786129113719
0.472260752461921
0.430644726874846
0.496790674185689
0.476725023146201
0.463278343573791
0.471610975507133
0.476432118508541
0.443758101169948
0.461379513508973
0.466729231546168
0.445387593636895
0.473462671492314
0.428587660971317
0.476512919787893
0.441536065987719
0.456087029711313
0.448683612490527
0.458952108408397
0.494760542041917
0.444825351401391
0.457548186179622
0.476546586987638
0.423544314451647
0.469207137446347
0.48245518054037
0.429897315040819
0.460736469994117
0.44708442050333
0.445303425637576
0.466439693628502
0.479105294167169
0.44753556097973
0.50956737648346
0.461568049827463
0.473822910529435
0.476607187947138
0.462271694301847
0.429446174564447
0.494524871643819
0.439064893527501
0.478263614173898
0.420019358639848
0.458608702971134
0.474428920124581
0.44351569733189
0.437159330022723
0.450387172796923
0.449707095362356
0.44484891844121
0.440505849675958
0.430099318239201
0.438751788569988
0.476485986028109
0.446481777628151
0.444492046124083
0.466055887551562
0.436516286507867
0.411962797744309
0.457470751620235
0.443340627893292
0.463470246612246
0.459945290800448
0.438681087450561
0.445256291557968
0.470230620318176
0.435391802036861
0.425803383553585
0.466129955390954
0.467739247538105
0.458736638330123
0.458625536570992
0.437778806497789
0.410279437757765
0.464153690766778
0.446916084504664
0.463864152849084
0.403946637488446
0.459999158320016
0.455393485396854
0.428867098729057
0.428075919535388
0.455511320595917
0.408599444491216
0.493171450214646
0.42825435569398
0.464348960525228
0.451525124147793
0.473166400134687
0.446778048985777
0.445387593636895
0.445653564514771
0.40706085346352
0.420143927278843
0.435603905395169
0.445155289958763
0.425624947394994
0.435940577392472
0.439135594646928
0.423392812052867
0.445845467553255
0.441536065987719
0.425594646915243
0.443121791095024
0.432994697416063
0.432695059338442
0.40884521504924
0.412525039979812
0.435186432118513
0.439391465364878
0.426436326908515
0.443680666610561
0.463564514771491
0.44709115394329
0.42131217910952
0.40486238532111
0.43086019695312
0.419497517044022
0.413976096288195
0.474459220604331
0.44444154532448
0.428190388014485
0.419975591280206
0.426382459388947
0.435425469236606
0.424934769800529
0.415962461072297
0.437967342816279
0.456800774345595
0.42888729904891
0.432567123979481
0.429328339365384
0.444882585640954
0.415164548438696
0.467836882417316
0.429358639845134
0.421601717027187
0.417046544903627
0.433671408130635
0.431678309906573
0.452801111017607
0.422601632859198
0.429166736806678
0.4383275818534
0.427974917936211
0.400738153354098
0.41620823163035
0.431870212945057
0.418133995454923
0.42604915411161
0.427183738742542
0.404933086440536
0.450730578234158
0.398246780574027
0.433681508290562
0.427102937463189
0.406155205790753
0.41802962713578
0.413127682854991
0.421285245349736
0.412144600622838
0.425116572679087
0.421369413349055
0.403280026933771
0.407821732177439
0.413996296608047
0.405168756838663
0.419847655921217
0.418975675448195
0.423978621328189
0.418150829054809
0.447996801616029
0.414181466206543
0.433745475970056
0.423722750610239
0.432567123979481
0.372652975338781
0.461786886625703
0.449276155205808
0.415430519316573
0.432577224139379
0.403781668209746
0.409949499200422
0.422150492382798
0.410218836798265
0.417363016581106
0.388564093931507
0.411673259826614
0.437593636899265
0.432412254860708
0.41512414779902
0.420261762477907
0.405427994276579
0.408501809612005
0.400990657352082
0.402795219257655
0.423793451729665
0.410299638077618
0.406468310748267
0.404737816682115
0.421325645989413
0.430466290716282
0.437910108576716
0.375171281878636
0.403811968689524
0.407208989142333
0.420325730157401
0.404875852201002
0.400512583115898
0.383891086608884
0.405892601632871
0.404717616362262
0.417868024577075
0.394078781247373
0.410669977274637
0.409333389445351
0.407326824341396
0.3865373285077
0.446360575709122
0.373908761888742
0.453117582695057
0.378851106809208
0.409835030721325
0.405283225317731
0.419817355441467
0.410397272956828
0.423914653648694
0.413639424290892
0.400411581516721
0.394260584125931
0.408377240972982
0.397418567460647
0.419497517044022
0.411959431024343
0.392415621580682
0.423207642454344
0.409464691524278
0.417305782341572
0.408474875852221
0.414669640602654
0.423281710293764
0.411370255029055
0.414097298207224
0.397341132901289
0.385800016833599
0.40926605504589
0.382685800858525
0.406505344667977
0.405636730914921
0.4129492466964
0.393398703812807
0.419618718963051
0.40929635552564
0.40180540358557
0.368693712650469
0.401741435906075
0.385291642117664
0.41712734618298
0.377187947142517
0.39530763403755
0.400371180877045
0.41098308223215
0.403310327413521
0.363091490615261
0.366815082905475
0.373908761888742
0.414878377240967
0.406273040989817
0.414201666526395
0.39703139466377
0.394142748926868
0.40167746822658
0.394708357882337
0.411892096624882
0.381214544230289
0.403643632690859
0.403128524534992
0.39084336335327
0.389190303846476
0.414050164127616
0.384914569480685
0.379682686642553
0.404727716522189
0.412329770221362
0.430540358555675
0.397428667620574
0.41779732345762
0.396856325225144
0.378329265213381
0.406451477148408
0.404125073647009
0.403653732850785
0.377676121538599
0.378329265213381
0.394358219005142
0.388267822573852
0.37580759195356
0.372286002861728
0.409255954885964
0.399364531605102
0.391907246864747
0.380271862637841
0.38570911539432
0.394674690682621
0.384012288527913
0.382911371096725
0.378672670650616
0.384830401481366
0.410356872317152
0.374932244760544
0.370107735039142
0.40224307718205
0.393062031815504
0.37672670650619
0.403936537328519
0.378197963134426
0.38651376146791
0.407589428499278
0.375016412759862
0.370202003198386
0.408582610891358
0.359872906321016
0.360596751115224
0.400458715596329
0.405353926437186
0.372380271020972
0.401475465028199
0.375332884437341
0.388442892012478
0.373908761888742
0.37978368824173
0.381430014308563
0.407623095699023
0.409188620486503
0.356863058665112
0.38826108913392
0.385291642117664
0.366198973150404
0.397708105378342
0.39634795050921
0.35021715343828
0.363091490615261
0.366599612827201
0.371969531184249
0.383584715091331
0.360000841680005
0.392008248463952
0.360596751115224
0.387698846898417
0.368676879050582
0.388527060011796
0.363374295093024
0.369097719047232
0.38046039895633
0.370121201919034
0.381658951266729
0.378100328255215
0.351503240467991
0.386783099065752
0.365182223718563
0.337918525376665
0.405195690598447
0.362101674943204
0.357485901860116
0.356546586987633
0.40556939651546
0.373804393569571
0.372932413096549
0.38039306455687
0.353550206211594
0.370259237437921
0.375746990994031
0.377137446342914
0.359209662486336
0.370013466879897
0.361744802626049
0.381382880228955
0.370942681592453
0.342578065819396
0.397994276576043
0.373885194848924
0.390957831832338
0.380568133995467
0.351388771988894
0.389725612322195
0.354543388603673
0.371949330864425
0.367185422102523
0.373282551973745
0.36226327750191
0.372201834862381
0.385247874758022
0.359687736722492
0.363660466290725
0.350398956316809
0.396283982829743
0.345177173638604
0.384227758606187
0.365727632354179
0.362266644221876
0.371693460146446
0.355583705075333
0.351004965911955
0.331030216311774
0.39485649356115
0.33731251578152
0.371067250231476
0.356755323625976
0.365364026597092
0.390092584799277
0.35569144011447
0.33364615773084
0.367040653143675
0.360522683275832
0.368936116488527
0.374036697247703
0.347991751536085
0.3686398451309
0.373420587492632
0.345086272199325
0.39371180877032
0.33256880733947
0.359088460567307
0.376221698510221
0.33698931066408
0.38780994865752
0.335824425553426
0.387001935863992
0.363741267570077
0.38217069270263
0.339106977527138
0.347352074741195
0.352856661897164
0.362717784698276
0.355462503156303
0.387203939062374
0.35244592206044
0.360788654153708
0.359957074320363
0.354997895800011
0.354304351485581
0.35789664169684
0.355230199478171
0.335137614678899
0.344463429004293
0.335794125073647
0.353179867014575
0.355152764918785
0.340063125999507
0.367791431697668
0.357203097382381
0.332390371180878
0.346288191229689
0.349978116320187
0.382958505176333
0.334046797407638
0.35199478158404
0.361010857671914
0.327515360659874
0.332020031983859
0.347278006901774
0.34355441461156
0.343160508374723
0.367037286423709
0.334289201245696
0.317405100580771
0.358546418651628
0.359960441040329
0.339049743287603
0.350213786718285
0.376464102348308
0.34281710293746
0.334726874842204
0.355438936116485
0.354465954044286
0.33256880733947
0.360226411918205
0.352392054540871
0.330420839996634
0.364653648682776
0.34438262772494
0.354018180287852
0.332020031983859
0.339069943607456
0.337144179782854
0.341211177510331
0.350001683360006
0.360303846477564
0.359125494487017
0.343891086608892
0.347715680498283
0.333784193249727
0.349617877283066
0.335137614678899
0.33782425721742
0.350405689756769
0.339803888561562
0.352456022220366
0.321249894790014
0.34980304688159
0.314368319165055
0.329663328002709
0.322862553657103
0.353048564935619
0.329548859523612
0.323283393653753
0.334329601885372
0.34355441461156
0.332020031983859
0.343157141654757
0.353149566534825
0.340760037033931
0.337972392896233
0.322822153017427
0.349809780321522
0.326468310748254
0.323101590775195
0.344625031562998
0.322411413180703
0.32379850180962
0.341251578150008
0.337063378503501
0.333124316135013
0.33192239710462
0.336026428751808
0.343197542294433
0.33122211935023
0.336379934348969
0.322266644221884
0.350654827034759
0.337793956737642
0.32730662402156
0.344089723087279
0.355550037875616
0.337615520579078
0.332881912296955
0.345631680834941
0.348368824173065
0.350398956316809
0.334794209241664
0.337423617540622
0.328548943691629
0.337171113542638
0.331757427825949
0.308641528490881
0.322266644221884
0.326037370591706
0.331269253429866
0.320350980557208
0.313550206211602
0.325579496675374
0.330316471677463
0.343544314451663
0.328094436495263
0.322822153017427
0.314368319165055
0.328649945290806
0.334794209241664
0.332020031983859
0.316916926184661
0.331060516791524
0.324003871727967
0.335908593552745
0.327384058580947
0.319108660887139
0.331302920629582
0.337615520579078
0.32730662402156
0.327586061779328
0.308786297449728
0.333622590691022
0.329292988805662
0.31442555340459
0.332615941419078
0.332424038380623
0.347267906741877
0.326747748506023
0.322209409982321
0.324616614763073
0.345672081474618
0.329548859523612
0.324545913643647
0.332003198383973
0.331265886709872
0.340083326319331
0.319377998484981
0.330387172796918
0.326488511068106
0.325232724518145
0.34457116404343
0.307543977779659
0.345183907078535
0.346271357629831
0.328946216648433
0.295810958673513
0.320350980557208
0.317152596582787
0.325145189798832
0.322411413180703
0.310877030553002
0.34833515697332
0.320899755912819
0.327175321942605
0.327387425300913
0.327010352663933
0.324515613163896
0.313718542210268
0.321781836545739
0.336161097550729
0.303258143253942
0.31838481609293
0.325481861796163
0.327138288022894
0.316452318828397
0.321687568386494
0.312944196616456
0.326582779227351
0.311472939988221
0.313721908930233
0.322041073983684
0.323583031731346
0.322573015739437
0.319334231125339
0.307745980978041
0.31051679151588
0.335087113879297
0.323626799090988
0.310823163033433
0.327161855062712
0.317011194343905
0.318536318491709
0.314331285245345
0.326959851864331
0.323508963891925
0.351516707347884
0.318061610975519
0.317219930982247
0.302392896220852
0.333120949415047
0.310210419998327
0.310914064472684
0.340386331116918
0.311907246864763
0.319936874000518
0.316314283309481
0.307523777459807
0.325182223718542
0.31373200909016
0.316549953707607
0.304894369160849
0.302433296860528
0.309439441124482
0.323519064051851
0.301440114468477
0.307594478579261
0.326501977947999
0.318512751451891
0.304682265802541
0.318519484891851
0.311954380944371
0.307163538422685
0.311382038548942
0.316916926184661
0.320340880397282
0.313718542210268
0.307119771063043
0.316078612911383
0.307352074741203
0.315179698678577
0.322566282299476
0.311038633111707
0.31357377325142
0.327680329938573
0.313920545408649
0.293366719973079
0.314795892601637
0.315937210672502
0.318896557528831
0.318401649692788
0.327676963218579
0.304577897483398
0.312664758858688
0.316209914990338
0.296487669388114
0.316465785708289
0.337137446342894
0.292777543977792
0.310563925595488
0.30242319670063
0.309803046881569
0.325347192997242
0.303668883090666
0.296602137867183
0.30808601969531
0.313058665095525
0.319819038801455
0.297009510983941
0.299925090480599
0.305160340038725
0.318300648093611
0.303386078612931
0.307119771063043
0.306954801784372
0.317347866341237
0.303029206295776
0.293844794209235
0.306109755071134
0.303140308054878
0.295952360912395
0.301039474791679
0.318596919451238
0.311190135510486
0.305052604999588
0.308698762730415
0.326404343068759
0.291188452150493
0.310553825435591
0.296356367309158
0.307301573941601
0.319741604242068
0.296012961871895
0.305183907078543
0.297756922817939
0.307745980978041
0.307267906741856
0.309439441124482
0.307675279858614
0.318085178015338
0.310395589596851
0.287865499537077
0.311190135510486
0.313816177089478
0.306715764666279
0.310900597592791
0.297622254019018
0.291114384311101
0.3068504334652
0.312560390539517
0.307136604662901
0.293548522851609
0.313109165895128
0.306968268664264
0.291424122548619
0.313876778049007
0.296188031310493
0.282879387256969
0.308591027691278
0.288242572174056
0.303938220688508
0.294457537244341
0.301217910950271
0.302971972056241
0.306961535224303
0.289781163201752
0.307584378419335
0.29261257469912
0.299925090480599
0.297410150660738
0.297113879303083
0.314782425721745
0.303699183570416
0.295955727632361
0.288252672333982
0.307079370423367
0.296336166989306
0.286444743708444
0.28683864994531
0.319303930645589
0.297578486659376
0.308715596330273
0.298544735291642
0.313058665095525
0.296659372106745
0.294851443481207
0.304577897483398
0.293535055971716
0.297689588418478
0.310701961114404
0.283283393653733
0.300786970793723
0.307550711219591
0.301935022304519
0.30155794966754
0.282108408383152
0.302170692702646
0.30292820469657
0.285976769632185
0.315573604915414
0.291525124147796
0.300554667115563
0.310348455517214
0.309335072805339
0.296470835788227
0.293083915495345
0.29261257469912
0.294083831327328
0.295548354515631
0.28993266560056
0.293450887972398
0.285067755239453
0.304429761804556
0.294009763487935
0.29847066745225
0.276799090985605
0.298090228095276
0.286501977947978
0.290457873916353
0.284798417641611
0.296285666189732
0.302645400218836
0.285976769632185
0.291164885110675
0.288252672333982
0.301500715428006
0.300393064556857
0.310176752798583
0.275721740594236
0.278132312094954
0.285704065314377
0.297103779143185
0.284074572847402
0.291020116151856
0.298753471929984
0.294905311000775
0.302746401818041
0.301632017506961
0.291605925427149
0.285629997474956
0.292932413096537
0.29196616446427
0.283283393653733
0.294969278680242
0.30442639508459
0.285774766433804
0.289936032320526
0.283266560053875
0.275358134837148
0.288784614089735
0.298410066492721
0.315284066997748
0.268264455853881
0.306116488511066
0.271900513424811
0.305140139718873
0.293346519653227
0.283104957495169
0.282603316219195
0.269904048480782
0.280367814157074
0.295716690514269
0.285387593636898
0.285970036192253
0.291912296944702
0.283051089975601
0.289154953286754
0.283764834609883
0.290781079033763
0.292424038380602
0.283704233650383
0.284074572847402
0.284485312684126
0.301470414948255
0.272853295177185
0.291370255029051
0.2929896473361
0.28078528743373
0.27921976264625
0.288380607692972
0.279441966164484
0.260679235754566
0.285037454759703
0.281657267906752
0.268264455853881
0.286020536991856
0.287619728979053
0.287798165137616
0.28043178183654
0.291073983671424
0.291363521589091
0.28406110596751
0.286256207389954
0.280583284235348
0.296955643464372
0.298053194175594
0.286501977947978
0.283283393653733
0.290309738237539
0.271011699351902
0.281054625031572
0.272853295177185
0.287235922902113
0.289808096961536
0.277337766181319
0.294827876441389
0.267251073142006
0.299447016244443
0.272344920461251
0.293070448615453
0.296090396431282
0.273142833094852
0.268516959851866
0.2854380944365
0.2790244928878
0.276839491625282
0.267591111859275
0.284828718121389
0.286411076508728
0.267207305782335
0.300170861038652
0.290363605757108
0.26265550037877
0.276762057065923
0.271900513424811
0.272573857419417
0.287902533456787
0.27534130123729
0.254713407962299
0.285320259237437
0.261423280868627
0.282943354936464
0.274146115646829
0.279866172881071
0.283347361333227
0.271557107987547
0.274880060600964
0.281781836545747
0.284798417641611
0.273280868613767
0.28973066240215
0.266705664506361
0.289922565440634
0.283283393653733
0.283283393653733
0.271900513424811
0.279330864405352
0.283306960693551
0.279112027607113
0.284906152680747
0.285118256039056
0.282135342142936
0.284852285161179
0.279913306960708
0.279987374800101
0.271749011026003
0.266082821311358
0.256245265550035
0.275735207474128
0.260672502314634
0.272341553741285
0.265325309317404
0.271900513424811
0.261207810790353
0.262675700698594
0.292602474539194
0.274960861880317
0.26721067250233
0.271281036949773
0.26832505681341
0.272641191818877
0.262965238616289
0.284387677804915
0.272624358219019
0.276250315629994
0.263072973655426
0.281650534466792
0.274651123642798
0.263116741015068
0.280196111438443
0.27967090312265
0.267079370423374
0.274832926521356
0.257272115141831
0.279021126167834
0.26306960693546
0.280044609039663
0.278243413854057
0.274462587324308
0.272469489100246
0.272681592458554
0.264951603400391
0.291632859186933
0.261106809191148
0.271119434391039
0.278546418651644
0.280526049995785
0.274139382206897
0.283337261173301
0.260797070953629
0.285707432034343
0.259790421681686
0.267446342900428
0.26462839828298
0.279936874000526
0.25526218331791
0.263641949330861
0.271765844625889
0.270308054877546
0.264197458126432
0.254380102684962
0.26462839828298
0.254265634205893
0.267086103863306
0.263621749011037
0.264651965322798
0.252663075498702
0.268641528490889
0.262988805656107
0.27469489100244
0.260736469994129
0.256767107145862
0.267574278259417
0.266948068344419
0.259416715764672
0.264173891086614
0.264436495244524
0.267069270263448
0.247794798417658
0.260019358639852
0.278670987290639
0.267035603063732
0.261988889824096
0.278704654490383
0.268193754734455
0.261049574951613
0.258184496254529
0.256807507785538
0.266705664506361
0.274748758522009
0.272210251662329
0.260285329517728
0.266082821311358
0.266769632185856
0.261123642791006
0.259558118003554
0.272886962376901
0.258692870970464
0.275381701876967
0.251451056308412
0.257046544903631
0.26915326992679
0.276553320427581
0.265069438599454
0.247158488342734
0.267607945459133
0.263214375894279
0.264742866762077
0.259231546166149
0.260726369834202
0.272550290379598
0.237374800101009
0.275546671155638
0.25130292062957
0.25895210840838
0.25911707768708
0.26376988468985
0.257514518979889
0.256810874505533
0.264315293325495
0.252080632943375
0.261106809191148
0.270533625115746
0.262285161181723
0.2530637151755
0.260797070953629
0.249383890244928
0.26182728726539
0.247208989142337
0.270479757596178
0.260632101674958
0.256834441545323
0.265934685632516
0.244155374126763
0.270260920797909
0.260887972392908
0.256767107145862
0.26526807507787
0.255582021715355
0.253669724770646
0.263948320848414
0.250592542715253
0.259504250483985
0.25832589849341
0.256817607945464
0.268197121454421
0.262820469657441
0.252124400303018
0.258564935611474
0.260285329517728
0.264109923407119
0.257740089218089
0.257033078023738
0.256181297870569
0.262450130460394
0.24757596161939
0.250592542715253
0.257150913222802
0.24582863395338
0.26074320343406
0.236388351148889
0.250898914232806
0.248993350728057
0.257150913222802
0.252326403501399
0.251323120949422
0.244889319080897
0.247330191061366
0.248976517128199
0.251087450551296
0.263413012372695
0.249235754566115
0.249383890244928
0.245071121959427
0.258497601212014
0.25870297113039
0.254757175321942
0.260867772073055
0.251259153269928
0.256326066829388
0.245017254439858
0.251575624947407
0.262621833179026
0.249003450887983
0.250138035518916
0.254831243161362
0.25220520158237
0.256592037707264
0.240953623432375
0.256184664590535
0.246471677468236
0.255494486996042
0.257140813062875
0.257272115141831
0.253848160929209
0.254521504923844
0.258298964733626
0.246828549785391
0.257093678983267
0.247777964817772
0.267621412339025
0.262291894621683
0.250101001599205
0.256817607945464
0.230621159835039
0.253450887972406
0.246714081306294
0.244249642286007
0.244885952360931
0.244926353000608
0.260770137193845
0.2395497012036
0.265557612995536
0.261766686305862
0.244983587240142
0.249649861122805
0.23993350728054
0.245071121959427
0.254477737564173
0.244155374126763
0.247852032657192
0.250299638077621
0.26571248211431
0.242185842942519
0.239340964565287
0.254760542041936
0.246673680666618
0.246306708189564
0.241839070785289
0.25592542715259
0.252494739500037
0.244889319080897
0.25130292062957
0.25130292062957
0.254343068765252
0.249218920966257
0.231887046544898
0.238529585051765
0.251834862385323
0.253632690850935
0.259245013046041
0.245411160676724
0.247158488342734
0.255258816597944
0.254679740762583
0.244879218920971
0.253720225570248
0.247569228179458
0.237536402659714
0.232227085262195
0.246044104031654
0.245778133153777
0.260948573352408
0.244397777964821
0.269089302247295
0.244922986280613
0.237179530342559
0.253151249894785
0.237075162023416
0.24736385826111
0.23930056392561
0.24143169766856
0.249966332800284
0.241929972224568
0.24232051174144
0.23751620233989
0.234573689083419
0.234745391802051
0.240812221193522
0.245071121959427
0.247798165137624
0.247707263698345
0.23254019021968
0.245407793956758
0.243195858934428
0.253545156131651
0.242748085178022
0.236812557865505
0.244155374126763
0.23996380776029
0.231974581264211
0.250592542715253
0.236593721067266
0.233078865415365
0.24914821984683
0.250235670398126
0.237233397862127
0.244162107566723
0.233984513088132
0.235290800437667
0.247027186263779
0.236990994024069
0.244997054120034
0.239869539601045
0.253232051174138
0.236496086188026
0.240751620233993
0.242195943102445
0.247037286423705
0.239374631765003
0.237883174816943
0.255124147799023
0.234462587324316
0.245673764834606
0.240542883595651
0.246367309149065
0.230917431192665
0.238112111775109
0.230782762393744
0.240162444238706
0.245350559717195
0.233748842690005
0.231233902870144
0.245202424038382
0.23617624779061
0.24235754566115
0.239297197205616
0.241552899587589
0.252780910697766
0.233853211009176
0.230089218079286
0.235304267317559
0.231624442387016
0.233637740930902
0.238347782173236
0.22250399797997
0.237741772578062
0.248680245770572
0.23753976937968
0.240795387593636
0.231648009426834
0.238240047134099
0.237812473697517
0.23442218668464
0.237583536739351
0.235048396599609
0.237270431781837
0.236903459304784
0.235583705075328
0.235842942513273
0.233735375810113
0.23333810285331
0.233829643969358
0.233304435653565
0.245619897315038
0.24888561568892
0.243040989815682
0.233277501893781
0.233183233734536
0.239741604242084
0.241603400387191
0.234785792441727
0.231974581264211
0.237233397862127
0.227180372022559
0.231701876946403
0.2285270600118
0.238165979294678
0.235654406194783
0.230129618718962
0.240044609039643
0.226975002104211
0.23442218668464
0.235048396599609
0.235024829559819
0.229917515360654
0.233233734534139
0.235199898998417
0.222123558623025
0.246714081306294
0.239657436242737
0.235502903795975
0.22466543220267
0.232392054540867
0.232533456779748
0.231698510226408
0.238556518811549
0.230651460314789
0.242717784698272
0.233381870212952
0.229594310243243
0.230271020957844
0.229079202087377
0.234913727800688
0.233176500294604
0.235513003955901
0.230069017759462
0.235297533877628
0.239024492887808
0.233068765255467
0.239394832084855
0.229604410403169
0.230863563673097
0.227863816177091
0.235923743792625
0.233728642370181
0.229254271525974
0.239054793367558
0.235233566198133
0.236940493224495
0.231068933591445
0.222638666778892
0.222328928541373
0.227527144179788
0.231624442387016
0.230089218079286
0.239721403922232
0.222015823583888
0.231358471509139
0.233792610049676
0.216810874505512
0.238394916252844
0.244020705327841
0.223968521168246
0.227304940661554
0.224759700361943
0.228917599528671
0.232755660297954
0.232974497096222
0.225665348034681
0.234843026681261
0.219689420082489
0.225180540358565
0.222638666778892
0.230129618718962
0.236997727464029
0.226065987711479
0.231287770389713
0.234358219005145
0.228382291052952
0.228163454254712
0.221669051426659
0.240138877198888
0.22728474034173
0.225288275397702
0.232408888140725
0.230082484639354
0.227453076340396
0.233893611648853
0.229594310243243
0.234762225401909
0.227365541621083
0.227809948657523
0.233132732934934
0.226695564346443
0.23009258479928
0.228213955054287
0.225271441797844
0.228910866088711
0.235768874673852
0.230489857756083
0.22030552983756
0.221467048228277
0.233583873411334
0.22702886962378
0.217275481861805
0.221295345509645
0.230264287517883
0.231008332631944
0.214827876441376
0.225039138119683
0.228415958252668
0.231496507028027
0.225890918272881
0.225847150913239
0.218958841848348
0.22773588081813
0.234607356283135
0.23101169935191
0.231799511825614
0.22332547765339
0.228210588334321
0.225682181634539
0.227345341301231
0.231688410066511
0.224655332042772
0.225473444996226
0.227554077939573
0.220665768874682
0.218086861375326
0.228850265129211
0.22613332211094
0.234166315966689
0.212757343657955
0.22466543220267
0.222591532699283
0.221520915747845
0.221150576550798
0.228156720814752
0.22989058160087
0.218171029374645
0.220002525039973
0.2206893359145
0.228806497769568
0.225917852032666
0.227294840501656
0.22839912465281
0.211962797744292
0.234462587324316
0.220807171113563
0.217019611143854
0.228486659372123
0.229914148640688
0.227870549617052
0.224712566282307
0.227395842100833
0.225426310916589
0.224722666442233
0.221978789664178
0.218319165053458
0.221695985186443
0.226476727548203
0.2235880818113
0.217154279942775
0.229388940324895
0.220450298796408
0.228931066408563
0.216952276744394
0.225480178436158
0.217164380102702
0.223779984849756
0.213858261089143
0.227469909940254
0.206747748506018
0.223463513172305
0.214615773083068
0.222463597340294
0.224423028364612
0.217729989058171
0.225264708357884
0.218773672249824
0.227995118256047
0.215396852116839
0.219881323120944
0.220618634795045
0.221123642791014
0.216807507785546
0.223221109334247
0.220271862637844
0.209400723844794
0.227749347698023
0.225066071879468
0.212003198383968
0.213127682854974
0.231745644306045
0.217894958336842
0.232998064136012
0.217201414022384
0.234674690682596
0.219177678646588
0.214167999326662
0.223059506775542
0.212757343657955
0.225958252672342
0.21874673849004
0.216491036108067
0.219618718963062
0.211962797744292
0.216841174985291
0.209542126083676
0.214955811800365
0.220288696237702
0.212568807339466
0.219426815924606
0.215396852116839
0.215693123474466
0.213053615015582
0.220854305193171
0.214797575961626
0.224318660045469
0.217679488258568
0.230324888477412
0.204842185001269
0.22349044693209
0.221514182307885
0.211107650871156
0.218554835451556
0.206387509468897
0.209074152007418
0.217214880902276
0.2235880818113
0.214275734365799
0.212875178857018
0.221716185506267
0.220116993519071
0.229348539685219
0.206421176668641
0.215161181718713
0.214504671323965
0.220962040232308
0.210377072636987
0.221416547428674
0.222982072216155
0.21395926268832
0.221217910950259
0.206236007070117
0.218100328255218
0.219941924080473
0.220618634795045
0.21683444154533
0.221046208231627
0.208144937294861
0.212003198383968
0.206747748506018
0.222934938136518
0.201788569985695
0.212360070701124
0.212757343657955
0.213127682854974
0.212306203181555
0.208188704654503
0.218009426815939
0.207862132817098
0.209925932160587
0.210511741435909
0.205151923238788
0.222234660382128
0.21039727295684
0.204354010605186
0.220133827118929
0.205515528995875
0.212164800942702
0.216790674185688
0.215218415958248
0.215430519316556
0.213689925090478
0.214009763487923
0.217339449541299
0.208663412170694
0.211868529585047
0.206205706590367
0.211777628145796
0.21020873663835
0.2071753219426
0.212861711977126
0.210461240636306
0.20713828802289
0.206747748506018
0.216979210504178
0.212424038380618
0.21367309149062
0.204404511404761
0.210545408635653
0.215383385236947
0.213430687652561
0.214952445080399
0.216770473865836
0.212935779816519
0.213757259489938
0.218450467132413
0.206118171871054
0.214646073562847
0.213888561568893
0.205771399713825
0.200061442639509
0.206936284824508
0.211757427825944
0.208481609292164
0.216790674185688
0.202199309822419
0.211232219510151
0.212582274219358
0.210999915832019
0.204131807086952
0.207013719383895
0.212757343657955
0.203333894453323
0.20889908256882
0.203387761972891
0.211962797744292
0.209296355525623
0.208370507533033
0.210205369918356
0.199048059927634
0.217208147462344
0.202764918777888
0.204943186600474
0.216107230031156
0.206421176668641
0.209515192323892
0.207831832337348
0.207707263698353
0.206262940829902
0.20718205538256
0.207326824341379
0.208989984008099
0.209656594562745
0.210838313273314
0.214851443481194
0.209528659203784
0.20828970625368
0.206491877788068
0.211632859186949
0.206387509468897
0.210134668798929
0.211033583031735
0.208225738574214
0.204488679404108
0.200148977358822
0.206508711387926
0.205303425637567
0.213030047975764
0.201047891591628
0.204391044524868
0.213605757091159
0.209696995202421
0.199297197205624
0.19793704233652
0.204441545324471
0.206128272030981
0.199596835283245
0.206034003871736
0.214965911960292
0.193556939651558
0.206488511068102
0.19949583368404
0.208747580170041
0.2024013130208
0.212114300143099
0.209023651207815
0.205017254439866
0.198266980893862
0.208522009931841
0.206545745307636
0.201259994949936
0.203330527733357
0.206855483545155
0.19975843784195
0.205811800353501
0.207953034256377
0.202381112700948
0.204805151081558
0.21199309822407
0.20871054625033
0.203980304688173
0.1988258564094
0.20718205538256
0.206421176668641
0.199418399124653
0.203552731251591
0.207165221782674
0.210191903038464
0.200684285834541
0.207316724181482
0.207047386583639
0.201973739584218
0.19665768874674
0.214289201245691
0.206990152344076
0.206828549785371
0.207643296018858
0.203283393653749
0.200771820553825
0.20385573604915
0.202724518138211
0.19561737227508
0.20121959431026
0.19997727464019
0.204259742445942
0.199617035603069
0.200909856072741
0.205498695396017
0.201165726790691
0.197549869539614
0.204832084841343
0.206848750105223
0.196240215470084
0.201135426310913
0.200795387593644
0.204040905647673
0.202071374463429
0.198014476895878
0.205518895715869
0.193765676289871
0.196556687147563
0.20606093763152
0.198580085851376
0.204687315882495
0.205158656678748
0.19949583368404
0.203815335409473
0.210808012793535
0.203872569649036
0.199404932244761
0.201074825351412
0.207929467216559
0.198489184412097
0.205411160676732
0.204902785960797
0.195304267317567
0.196580254187353
0.201236427910118
0.199845972561235
0.203882669808934
0.200300479757601
0.214073731167417
0.192408888140733
0.206047470751628
0.201727969026194
0.207427825940584
0.199031226327747
0.192994697416054
0.214289201245691
0.195260499957925
0.196886625704906
0.20079875431361
0.194792525881667
0.200721319754223
0.200024408719798
0.197738405858104
0.198489184412097
0.19793704233652
0.196395084588858
0.195765507953894
0.193203434054368
0.196607187947137
0.205310159077527
0.202068007743463
0.198435316892528
0.196479252588176
0.195883343152929
0.198829223129366
0.194964228600298
0.205131722918964
0.194385152764937
0.198266980893862
0.208660045450728
0.190594226075262
0.191550374547603
0.206360575709112
0.201010857671918
0.201509132227926
0.200010941839906
0.197869707937059
0.192472855820228
0.196583620907347
0.19497096204023
0.203175658614612
0.193048564935623
0.208676879050586
0.184019021967856
0.205852200993178
0.197829307297383
0.198149145694828
0.202246443902027
0.19838144937296
0.195001262520009
0.188523693291813
0.201297028869618
0.200169177678646
0.204956653480366
0.188341890413284
0.195462503156307
0.199620402323035
0.192499789580012
0.193368403333068
0.188075919535407
0.197331032741346
0.196442218668466
0.195311000757528
0.196772157225837
0.18774261425807
0.196105546671163
0.187601212019189
0.191910613584724
0.191132901270947
0.193398703812818
0.192408888140733
0.19488006060098
0.194731924922138
0.198896557528826
0.198819122969468
0.192472855820228
0.19710882922314
0.197654237858785
0.194866593721088
0.193129366214976
0.197900008416809
0.196650955306808
0.196671155626632
0.191062200151521
0.203785034929723
0.185863984513105
0.194708357882348
0.198768622169865
0.197957242656344
0.193072131975441
0.193758942849939
0.192849928457207
0.196556687147563
0.196358050669147
0.193765676289871
0.194324551805408
0.196300816429613
0.193930645568571
0.196102179951197
0.187806581937565
0.185045871559652
0.199950340880406
0.192748926858002
0.198859523609144
0.200701119434399
0.191823078865411
0.196418651628647
0.189614510563104
0.192698426058428
0.185497012036024
0.184140223886885
0.199788738321701
0.194267317565874
0.186874000505014
0.190429256796563
0.192163117582709
0.191479673428177
0.188520326571847
0.197300732261596
0.184126757006993
0.193984513088139
0.19726706506188
0.189318239205448
0.196600454507205
0.193964312768287
0.199502567124
0.190008416799941
0.185924585472605
0.192092416463254
0.189907415200736
0.191685043346524
0.191759111185945
0.192849928457207
0.197802373537598
0.1830898072553
0.185429677636563
0.183009005975947
0.196193081390476
0.191668209746666
0.186055887551561
0.193378503492966
0.181857587745156
0.196209914990334
0.189089302247282
0.194731924922138
0.191668209746666
0.193765676289871
0.188644895210842
0.191577308307387
0.195755407793968
0.18537917683696
0.189860281121128
0.192422355020625
0.194560222203535
0.188409224812744
0.193270768453829
0.187466543220268
0.186749431866019
0.19296776365627
0.183359144853142
0.188277922733789
0.181184243750522
0.183961787728322
0.184625031563002
0.190587492635302
0.186163622590698
0.186820132985446
0.187594478579257
0.194890160760878
0.183682349970553
0.185621580675047
0.185880818112963
0.187611312179115
0.189594310243251
0.182840669977281
0.180645568554837
0.182965238616276
0.193802710209582
0.184742866762065
0.188452992172387
0.187170271862641
0.190695227674439
0.175130881238971
0.192499789580012
0.19054372527566
0.183328844373364
0.19665768874674
0.182615099739081
0.186678730746564
0.189574109923427
0.186449793788398
0.184995370760049
0.177921892096634
0.189705412002354
0.188136520494908
0.184409561484728
0.18464186516286
0.189412507364693
0.191671576466632
0.194620823163035
0.187224139382209
0.19099486575206
0.188291389613681
0.189695311842456
0.185052604999584
0.181827287265378
0.192445922060443
0.187409308980733
0.188351990573182
0.18484386836127
0.186254524029977
0.18535560979717
0.189335072805335
0.183739584210088
0.185887551552895
0.177804056897571
0.181413180708688
0.188372190893034
0.194812726201519
0.181685885026525
0.175932160592538
0.182746401818036
0.187944617456452
0.181803720225588
0.186803299385588
0.174134332126926
0.184763067081889
0.180928373032572
0.181665684706672
0.186453160508393
0.183147041494834
0.183638582610911
0.181662317986707
0.181692618466457
0.183918020368651
0.183904553488759
0.182507364699944
0.17499621244005
0.188543893611666
0.181440114468472
0.178490867772069
0.191419072468648
0.185002104199981
0.181827287265378
0.186678730746564
0.178140728894874
0.189634710882927
0.186301658109585
0.185224307718215
0.179218079286272
0.182800269337605
0.181598350307212
0.187069270263464
0.182359229021131
0.181857587745156
0.185167073478681
0.187446342900444
0.1776390876189
0.183992088208072
0.178615436411093
0.181914821984691
0.181992256544078
0.177568386499473
0.184365794125085
0.182301994781596
0.180605167915161
0.179096877367243
0.17639676794883
0.182887804056918
0.181568049827462
0.181759952865917
0.189506775523967
0.179433549364546
0.179507617203939
0.191203602390374
0.171966164464266
0.176689672586491
0.182281794461744
0.175208315798329
0.18140308054879
0.181588250147314
0.177982493056135
0.176312599949512
0.184093089807249
0.17575709115394
0.175511320595916
0.175881659792964
0.182345762141239
0.185143506438862
0.188597761131234
0.176709872906315
0.184924669640623
0.171764161265884
0.181709452066343
0.177049911623612
0.179218079286272
0.180928373032572
0.178127262014982
0.195395168756846
0.188028785455771
0.177800690177605
0.182500631260012
0.177033078023754
0.181345846309227
0.181645484386848
0.186264624189903
0.175679656594582
0.183806918609548
0.172703476138366
0.177248548102028
0.169070785287431
0.183588081811308
0.176551637067604
0.172467805740268
0.178484134332138
0.180127093679005
0.178793872569656
0.179527817523791
0.178467300732279
0.176996044104044
0.168181971214551
0.183460146452319
0.173642791010877
0.176794040905662
0.178022893695811
0.179723087282213
0.174901944280805
0.175225149398216
0.177595320259258
0.178884774008935
0.179002609207998
0.176275566029801
0.182463597340302
0.178012793535913
0.173625957410991
0.173026681255806
0.179800521841599
0.177881491456958
0.176985943944118
0.175363184917103
0.175043346519658
0.175487753556098
0.180228095278181
0.181662317986707
0.171515023987894
0.174349802205199
0.174373369245018
0.180520999915842
0.176861375305123
0.179558118003541
0.181325645989403
0.172780910697753
0.177140813062891
0.175218415958255
0.179076677047391
0.179231546166164
0.174875010521021
0.176255365709977
0.179117077687067
0.170548775355627
0.176433801868541
0.176639171786888
0.175194848918437
0.164613248043111
0.170542041915667
0.175723423954224
0.178197963134437
0.175703223634372
0.176076929551385
0.176538170187712
0.180595067755235
0.16954549280365
0.174861543641128
0.173026681255806
0.177097045703221
0.17326571837387
0.173275818533796
0.170966248632283
0.177938725696492
0.171016749431885
0.177093678983255
0.172743876778043
0.176925342984617
0.173040148135698
0.169070785287431
0.174760542041923
0.17072047807423
0.174471004124229
0.174107398367141
0.174181466206562
0.173511488931922
0.175858092753145
0.172612574699116
0.176905142664765
0.179601885363184
0.172003198383976
0.177884858176924
0.167801531857606
0.174747075162031
0.179891423280878
0.170579075835377
0.16938052352495
0.178224896894221
0.175750357714008
0.184365794125085
0.174595572763252
0.172131133742965
