6.14015460153652
5.60710080980336
5.21682455069146
5.42499400903296
5.79577946374227
5.64458948942761
6.01584359577728
5.48516599917319
5.86025224754194
5.50554951964864
5.96853784434705
10.6746670055914
13.1673422667869
9.78722648584199
5.75324397916385
5.66780922127177
5.4036682312795
13.2763373874864
10.1306132834413
11.5180715407887
14.6871013843259
5.6967637965184
5.41556480950803
5.62563436962577
6.10205631256583
5.30435406065595
11.5551751061993
11.4869441995931
5.28823008310391
11.0140582568107
5.8650315984969
11.585598526789
5.91523874385363
14.0225362501691
5.72478109185955
5.44124803629889
13.7233872775969
10.7977993047669
5.51815442652419
6.02679996639771
6.18379464057084
5.70835084702157
5.64539908360774
6.28174799152798
5.75619688864978
5.55991525276263
5.90943219113725
6.27238718143149
12.6959291547699
5.19655540569908
5.33883610113137
11.51992469793
5.46508442820077
5.53837314942069
11.186908835514
5.30079036065675
13.4455188875572
5.44407352872349
5.5969890575793
11.3347231134478
10.3493073472144
5.97075262109816
12.0617103558511
5.92600111326514
9.45440190016231
5.5715659803245
5.48866520958757
5.59388283528734
7.25711365849809
5.91332401441922
10.3411797248004
14.2579869467604
6.37535522402985
5.64739117444931
5.74250364498722
5.83538780856411
5.11532792155099
5.53846301948649
5.97612503256358
10.7343198073619
5.06268396903417
10.5272365494555
13.1533706503195
11.9800528266906
13.0726427118558
12.4490130686064
10.0647174470536
6.37930864884838
5.37766162791629
5.44669631824688
6.18872540446162
11.6384812601376
6.01283729438473
5.83099819915141
14.0576478328476
11.1953754262801
5.46524350340312
12.9299269244001
5.87751603132835
5.43841188149615
8.75493850770811
13.6799377781092
5.22754764682486
6.47434469455595
5.90766075548496
13.8821887806043
12.3558861378367
5.49903829221275
11.2629284247078
6.19946604541634
5.59896145489608
5.31278556862883
5.60974052722567
6.30604322124412
5.42289760101177
5.93742782024843
10.4913450303129
5.84205754577624
9.96044010448873
12.1414123973435
11.7993091521591
5.58774184545257
10.4956933172793
5.99297510655284
5.96699695085568
5.5055139802582
5.75762387146505
5.755300209091
5.25243429969047
5.87146634892256
12.5916381896941
14.1440707849063
5.12132778263521
13.9955199650289
13.7867802956531
11.8456268998916
13.235326224751
9.92662126131985
5.70282422188828
5.02895028960191
5.70706013665273
13.5181219647047
11.1380056335852
5.02148513885321
5.94206148594652
10.9176029126038
5.85034142493396
5.75801959763211
5.11437979353717
5.69895114628841
5.63604146215905
5.7942289875487
14.4662156419516
5.93711353560033
6.25899577544238
13.0830999410853
14.7148598641059
13.2357572145108
6.08735422643911
5.47921017344512
13.7462698617306
5.63417128772688
5.51104605721499
5.21454196536228
5.30469632452777
5.32585393825901
11.600202498546
5.47763918609654
5.95816180030392
5.88329370161972
5.60213622760656
10.4103281504477
5.8895367983556
5.83122837305117
6.13431859763856
5.79264110668405
5.70829906409285
5.06435685695982
5.62965826576335
10.2635587824943
6.32377723565066
10.8001070087192
5.82664366226404
5.55737517282677
11.2634468993913
5.26093338843431
14.3171890792849
6.07520142547174
5.71149243382611
6.15576546224815
10.4989131582901
5.67063270296429
6.1006099522198
5.6023179386385
10.150309559206
5.95728997763152
13.1107137002105
5.46510967715955
11.4130215642933
13.5839385261693
5.78366277812064
6.26366347477687
5.68003074379026
5.45461248949811
5.73783193936712
10.2566291694989
6.17996889649198
12.3217843638907
13.2207698881625
10.3248615546316
12.8744377283337
11.6351411480443
5.87739577153852
14.1942104735878
10.4747615678135
5.33993028484075
5.43406843476314
13.5302360580464
10.5675839410556
10.607026141713
5.87805628845092
5.94084199234561
11.3657480471493
11.3580958383029
10.2387721955412
5.82690697914824
6.1318800564478
5.69700086551906
10.0617701352526
6.35378361192681
5.48473053954033
5.86117272540105
5.46400205235211
14.0576077956409
10.0873519470788
13.8470338906647
14.098566420335
5.68087746172016
5.53255737306958
14.8545313690514
6.05663731076398
5.36025329029152
13.5969136919378
5.84035830031777
11.546199084737
6.12525766853161
5.81597333963186
5.54216790655289
9.3051901302403
5.53497198873169
14.1079173762586
5.13845086289971
5.34285416118963
5.34923049759066
5.35287861342269
12.9390640334431
5.76423508101497
6.16438649537106
10.3426429847331
6.00258627621469
5.21154446970251
5.27280359975969
5.8386420130008
6.76400966546527
5.45548646796067
9.29752375987319
5.71046954480627
5.36685850065599
10.2768600026184
5.87530860755194
5.70799655942276
5.71368577607358
14.0390716664612
14.4117866053244
11.4277551294496
11.5743137320054
5.83471242958952
5.890353161681
13.6848593944174
5.86345840322391
5.7928224404818
5.7303748870671
10.6482707534656
12.8741725348872
14.212670123665
14.6281098581739
13.2888043731626
12.7709821156474
5.66226551733322
10.7126280182013
5.68491463819302
11.98228228634
5.60227400799695
13.4491361978926
5.67870948049542
5.49558128179853
14.4997198167445
5.63156366930023
10.7887087394457
5.9655824398546
5.14500808879239
5.74940123225059
13.4885084805767
5.94807296758318
11.4995202639666
5.41163488424257
11.6844302613926
5.33034077581607
5.44138638961175
5.45302753080791
6.00107320706359
6.23169789408693
9.19093450919735
5.66922240334004
5.40985729499597
5.53451612893051
9.00830376911015
12.0495826097428
5.89272158457151
10.4493935267594
5.20718790583825
5.3241853103578
6.07727681552827
5.53389630062606
13.1782830913679
11.5804081377499
13.5204535916948
5.83182853636729
12.1198920740656
13.6460039203949
5.07801682630074
5.54274335179535
5.53484342305616
9.39847123029327
5.23501493972695
10.3213788067304
13.2675490407895
14.1990148665403
5.31572117733133
6.43456776297785
5.26085501872563
6.32811647492563
11.918949508367
5.58563095998038
5.36444798226567
5.460981497836
5.6127986155095
14.8752632357087
5.45375982996975
10.8685511633792
12.2356097318485
6.01129017576312
5.62371773255346
5.7859088715315
5.72695776457061
5.69107236222533
6.00100950669545
5.78103064468004
5.42245080448676
11.5397481171011
13.5603503064762
10.3105866835684
5.58757683614062
5.7148159552112
5.80582580115326
5.85249966353024
10.7160196260498
6.23576805450954
5.31631156746155
5.11244108974543
10.3528698184676
5.91956525552594
5.00046598743019
10.0393937358744
6.47055548218466
5.88915892206125
6.06853695692376
5.61167274675662
14.2751814679527
5.86843497242144
11.3788090427487
5.3807247453732
5.52841069026267
5.5036271750031
5.55486557387187
13.5190933493436
5.69691342348943
5.59674272930258
5.67264484123571
13.5814408368271
5.76774925684996
11.5758835262477
11.8028737088077
10.5717158323242
14.2720631105932
9.41089239405296
5.59264308777051
5.3578928958805
5.83148004568896
5.47227017312878
5.89092391279815
5.66196972050583
5.80494604327445
14.1640720775741
5.24072621657934
5.35843335659016
6.2060485631932
5.5241572539899
8.92173313527834
5.55950862771402
12.8104195902908
6.09874084392555
13.3641323987443
5.6734228442934
5.46666641819064
12.3374028249662
9.39121299707518
11.6952918625147
11.2646084741967
11.1285114260044
6.25304234578008
10.9205071243749
5.79460976185773
11.4429742714219
5.78130991272296
13.8840203223178
12.2725661443881
5.38860332039119
6.37580945413032
8.96582663378572
5.40928970470752
5.86364251927636
9.50500810707392
5.6599343747414
13.2557845340412
5.9353503631864
5.35825535099393
5.67650954074616
5.47862339491153
11.0207414153306
5.2380227739455
5.42518807476889
12.2203633445367
6.38507105087537
5.70037435019366
12.3138720518282
5.62495707695538
5.62900505765976
5.86771091352692
5.44731027595581
5.56880254637089
13.8979364757143
13.119993512979
6.04579859523156
5.3469031566573
9.52604413194321
6.61955696084601
5.72055867572034
11.3753756309982
5.38942259242858
6.15044598458147
14.0569425506318
5.87039438240393
6.33480647775533
8.6560717137737
11.3840400560898
5.73284914911703
10.7656605031475
12.1781311043131
11.5191625819968
13.9597490768364
6.01965336727673
5.89196653653191
6.00880674433399
5.81123125403892
11.5806093618368
5.61807351658492
5.45584908399213
5.72779814648526
6.20184789862481
13.1846480774733
13.8587820413487
11.0133485519759
6.05015913558839
11.4639773318434
5.02248714932309
5.8811622004786
5.80632307781069
5.6995214827758
5.38937654649297
5.89497606487407
5.36414510082386
13.8626402972083
5.67225981967617
5.22847629655982
11.7683108060186
6.08592253640977
9.494776626167
5.67125435466022
12.713798370739
5.5797354239705
6.21806591082202
9.36688688928651
11.0693487976429
5.98538877192468
12.5205016752428
5.49706977328281
13.9054747281319
5.52919848628295
6.13836183695801
10.361923995567
6.4473560767936
12.1560438342366
14.9865249977954
5.66253877107314
5.43456695201265
11.8852214303054
5.67712766444907
5.37016691156047
9.96556080459964
5.93201037892473
5.61838726518385
12.6831935569599
13.3585867055705
11.8332768357166
5.71236516480203
5.12251118088199
5.85270250162123
6.3990506757482
5.57691704138342
5.44072314394381
9.25588901653535
11.7841175875458
12.7546609641142
5.9340578189992
5.90956995663887
5.40816099026911
5.18426069455165
5.50393865558852
13.658783107883
13.5661959152451
6.33903564497024
5.58127584836105
5.55028176157374
6.0212927589099
