5.06239798896126
7.82590553772236
9.78776271231219
5.84087384029295
5.3186725786179
12.3531912491662
9.24173997544603
7.09017898390719
9.44762802220221
7.44995428677262
8.17986432725157
8.11872157280717
7.2996651544445
8.39088859896389
11.2924332594199
7.81013844472721
13.3231957386105
10.1236586051641
12.5211218733851
8.51468445231839
11.0224651454452
7.25454328235714
8.44155273195832
8.28933804194079
7.76277560020862
11.0011580098885
7.1521032904941
11.2615537980475
6.83924937391403
7.34792161234935
8.33887787555636
8.3614630807725
8.74379086063754
5.80927389206453
7.15149473330988
13.5073941320362
8.02870621917456
10.6028462493557
8.44424032197703
8.45576619061286
6.15885690218909
10.8247847981603
11.9034443625939
8.6112991041196
11.5927191978004
8.7810424847536
8.05437695250363
9.21182340369796
8.01244090972738
12.7537395303582
7.42941144758955
7.61579375634754
9.04339060201192
6.48223202091071
8.11199827053585
7.12142876837765
5.13881874829123
10.7094744767148
8.78309952394756
9.13428988449671
11.9963879451702
10.0589116857524
10.9027283319021
7.31359490936945
6.3024734679271
7.15285004881177
8.09179330190195
7.30367401774171
12.6704847604493
7.25683533481166
5.58190777994913
7.37447540615444
7.07200945649742
12.1003817228972
8.34992223973642
8.12317983753537
11.2995662847705
12.2068878850139
5.60624676508502
11.6325538700405
10.5224252289392
11.9985399711456
10.3979312252194
14.0818050994673
6.84339126839048
7.78311749659487
8.21988085208558
7.20777622522048
8.1177954186015
11.9491113190474
10.3922912090666
6.65508577913875
11.1182624624483
9.17018313716631
8.28189151215246
8.20693881708327
7.9852192954838
7.93842766052519
7.47060037593204
12.3739655766832
12.649060471086
12.841794389877
6.57358403850853
11.4063023719442
11.7808907902373
11.9225977947508
6.76749288763484
10.9450797037942
7.62838702371282
7.34160513410472
7.24848075118695
7.25272688653036
6.95313856699561
12.4287485379196
5.85344892883491
5.68464850850867
14.9743760151557
7.71837324143373
5.64167124257774
7.73565658099656
5.47519015828871
7.52251716709725
8.81421217646691
6.29108040025554
8.10171894842145
7.74668993677611
6.49867877760895
7.57788101725814
5.37822652683918
12.7428468011266
7.4738821700612
7.44097631059978
6.58651000178824
13.1533903262986
10.6928997653247
6.7648139881993
8.34991184768557
6.23272846354027
6.9031664984849
7.71118943969533
7.4696452026497
8.92406947615687
6.73401639442927
6.98569541995215
11.9646353588049
9.8587481280961
13.578563202722
8.8338130369358
6.37839248454477
8.54533206868313
6.08032095246016
7.67929031874402
11.4894990112918
9.09187699523972
12.2761544071616
12.9028048056479
11.8088344167756
7.38630353296983
10.4766453265551
8.22793749014633
12.5351071875543
13.3908690563126
6.82665745714847
7.60600307208407
10.5284155321107
6.24323205850602
6.52160075130842
7.82395861412379
12.6514301308334
12.2364973409893
7.24243245653095
6.36288571228851
7.98387955440234
7.52447637442984
12.3292230460519
14.2103816773921
7.10689136137217
7.85600844783865
8.15221873136157
14.4237266116428
11.2180044668677
8.21998071142008
8.00947079803908
7.95864542147796
6.92597290783358
12.6713706549148
7.42995831297084
11.7136768296359
7.29260682300738
7.93440665459405
7.92656367948053
8.07203941046442
9.40036755728326
11.5585285071987
7.82311391368307
8.01174719180244
11.0982200210531
7.21684359182206
13.6819584945945
8.9611472102377
7.38996953077899
12.2431193630134
6.96832528335746
11.0718459999083
11.0392932049235
11.9003106119474
11.6873663776625
8.28902177423247
7.62082011190291
7.89015323069755
7.38603433762027
6.75764577111176
11.7690132338438
12.335482848809
6.19704207218219
6.89828853300755
8.58536053592112
6.25116045895374
14.4904635139115
12.4656899790208
8.13297337050036
7.90201520634277
12.571272086081
7.16854203448107
11.7364983391577
6.87739766550295
9.0091777115889
8.4020424403207
6.3714277547498
14.0323351455186
11.6683025581564
7.01015765990242
8.22116224638478
13.8153119943124
11.3081103978518
10.2970504068792
6.81541424138196
7.70425983015946
12.7131775398052
13.2076924409681
12.8088345771189
13.1407093573457
7.21362826243775
12.7003926717876
7.35914464219013
13.0191354222119
11.3111670505488
11.3769883692077
8.72213380960287
6.65747625723655
12.0795131741698
6.7605684010631
11.72129917545
9.08226543940585
7.57455794579784
11.3664674767494
7.85275057366175
7.91691256256296
7.42968942667232
7.69649650847842
7.9550347160923
11.8696190493163
14.0882785440469
5.85672106884261
8.90051086088896
7.17273372734208
8.38121473070438
12.1557109719118
6.88729495308558
10.7166331787611
8.96323495703045
9.94935506134801
12.2978227703015
7.22491208438184
9.63006172671355
7.21197297017727
7.64407309537189
6.65681266317421
12.851253834649
8.61845561330534
10.9898014192992
6.91137190920401
6.54788582889497
11.6890858720637
12.2914526434462
10.2479502945388
10.9397602797323
7.6513647848512
12.0848786347713
7.76506122268403
7.11935026544686
7.92564038362695
12.1575548785033
9.2443961792567
12.3525212169065
11.4256283539353
7.21346511478421
12.0042667180045
9.70051590140932
6.34637447396416
7.51036670075856
8.57541759131793
12.1848978900662
7.78702691537468
8.03226141890914
7.27234538903962
8.25927133265003
7.26061973925018
7.21657620341164
7.55675636333899
6.54291058050787
7.55423229312827
7.2827717919559
11.381607729085
8.15727911555194
6.7430367175312
7.62332295027058
6.81852021497882
9.28788693333146
6.7456852455863
11.0797833186257
7.76417746035346
7.55212534227263
11.8268755764176
7.65343583655278
10.6895267314912
7.08317177456488
8.48200671102351
6.78743641789333
11.2398526718542
13.0249321682542
10.8309171557076
9.43572380273829
12.6927188625893
7.5030307953649
12.6673209424998
6.84575403069236
6.9935239065082
8.35022845280653
7.59113227424866
12.2966779008421
12.2796199356697
7.42022795196103
9.47750164463659
7.03055709147866
6.58741130867654
10.4858440329437
8.5843369530364
12.9992652953472
9.94545188898354
12.2067315009427
6.56639130878531
6.95265334127676
7.13262721153416
12.7928571956934
11.9110350376313
12.53278149082
7.32454671032044
6.98719296253044
7.40996846220217
7.81478602815753
12.2429768045209
7.03800433945895
10.2497537972154
7.5786626071303
11.6214834455244
11.835579397665
12.1489333463816
12.5193342706872
12.1437108036305
6.78581870383083
12.4509626782036
6.878906654014
8.31938115232943
12.369661213209
8.16089015915267
6.29986724374361
7.12643974326858
10.3849031930159
12.1813389734026
12.2895030917723
12.1524241655296
12.6282976270829
7.17293362779651
11.3700187383825
5.64603486182096
7.1796137642809
7.20340792435825
8.60137725807786
11.8131954871815
8.59222306851146
11.5698604503308
12.8102130594709
12.3953820441231
14.6629347819133
8.58138910920989
12.276156313003
7.99534714159074
6.70119387797537
12.8824851605153
7.40740200279696
8.25177204370445
10.4336945371293
11.8696409020387
7.60255770888963
8.034110213914
6.85375101222122
7.16584025180027
8.09688527909806
6.9434416933211
13.6669504033387
13.4184304814016
11.8806823769549
14.1262553442811
8.71473672235933
12.5835355864655
13.4867746595432
14.0323065564416
12.1290658501121
6.39988061500697
10.0175878747499
12.5877690929979
8.3283516555129
7.88238683511485
7.62988169972582
10.9184569290656
8.39315137296706
8.43066544447681
8.7764312121771
8.32516860448791
14.672806227935
7.91195445087401
12.0574794298794
7.46203062519061
7.75242689424971
7.00701561300076
8.02065377710938
9.18640821890608
7.34663887225888
7.5873322750245
9.23386516936466
8.22131730738418
7.41847272073699
6.48884339948462
12.838841970183
7.4106388920553
11.9346898944879
11.2005363282108
8.05312854533646
7.66230607322977
6.84437689114603
13.1020645937876
10.1378079317346
7.53125545331514
14.0250736563253
12.3800270549933
9.51693044422393
8.649165555904
12.0090378852473
7.06918293466889
6.93695818511324
8.39801053036389
9.26838667324059
5.26785435278751
8.36293214360314
14.1164719693913
11.1710051680918
11.8544375659742
6.35915552817272
7.55889704157985
5.90187790671256
7.48022350334098
7.86345887414804
8.36259917875459
7.0008693169474
6.17897538089032
7.06739186563949
8.84277238176849
7.06671095812681
7.23129893779126
11.6868559174045
7.3712012491044
8.46234097406388
10.7500645786782
12.1882359670666
7.86499689678624
6.51444515666276
8.51356310378449
11.7322896820592
9.1687574550689
8.93800793524999
7.18295897094327
11.3233926145253
9.30633287084377
7.56247110285613
7.57725976596132
8.47899381488484
7.46757693007276
6.63620824268089
13.1832691175341
7.47724406317765
7.27959145252086
8.52234245278838
10.5021963380283
7.9778903127996
8.64561544282819
5.85952017766708
7.97346088181663
9.15047299025771
10.415885785376
7.40941951829851
6.9400695007489
12.7932587138233
12.354939784844
11.6280133323537
12.0519673978706
8.09861923224414
6.41253441875927
6.8979289484065
8.21848505309296
7.46159032463635
7.62326908125388
10.1926808846574
14.137777064115
9.59420571678726
8.06008773858737
6.46877622257418
13.8419666782949
7.79981392265243
6.54677247753705
8.13999875657442
7.38535333145695
13.0099284190389
7.34768823059273
9.27595881646147
8.43765874749378
9.49213954333339
12.1402552356879
8.40101106131687
6.14989012287414
12.6450872526842
8.02884332630683
12.031752878616
8.2974214564214
7.8929908413692
