4.55955643464355
4.05758185337936
2.79384311084925
3.01971298712229
4.55716943018265
5.0526866425385
3.53305361501558
4.39772830569819
4.211376988469
3.95599444491205
3.74975927952192
3.84296355525629
5.45448783772412
4.22750357713997
3.58480683444157
4.16749852706002
5.89789159161688
7.22048733271612
2.75760037033919
3.72795303425639
3.78672249810623
6.35385657772915
3.29915747832675
5.51022052015824
3.98130881238953
3.518125578655
3.10030216311759
3.71808181129535
4.49140392222878
6.13988132312096
3.97109081727129
4.75431108492552
3.32599696995203
3.94095194007238
4.34007995959936
2.18720730578235
3.2239247538086
4.93305361501558
3.38987038128104
4.00740762562074
4.98380355188957
3.5493115057655
3.05127935358976
4.01833263193333
2.99885615688916
3.36305782341555
4.05707347866343
3.70045703223636
3.78046713239627
3.19273545997811
3.51000168336
3.94497180372022
4.02168251830653
3.71251662317988
4.70806581937549
3.12030047975762
4.32369413349045
3.09487501052101
2.9246132480431
2.52261678309907
3.28687905058499
3.7628625536571
4.19082652975339
3.53414106556687
3.01825519737397
3.57882753976938
3.55318996717449
4.44849170945207
2.54712650450298
5.51680245770558
3.37744045114047
4.30359144853128
3.16916505344668
3.0425763824594
3.31574194091408
3.93835619897317
2.90192155542462
3.4908652470331
2.44137446342901
3.32282551973739
3.46270600117836
2.83943523272453
3.83116993519064
3.19070869455433
4.91340880397274
2.75653312010775
3.15424375052606
3.62812305361501
2.93916757848666
3.81765592121877
4.36151249894792
3.22497180372022
2.74627809106977
4.29227926942178
3.70554414611564
3.09992509048061
3.63811884521505
3.12033414695733
3.7236772998906
4.50430519316558
2.67161434222709
2.74627809106977
2.45302668125581
2.75760037033919
2.6253623432371
2.88737732514099
3.00223634374211
2.86249053110009
2.7151527649188
3.52752546081982
2.54826445585388
3.78105294167159
2.7665625789075
3.28732345762143
2.65880397272957
3.55906152680751
3.02224476054204
3.01825519737397
2.47460062284321
3.23805824425554
2.91379934348961
3.43253009005977
2.83932076424543
2.98421429172629
2.22533204275734
2.90679993266562
3.99240215470078
2.57518474875852
3.22497180372022
2.93268327581853
3.45333305277333
3.09454843868363
2.88890244928879
3.01027607103779
3.04522262435822
2.68273798501809
2.40094352327245
3.18251746485987
3.21519821563842
4.44068091911456
2.56270768453834
2.87560390539517
2.57240047134081
3.18360828213113
3.99315629997474
3.53900260920798
2.44694301826448
2.99087366383301
3.71288359565693
1.99513593131891
2.00505092163959
3.65419493308644
3.07385994444914
1.84981819712146
1.83758353673934
2.66547681171619
3.17920797912635
3.47170861038634
2.90513003955897
2.06518054035857
2.23092079791263
2.91650281962799
2.63217321774263
2.70625452402996
3.16382206884944
2.16755576129955
2.07162780910699
2.09156215806752
2.93037033919705
2.69835619897316
2.67990657352075
3.2575010521
2.97041073983672
1.99513593131891
2.18822742193419
2.26132901270938
2.90679993266562
2.74627809106977
2.79060432623518
2.36783183233734
2.72279858597761
2.89243750526052
2.27927026344585
2.5077897483377
2.50987711472098
2.44932328928542
2.56663328002693
2.94683696658532
2.67172544398619
2.36775439777799
3.29139382206887
2.79947226664422
2.89132312094941
2.19424711724602
3.24774429761806
2.57722161434222
2.14985018096121
2.75795387593638
2.61216816766267
2.76551216227591
2.67677552394579
2.64342816261259
2.22533204275734
1.99513593131891
2.43761720393908
1.8738498442892
2.51513256459896
2.27980557192157
2.65804309401565
2.08469741604242
2.69600622843197
2.41985102264121
2.39305193165561
1.86541284403671
2.31615604747077
2.14186095446513
2.07651628650788
2.32228011110178
2.559250063126
1.6328633953371
2.26038633111691
2.73114131807088
2.03989647336084
2.44459304772326
2.46338271189293
2.26660466290716
2.22082737143339
2.13898914232809
2.01483460988132
2.71191061358473
2.42028532951772
1.97076087871392
2.24245518054036
2.8176121538591
2.21561905563505
2.31877872232977
2.06875936368994
2.62191145526472
2.54679319922568
2.66906236848752
2.13523861627809
2.19435485228516
1.92689925090482
2.20935358976519
1.96888224896895
2.48258984933929
2.04942092416465
1.65019863647842
3.11839154953287
2.62969531184245
2.06373621749012
2.30965154448279
2.00134416294927
1.88785876609714
1.66272956821817
2.13595572763236
1.85445417052438
2.39419324972647
2.16944785792441
2.00191987206466
1.91830401481357
2.20100749095195
2.02829138961368
2.01998569144013
1.99864742025082
1.8402264119182
2.42230536150157
2.37734954970122
1.63276576045789
1.95846561737227
1.85682434138542
2.36004797575961
1.74351738069186
1.91745896810033
1.79794714249644
2.1080119518559
2.39276239373791
2.0612650450299
1.68684875010521
1.92991583200069
2.08835704065316
2.13085514687316
1.87190724686474
2.69777375641783
1.86666526386668
2.2401153101591
1.75687315882502
2.13443397020453
1.68216564262269
1.39661392138709
2.48617203939062
3.02438936116488
2.10986028112112
2.42072973655416
2.19035855567714
1.88561989731505
1.47824341385407
1.96291642117669
2.15870128777038
2.07309233229526
1.75936116488512
2.25514098139888
1.8357385741941
2.03319670061444
1.80233061190137
1.75067502735462
1.92928962208569
1.74476980052185
1.9732387846141
1.70305950677553
2.24207810790338
1.58607945459138
1.81208736638331
1.91421008332634
1.65574699099403
1.97883763992931
1.80884184832928
1.73367309149063
1.86504923827962
1.47699772746404
1.76729315714167
1.7893384395253
1.93531268411752
1.95561400555511
1.725374126757
1.51381954380946
1.70754061105967
1.73549112027607
1.6785767191314
1.87787980809696
1.8572620149819
1.82959431024327
2.00575793283394
1.58639592626884
1.9712995539096
1.49849760121202
1.60382543556941
1.27152344078783
2.35529080043767
1.95766770473867
1.6287122296103
1.90163538422692
1.92354599781163
1.6128011110176
1.96907751872737
1.66825772241396
1.99686642538506
2.26640265970877
1.75687315882502
1.59955643464355
1.74351738069186
1.39704149482367
1.84902028448784
1.89901607608789
1.62607272115142
1.27089723087283
1.94850349297198
1.68364026597089
1.84899671744805
1.57805656089556
1.77599612827203
1.58057486743542
1.87917936200657
1.3864262267486
1.31025755407794
2.15566787307466
1.34718373874253
2.04023314535814
1.50196868950425
1.46186095446512
1.45979378840167
1.85311758269506
2.23769127177849
1.36816513761468
1.76042841511659
1.87030805487754
1.67125410318997
1.54195185590439
1.7077762814578
1.73507364699941
2.51936453160508
1.95648935274809
1.40786549953708
1.14668546418653
1.71648935274808
1.4045391802037
1.32739752546084
1.54106640855147
1.74091153943272
1.98150408214798
1.32695311842437
2.11596077771233
1.65661560474709
1.38443986196449
1.71139213870887
1.50038296439695
1.99597087787225
1.08551889571586
1.83897735880819
1.47747243498023
1.80351569733187
1.60538759363692
1.25874673849003
1.31950593384397
1.39506859691946
1.62913643632692
1.22794798417641
1.23474202508208
1.74676626546588
1.21951435064389
1.29973318744214
1.12568723171452
1.52907415200741
1.3764270684286
1.48884858176922
1.48589933507282
1.66442976180457
1.2074008921808
1.57256544061948
1.36601717027187
1.43781247369751
1.68589260163287
1.25374379261007
1.39661392138709
1.38443986196449
1.50639255954886
1.24869371265046
1.58114720983082
1.24509468899925
1.15536150155711
1.97424880060601
1.64390623684875
1.48882838144937
1.37661223802712
1.5522001515024
1.45583115899336
1.43744886794042
1.37095951519234
1.55470835788233
1.66699183570407
1.25984428920125
1.5433490446932
1.52149229862806
1.42029542967765
1.19992004040066
1.70306960693546
1.17859860281121
1.24963976096288
1.28007490951941
1.61870970457034
1.0365129197879
1.48735375810116
1.36407457284741
1.26127851190978
1.46293493813653
1.36527649187781
1.16057318407542
1.03727379850181
1.05896557528828
1.29089554751283
1.65246107230033
1.32360659877116
1.25976012120194
1.75888309064894
1.33116825183066
1.14508290547934
0.927858766097131
1.18616025587073
1.13130965406953
1.58850349297197
1.31962040232304
0.976938809864492
1.37958168504335
1.47995370760037
1.06346687989227
1.16408130628736
1.67288022893698
1.1580515108156
1.09724854810202
1.18058160087534
1.40893611648852
1.54516034003873
1.4679749179362
1.12758606177931
1.22905563504756
1.45752798585977
1.21951435064389
1.26106304183151
1.3666635805067
1.22715007154281
1.26236932918104
1.43239205454088
1.08576803299385
1.07556350475551
1.10383721908931
1.47359734029124
1.47026092079793
1.10290463765676
1.26979294672165
1.32739752546084
1.38999158320007
1.03546923659624
1.00514855651883
1.21431276828551
1.35515276491878
0.984019021967868
1.30033583031732
1.17775355609797
0.95701119434392
1.0880776028954
1.14985691440114
1.16228011110178
0.988819964649451
1.30427489268581
1.16221277670232
1.21196953118425
1.24849844289201
1.06308307381534
0.968239205454097
1.24922565440619
1.1769623769043
1.26014729399884
1.01262940829898
0.945527312515793
0.933178183654576
0.973703391970389
1.17865583705077
1.52712145442302
0.990789495833695
1.27918609544651
1.30074657015405
1.10472939988216
1.11107903375137
1.21783435737734
1.02410318996718
1.1290775187274
1.10430182644561
1.41890834104873
1.18616025587073
1.2311396347109
1.26941587408467
0.980958673512333
1.39836124905312
1.10500547091996
1.05430940156552
1.03351990573185
1.17649776954804
1.16937042336505
1.35829728137364
1.02546671155628
1.01980388856157
1.01939314872487
1.07556350475551
1.12620570659035
0.917869707937058
1.02479673428164
0.952348287181223
1.13899924248801
0.990297954717619
0.944416294924679
1.42489100244089
0.786389192828892
0.968239205454097
0.98148051510816
0.958687820890503
0.968370507533052
1.03096793199225
1.02410318996718
1.03834104873329
0.968986617288124
0.98928793872571
1.19062115983505
1.17103694975171
1.05023567039811
0.991621075667041
0.936443902028458
1.14419409140646
1.04186937126505
1.06132227926943
1.12119266055046
1.15630081642959
0.785039138119686
1.12564346435485
1.15115310159078
1.00211850854305
1.08412844036698
1.0605378335157
1.1372014140224
1.09029290463766
1.12883511488931
1.14224139382208
1.08008164295936
0.992021715343839
0.957219930982234
0.970195269758449
1.01273040989815
1.28040821479675
1.13172039390625
0.990789495833695
1.06619728979044
0.784446595404432
1.00090312263279
0.945527312515793
1.04252251493983
0.89624526555005
0.836539853547691
0.866113121791102
1.22749011026008
1.17695901018433
0.812137867182912
1.06592121875264
0.967535560979712
0.985604747075172
0.995311000757511
1.03634795050922
1.20238784614091
0.722953455096388
0.997785539937723
0.94866172881072
0.819537917683704
1.04208484134332
0.870974665432215
0.949621244003026
0.964960020200323
0.90759111185929
0.923916337008677
0.998731588250166
0.843899503408807
0.940086693039319
1.21494907836041
1.04451897988386
0.866678730746571
1.25543051931658
0.93247453918022
0.968986617288124
0.71844878377243
0.913412170692709
1.30036949751704
1.01971972056225
0.796071879471441
0.972989647336078
1.09134668798924
0.914731924922165
0.990318155037471
1.18162865078699
0.997657604578734
0.822790169177694
0.984449962124415
1.05523188283814
0.921943439104467
0.924747916842023
0.815258816597947
0.916714922986301
0.868510226411928
0.814046797407627
0.925895968352847
0.885333726117324
0.943739584210078
1.06589765171282
0.795873242993025
0.829722245602227
0.88162360070703
0.863749684370021
0.698309064893522
1.00004460903966
0.928508543051947
0.87929046376567
0.841509132227941
0.944759700361942
0.80842100833263
0.83589344331287
0.738248463934013
0.937349549701224
0.708604494571176
1.08723928962209
1.00009510983924
0.81871980473025
0.964758017001941
0.900574867435409
1.08839407457285
0.734390202844878
1.0843876778049
0.943274976853814
0.815834525713342
0.891444322868466
0.927148388182815
0.773195017254437
0.958246780574029
0.782615099739076
0.722953455096388
0.718307381533549
1.12262014981906
0.947439609460503
0.729767696321858
0.988311589933517
0.851646326066827
0.890932581432537
0.772498106220013
0.879967174480271
0.968663412170713
0.866200656510415
0.830685127514528
0.716240215470094
0.823338944533305
0.758068344415449
0.921172460230622
0.816645905226835
0.829277838565787
0.720287012877719
0.826214123390287
1.01458547260333
0.71210251662319
0.7035645147715
0.730272704317827
0.793489605252091
0.697134079622941
0.958159245854745
0.847528827539776
0.756755323625953
0.888387341132898
0.77917767864659
0.69617119771064
0.797357966501153
0.722953455096388
0.731185085430525
0.844875852201
0.727599528659198
0.73765592121876
0.967246023062046
0.770121201919039
0.835172965238627
0.825793283393665
0.755957410992352
0.832398787980821
0.770824846393396
0.8665743624274
0.708604494571176
0.698342732093266
0.805384226916942
0.762966921976272
0.576181297870562
0.797378166820977
0.694541705243665
0.9876012120192
0.902217826782277
0.815959094352337
0.880613584715093
0.725623264035022
0.905335409477317
0.88528322531775
0.820682602474534
0.794452487164392
0.835294167157656
0.612077266223395
0.648104536655183
0.794179782846555
0.787012036023924
0.750648093594833
0.780999074152021
0.710843363353263
0.801566366467483
0.716863058665098
0.848350307213195
0.570767612153873
0.58709283730326
0.787692113458462
0.746772998905811
0.754944028280448
0.762966921976272
0.706412759868698
0.641152259910797
0.695807591953553
0.627591111859289
0.694339702045284
0.827372275061038
0.876041578991675
0.601987206464116
0.718583452571352
0.819110344247122
0.759465533204292
0.831227169430178
0.671173301910613
0.780756670313963
0.671365204949097
0.809895631680831
0.735443986196458
0.840000841679995
0.686757848665934
0.748082652975341
0.774238700446091
0.643155458294757
0.743608282131135
0.692541873579671
0.710540358555676
0.812403838060789
0.732831411497358
0.737999326656023
0.89226243582192
0.776184664590517
0.632849928457205
0.582766602137866
0.875964144432288
0.576174564430602
0.724502146283982
0.847818365457471
0.80014561063885
0.632408888140731
0.584752966921997
0.65675027354601
0.667971551216226
0.680721319754241
0.847195522262439
0.575198215638409
0.648441208652486
0.715162865078696
0.708543893611647
0.61204359902365
0.69740678394075
0.736905142664767
0.761633700866952
0.544281626125752
0.713270768453839
0.84423617540611
0.716250315629992
0.652269169261842
0.594752125241996
0.62230536150156
0.722953455096388
0.675294167157659
0.704614931403086
0.607208989142322
0.771639592626883
0.609090985607281
0.742285161181712
0.765067755239471
0.584204191566386
0.775026512919794
0.722041073983689
0.712136183822906
0.731252419829985
0.682495581180035
0.687754397777979
0.696750273546002
0.761956905984363
0.714035013887724
0.589082568807356
0.686252840669994
0.586463260668296
0.553496338692042
0.863914653648692
0.765023987879829
0.551644642706862
0.732861711977108
0.567633195858946
0.568400808012797
0.738955475128364
0.583992088208078
0.627591111859289
0.60217237606264
0.540793704233664
0.72908761888732
0.523875936368995
0.773686558370514
0.634927194680586
0.584752966921997
0.58136267990912
0.499053110007594
0.758546418651633
0.597923575456605
0.531982998064137
0.609441124484476
0.622339028701305
0.671334904469319
0.590961198552321
0.641152259910797
0.594752125241996
0.597687905058507
0.614945711640445
0.603414695732681
0.713489605252079
0.670375389277012
0.621618550627062
0.61398619644811
0.532639508458885
0.63081979631346
0.563734534130134
0.595910276912718
0.637324299301412
0.667702213618384
0.575245349718045
0.785490278596086
0.46154784950761
0.65675027354601
0.652235502062126
0.597903375136781
0.643862469489108
0.755412002356707
0.606828549785376
0.643872569649034
0.618265297533895
0.499736554162126
0.592506523019949
0.508193754734464
0.557910108576721
0.540005891759961
0.575245349718045
0.523875936368995
0.539625452403016
0.633078865415371
0.653952529248386
0.573296018853625
0.565660297954736
0.570703644474378
0.553496338692042
0.614945711640445
0.587177005302578
0.580450298796393
0.688245938894028
0.543850685969204
0.600431781836562
0.504345593805255
0.525613163875107
0.633546839491629
0.588257722413942
0.550139718878881
0.591870212945054
0.582729568218184
0.442731251578152
0.556176247790603
0.663813652049498
0.520418314956657
0.568256039053949
0.63209241646328
0.729855231041171
0.655363184917093
0.509516875683886
0.561354263109166
0.674970962040248
0.57865247033078
0.588237522094119
0.599479000084187
0.594863227001099
0.622261594141918
0.713203434054378
0.602209409982322
0.501588250147307
0.629207137446343
0.441381196868946
0.59410908172714
0.511951014224394
0.563421429172649
0.563596498611247
0.491743960946053
0.651222119350223
0.481374463429006
0.560923322952618
0.515119097719065
0.637226664422201
0.584476895884194
0.560051342479596
0.482354178941165
0.573875094689015
0.583577981651388
0.502591532699284
0.49857503577141
0.531424122548628
0.509170103526657
0.616026428751809
0.490885447352923
0.565128356198983
0.542025923743807
0.503211009174322
0.50013382711893
0.489912465280696
0.483963471088288
0.497474118340222
0.526724181466221
0.653006480935943
0.46154784950761
0.547951350896398
0.431462839828299
0.581594983587252
0.434045114047649
0.540793704233664
0.4938245938894
0.676566787307479
0.470048817439618
0.552115983503086
0.564266475885887
0.523875936368995
0.587116404343078
0.52986533120108
0.519691103442483
0.553422270852622
0.550587492635316
0.533928962208563
0.58387761972898
0.553496338692042
0.492952613416378
0.608020368655843
0.524370844205038
0.537527985859782
0.479495833684041
0.612737143338109
0.548621328171038
0.423153774934775
0.513886878208922
0.474954128440373
0.603764834609876
0.50058496759533
0.400822321353417
0.501409813988715
0.422355862301174
0.55287349549701
0.460217995118256
0.498288864573709
0.427405942260748
0.603175658614589
0.56851864321186
0.483017422775873
0.404030805487764
0.561896305024845
0.46234576214124
0.492191734702487
0.65282804477738
0.45469657436243
0.504416294924681
0.552927363016579
0.553533372611753
0.417706422018369
0.4938245938894
0.510079117919361
0.504466795724284
0.6893131891255
0.44252924837977
0.531982998064137
0.541396347108844
0.569666694722685
0.458797239289623
0.51088376399295
0.513573773251409
0.417793956737654
0.486215806750295
0.50434896052522
0.467486743540121
0.466762898745912
0.512816261257484
0.474832926521344
0.449040484807682
0.471816345425481
0.49577392475382
0.464089723087284
0.342931571416557
0.620702802794398
0.393432371012551
0.555465869876286
0.5934391044525
0.364572847403423
0.456110596751131
0.496905142664758
0.494339702045295
0.489141486406879
0.479808938641526
0.429840080801284
0.550109418399131
0.449117919367069
0.487377325140983
0.45100664927196
0.423200909014412
0.451235586230126
0.448548943691605
0.489582526723353
0.42346687989226
0.600933423112537
0.47569480683444
0.42369918357042
0.504870802121047
0.499635552562921
0.400822321353417
0.476519653227854
0.453750526050015
0.480169177678647
0.45469657436243
0.538847740089238
0.423153774934775
0.519485733524135
0.471257469909943
0.429008500967939
0.474721824762241
0.442916421176676
0.49312431613501
0.46346687989228
0.40880818112953
0.467483376820127
0.39833431529334
0.418369665853049
0.476947226664436
0.440835788233329
0.564094773167255
0.401455264708375
0.385611480515109
0.45953791768369
0.444488679404088
0.444455012204372
0.467146704822824
0.446431276828548
0.421783519905745
0.455009679319943
0.387412675700716
0.483303593973574
0.450356872317144
0.438411749852719
0.413622590691034
0.450713744634299
0.470547091995627
0.364357377325149
0.419803888561574
0.437977442976177
0.513799343489609
0.410959515192332
0.455716690514265
0.393304435653562
0.449117919367069
0.449040484807682
0.391991414864066
0.461796986785629
0.432698426058408
0.39833431529334
0.442731251578152
0.443074657015416
0.393412170692699
0.490717111354257
0.375703223634389
0.552183317902546
0.488522009931842
0.402906321016758
0.408575877451398
0.41731588250147
0.417706422018369
0.44402070532783
0.458309064893541
0.32816513761469
0.435576971635385
0.393085598855322
0.370107735039142
0.446596246107248
0.508240888814072
0.37558202171536
0.464015655247891
0.395486070196114
0.288707179530348
0.44529332547765
0.449043851527648
0.33230620318156
0.437708105378334
0.4436133322111
0.420622001515028
0.387038969783703
0.427601212019198
0.372757343657952
0.364357377325149
0.371592458547269
0.456672838986634
0.480489016076092
0.372888645736907
0.363801868529606
0.453922228768619
0.393304435653562
0.352651291978788
0.496440535308494
0.401926605504599
0.391021799511833
0.400122043599026
0.423200909014412
0.428358724013151
0.421733019106142
0.370107735039142
0.369663328002702
0.369626294082991
0.427735880818119
0.37558202171536
0.393412170692699
0.39132480430942
0.481576466627388
0.385611480515109
0.474846393401236
0.380783604073741
0.457147546502824
0.546446427068446
0.435371601717037
0.465355609797172
0.365219257638245
0.392967763656259
0.378063294335504
0.357206464102347
0.461796986785629
0.483394495412853
0.405667031394671
0.452541873579662
0.328242572174076
0.370249137278023
0.423638582610891
0.324805151081563
0.384884269000935
0.331969531184257
0.39329096877367
0.434964228600307
0.418359565693123
0.359007659287954
0.385308475717551
0.393304435653562
0.361115225991085
0.419864489521103
0.34266560053868
0.461386246948905
0.38603232051176
0.470755828633969
0.347298207221627
0.341867687905079
0.411158151670747
0.394728558202189
0.374316135005472
0.338406699772747
0.35611228011112
0.296238532110095
0.385099739079209
0.294147799006822
0.395566871475467
0.475741940914077
0.340898072552818
0.347991751536085
0.37468647420252
0.369313189125506
0.431496507028044
0.371585725107309
0.459800521841601
0.286195606430454
0.376379934348961
0.3228120528575
0.351429172628571
0.42022136183823
0.460675869034588
0.381746485986042
0.360243245518063
0.406256207389958
0.449171786886637
0.3784134332127
0.335417052436668
0.378820806329429
0.375703223634389
0.317539769379692
0.373615857251082
0.420224728558196
0.310126251999009
0.361424964228604
0.318876357209007
0.358526218331804
0.333094015655263
0.300116993519083
0.327458126420339
0.320509216395919
0.35267149229864
0.330141402238866
0.29767275481862
0.347156804982745
0.367713997138281
0.365219257638245
0.258497601212014
0.390614426395103
0.403852369329201
0.398872990489025
0.338056560895552
0.395960777712332
0.328761047049909
0.33169682686642
0.359263530005904
0.352361754061121
0.310984765592139
0.276691355946468
0.372646241898849
0.337086945543319
0.324219341806241
0.341894621664864
0.32147209830822
0.380164127598704
0.337282215301741
0.311166568470668
0.30070616951437
0.342312094941519
0.362643716858855
0.38921723760626
0.32322615941419
0.392647925258814
0.393671408130643
0.364357377325149
0.310813062873507
0.409404090564777
0.281108492551141
0.369175153606619
0.37345088797241
0.41958168504334
0.329855231041165
0.235250399797991
0.297544819459659
0.310193586398469
0.341605083747169
0.313866677889081
0.280792020873662
0.337177846982598
0.320509216395919
0.341611817187101
0.35770137193839
0.352705159498356
0.336036528911706
0.332242235502065
0.284502146283984
0.346133322110944
0.380921639592628
0.335252083157997
0.333370086693037
0.297827623937394
0.356775523945799
0.331107650871132
0.318590186011278
0.308335156973328
0.324374210925015
0.292083999663333
0.307974917936207
0.30350728053196
0.295723423954229
0.333642791010874
0.252339870381292
0.284832084841355
0.356024745391807
0.259440282804491
0.312607524619153
0.297487585220097
0.297992593216065
0.403545997811648
0.286030637151754
0.310776028953796
0.323189125494508
0.311890413264877
0.375181382038562
0.338265297533894
0.326195606430446
0.300116993519083
0.309092668967253
0.34827455601382
0.316257049069947
0.226725864826193
0.375157814998744
0.359064893527488
0.260281962797762
0.364316976685473
0.27428078444575
0.247077687063381
0.299379681844982
0.393250568133993
0.311472939988221
0.292828044777394
0.34196532278429
0.259413349044706
0.30219762646243
0.267719047218264
0.328666778890664
0.263557781331542
0.260207894958342
0.258140728894887
0.318852790169188
0.335167915158678
0.281108492551141
0.280795387593656
0.275762141233912
0.28017591111859
0.245562663075503
0.385901018432804
0.314812726201495
0.296632438346961
0.333343152933253
0.295905226832758
0.325438094436493
0.321081558791349
0.303638582610887
0.284758017001934
0.29767275481862
0.235250399797991
0.352550290379611
0.308708862890342
0.310584125915341
0.358118845215046
0.245805066913562
0.322468647420266
0.256174564430609
0.326996885784041
0.243010689335932
0.273432371012547
0.281866004545066
0.289279521925778
0.27578570827373
0.265887551552908
0.247973234576222
0.298218163454266
0.23859355273126
0.222291894621662
0.257908425216726
0.328750946890011
0.206808349465547
0.26023146199816
0.311681676626563
0.245959936032335
0.341204444070371
0.291154784950777
0.275405268916757
0.318132312094946
0.247077687063381
0.250053867519568
0.259440282804491
0.309291305445669
0.276142580590857
0.231328171029389
0.241754902785971
0.282014140223907
0.294551805403586
0.274880060600964
0.24951855904385
0.257746822658021
0.283815335409486
0.247754397777982
0.275031562999743
0.284990320680095
0.272971130376249
0.260884605672942
0.294827876441389
0.280956990152362
0.261130376230966
0.256696406026435
0.26989058160089
0.248084336335324
0.240007575119961
0.261379513508984
0.301568049827466
0.244027438767802
0.329272788485838
0.287296523861642
0.22228516118173
0.305776449793797
0.28164380102686
0.229200404006406
0.293504755491966
0.203559464691523
0.240482282636151
0.227486743540112
0.298339365373295
0.231233902870144
0.210306371517561
0.272580590859349
0.261473781668229
0.206552478747597
0.210797912633637
0.322869287097063
0.21278427741774
0.214188199646514
0.27603484555172
0.334878377240983
0.225773083073818
0.233287602053707
0.235708273714351
0.231604242067164
0.215989394832093
0.24296018853633
0.237825940577409
0.268863732009095
0.244912886120716
0.24697331874421
0.231311337429503
0.312590691019295
0.274351485565205
0.248350307213201
0.23272872653817
0.259440282804491
0.248926016328596
0.258208063294347
0.230035350559717
0.294090564767288
0.235250399797991
0.261695985186435
0.220904805992774
0.24500042084
0.226759532025937
0.228846898409245
0.266725864826213
0.245959936032335
0.24537749347698
0.234213450046298
0.248653312010788
0.247309990741513
0.229200404006406
0.261052941671579
0.241929972224568
0.231105967511155
0.251929130544568
0.19564093931487
0.254279101085785
0.236092079791263
0.228176921134605
0.235250399797991
0.214777375641802
0.241475465028202
0.232240552142088
0.202004040063969
0.265066071879488
0.21476390876191
0.244357377325144
0.261951855904385
0.19796060937631
0.229149903206803
0.29678394074574
0.234415453244679
0.244646915242839
0.213844794209251
0.212858345257132
0.229900681760796
0.24914821984683
0.307180372022572
0.232523356619822
0.188900765928793
0.215989394832093
0.226759532025937
0.239223129366223
0.206808349465547
0.230691860954465
0.223167241814679
0.220685969194506
0.278795555929634
0.182631933338939
0.217369750021049
0.206680414106557
0.254205033246365
0.25236343742111
0.201152259910799
0.251104284151182
0.24862974497097
0.287289790421681
0.245101422439205
0.261817187105464
0.211750694386012
0.252036865583705
0.220558033835545
0.20080548775357
0.21596919451224
0.220278596077776
0.217841090817274
0.185823583873429
0.243556097971549
0.253413854052695
0.191732177426161
0.225490278596084
0.221450214628419
0.188853631849184
0.21654153690767
0.220871138793029
0.218851106809211
0.203785034929723
0.241478831748168
0.250521841595827
0.246818449625465
0.220904805992774
0.21784445753724
0.197354599781164
0.262163959262693
0.195142664758862
0.209781163201768
0.200744886794041
0.248229105294172
0.242731251578164
0.227931150576552
0.202721151418245
0.223911286928711
0.209309822405515
0.246431276828559
0.188375557613
0.196974160424219
0.235412002356725
0.214844710041262
0.217484218500147
0.149388940324883
0.262985438936113
0.193691608450479
0.23859355273126
0.218564935611482
0.208858681929144
0.207983334736127
0.207178688662566
0.241334062789321
0.199812305361519
0.217750189377995
0.218383132732953
0.215844625873245
0.206246107230044
0.185823583873429
0.195193165558464
0.190860196953139
0.197714838818285
0.213043514855656
0.213844794209251
0.188900765928793
0.194024913727816
0.184035855567714
0.213912128608712
0.177753556097969
0.255787391633703
0.215676289874608
0.189055635047566
0.200670818954649
0.190951098392389
0.205118256039071
0.223022472855831
0.202906321016769
0.199872906321019
0.217804056897563
0.196974160424219
0.209781163201768
0.210666610554682
0.178645736890843
0.247468226580253
0.163202592374375
0.187089470583288
0.228671828970619
0.220739836714102
0.229375473445003
0.214837976601302
0.194297618045624
0.23164464270684
0.16590943523272
0.258329265213376
0.231429172628566
0.219170945206628
0.186944701624441
0.229533709283743
0.2261400555509
0.181194343910448
0.205936368992525
0.190126251999004
0.25742361754061
0.18207305782343
0.232977863816188
0.246128272030973
0.191910613584724
0.19532446763742
0.210114468479105
0.168848581769225
0.215767191313859
0.224699099402415
0.179628819122968
0.19668798922649
0.175080380439368
0.226762898745903
0.197280531941772
0.222386162780907
0.161458631428332
0.152203518222393
0.14905900176754
0.16843110849257
0.177753556097969
0.200717953034257
0.246434643548525
0.194927194680588
0.194331285245369
0.17372359229023
0.190749095194008
0.170003366719982
0.220318996717452
0.221009174311945
0.239283730325724
0.187092837303254
0.174184832926528
0.216551637067596
0.194294251325658
0.185183907078539
0.229217237606264
0.189244171366056
0.202270010941845
0.263527480851792
0.199246696406021
0.196374884269005
0.188025418735805
0.192415621580693
0.159135594646926
0.194849760121201
0.201004124231986
0.218383132732953
0.166384142748939
0.225332042757344
0.21243750526051
0.172626041579008
0.225278175237776
0.204290042925692
0.211575624947415
0.236075246191405
0.138181129534559
0.23585304267317
0.189816513761485
0.155472603316213
0.197479168420188
0.205438094436516
0.174572005723434
0.157957242656352
0.168478242572178
0.137975759616211
0.195546671155626
0.191856746065156
0.177430350980558
0.174410403164728
0.205087955559293
0.225045871559644
0.170097634879227
0.149627977442975
0.182652133658792
0.164572847403434
0.162505681339951
0.188452992172387
0.165337092837319
0.181258311589943
0.146513761467901
0.200586650955302
0.16278511909772
0.203956737648355
0.174545071963649
0.168872148809044
0.198644053530842
0.186069354431453
0.174578739163366
0.238031310495757
0.200532783435733
0.163785034929731
0.178275397693795
0.158657520410742
0.167195522262432
0.182079791263362
0.184968437000265
0.1695151923239
0.189230704486164
0.149365373285093
0.14860786129114
0.180985607272135
0.186971635384225
0.198243413854073
0.1807634037539
0.167522094099837
0.157873074657033
0.182200993182391
0.195459136436341
0.15300479757596
0.156092079791279
0.185665348034689
0.137716522178266
0.164152007406784
0.186715764666275
0.144412928204702
0.141009174311932
0.151116067671069
0.168222371854228
0.162552815419588
0.140312263277508
0.215272283477816
0.164024072047823
0.185843784193253
0.182369329181057
0.179571584883433
0.172356703981166
0.132430771820566
0.194395252924835
0.188426058412603
0.151873579665022
0.180342563757279
0.14905900176754
0.154876693880993
0.146129955390961
0.192196784782425
0.141446847908441
0.193264035013897
0.158721488090237
0.159135594646926
0.170568975675451
0.169094352327249
0.152405521420775
0.165518895715849
0.177292315461671
0.140419998316645
0.173349886373217
0.149627977442975
0.167313357461495
0.150233987038149
0.192759027017928
0.1750265129198
0.168057402575556
0.159522767443832
0.130915747832688
0.194243750526056
0.176837808265304
0.137174480262615
0.140625368234993
0.144325393485417
0.135443986196464
0.13764582105884
0.168131470414949
0.154863227001101
0.144056055887546
0.166124905310994
0.162872653817033
0.158569985691457
0.140881238952971
0.182833936537349
0.160526049995809
0.151210335830314
0.127697163538443
0.156506186347968
0.125007154279956
0.163886036528908
0.17614089723088
0.147850349297215
0.14905900176754
0.148011951855921
0.147830148977363
0.172198468142426
0.189112869287101
0.156159414190739
0.159566534803474
0.152277586061786
0.154065314367472
0.150816429593476
0.178140728894874
0.155196532278438
0.149971382880238
0.149025334567796
0.129804730241574
0.160162444238694
0.151823078865419
0.174558538843542
0.165505428835957
0.141271778469843
0.185042504839657
0.15119013551049
0.145416210756679
0.159357798165132
0.142833936537329
0.138171029374632
0.15319333389445
0.139504250483981
0.139100244087217
0.15061779311506
0.163448362932428
0.137767022977869
0.176632438346957
0.149867014561067
0.131488090228089
0.128171871054633
0.167276323541785
0.140339197037292
0.148981567208153
0.140241562158081
0.168946216648436
0.119889739920893
0.155472603316213
0.144416294924667
0.15475885868193
0.135369918357043
0.142046124063626
0.164939819880487
0.145594646915242
0.137686221698516
0.124889319080893
0.145493645316066
0.182490531100086
0.148375557613008
0.137642454338874
0.126572679067436
0.159670903122645
0.127882333136938
0.125475128356214
0.15189714670484
0.152068849423443
0.144513929803907
0.130730578234164
0.13544735291643
0.151614342227106
0.181157309990738
0.114880060600967
0.125552562915573
0.173151249894801
0.160546250315633
0.141581516707362
0.136194764750456
0.148486659372111
0.157533035939736
0.139043009847654
0.111210335830322
0.135036613079706
0.139265213365888
0.119849339281217
0.110516791515863
0.148715596330277
0.151910613584732
0.166781415705742
0.137070111943444
0.118415116572692
0.13009426815924
0.135858092753153
0.140625368234993
0.150065651039483
0.114752125241978
0.126296608029634
0.111809611985535
0.127818365457472
0.136275566029809
0.152422355020633
0.152129450382972
0.110005050079963
0.142854136857181
0.142325561821394
0.139221446006246
0.133484555172117
0.126475044188197
0.121078192071394
0.131703560306391
0.14334567797323
0.132026765423802
0.117209830822333
0.141160676710712
0.123232892854134
0.143423112532616
0.13347445501222
0.121411497348703
0.138049827455603
0.127296523861645
0.133817860449454
0.114415453244675
0.129037118087723
0.135443986196464
0.128320006733446
0.137076845383405
0.125007154279956
0.132585640939311
0.142837303257295
0.165993603232067
0.144170524366643
0.169067418567465
0.141982156384159
0.132551973739595
0.129703728642369
0.122488847740101
0.11910866088715
0.117381533540964
0.114752125241978
0.127882333136938
0.131060516791536
0.12767696321859
0.116341217069277
0.115607272115142
0.114055214207553
0.121441797828481
0.133430687652549
0.123320427573447
0.116230115310174
0.17420503324638
0.119367898325066
0.13554498779564
0.108116320175071
0.14335241141319
0.125643464354852
0.137309149061537
0.112870128777047
0.130851780153193
0.141456948068338
0.135457453076356
0.114917094520678
0.108274556013811
0.138224896894201
0.129239121286105
0.107564178099494
0.124518979883845
0.125168756838661
0.128996717448047
0.124212608366292
0.129208820806326
0.129373790085026
0.135285750357724
0.123549364531613
0.107648346098813
0.123320427573447
0.129656594562761
0.126283141149742
0.11279269421766
0.125451561316396
0.118785455769711
0.129804730241574
0.116586987627301
0.150584125915344
0.110890497432877
0.119701203602403
0.106577729147375
0.121990573184092
0.122653817018772
0.0946225065230237
0.127478326740174
0.124047639087621
0.147281373621752
0.13178772830571
0.12499705412003
0.116603821227187
0.121438431108487
0.0922153017422715
0.121539432707692
0.118475717532192
0.106140055550895
0.147735880818118
0.103059506775537
0.11544230283647
0.11604494571165
0.117028027943775
0.128353673933191
0.117253598181975
0.13455853884355
0.114338018685316
0.123444996212442
0.126596246107226
0.114028280447769
0.103083073815355
0.123333894453339
0.139484050164128
0.127050753303593
0.133137783014917
0.0990059759279518
0.120899755912802
0.130656510394743
0.137036444743728
0.127219089302258
0.108116320175071
0.100147293998816
0.130144768958843
0.125387593636901
0.109543809443664
0.104749600202013
0.129053951687581
0.1084630923323
0.13267654237859
0.123939904048484
0.098891507448883
0.12395000420841
0.0874783267401824
0.11279269421766
0.106544061947659
0.118149145694815
0.0990059759279518
0.0986928709704671
0.122411413180714
0.100729736554172
0.108294756333663
0.110863563673092
0.104840501641291
0.131161518390712
0.103382711892948
0.125986869792115
0.112711892938307
0.0853471929972329
0.0894916252840687
0.131801195185602
0.0993796818449653
0.139817355441465
0.0999621244003208
0.109870381281041
0.101238111270106
0.102211093342305
0.096598771147228
0.107648346098813
0.107049069943628
0.108277922733777
0.110291221277691
0.116179614510571
0.104470162444244
0.110385489436936
0.122596582779238
0.0776138372191042
0.114082147967338
0.0921479673428109
0.121196027270429
0.114620823163051
0.104931403080542
0.10642286002863
0.120014308559888
0.10250063126
0.0975582863395346
0.120172544398628
0.108958000168343
0.111442639508454
0.131902196784779
0.124865752041075
0.0881449372948566
0.108964733608303
0.131558791347544
0.118021210335826
0.0613963471088255
0.0865019779479894
0.106544061947659
0.0986928709704671
0.108325056813413
0.115122464439025
0.0814249642286029
0.11078276239374
0.0969287097045708
0.097490951940074
0.118994192408053
0.0857040653143883
0.116566787307477
0.108240888814066
0.0937875599697122
0.119744970962046
0.0957469909940301
0.108271189293845
0.106247790590032
0.0872392896220902
0.116974160424206
0.119889739920893
0.0973428162612606
0.0940501641275944
0.118566618971471
0.097043178183668
0.0910066492719466
0.113338102853305
0.111870212945036
0.0908585135931332
0.112210251662333
0.10409645652723
0.124017338607871
0.0897575961619452
0.0987097045703251
0.106183822910538
0.090831579833349
0.106432960188556
0.107109670903128
0.114570322363448
0.109052268327588
0.112856661897155
0.0864548438683812
0.0974471845804317
0.106177089470577
0.0968883090648944
0.0966593721067284
0.104783267401729
0.0821387088628853
0.104146957326833
0.111883679824928
0.1022750610218
0.100975507112196
0.101248211430033
0.0920738995034185
0.116927026344598
0.0807987543136051
0.0923331369413347
0.0987366383301094
0.0766408551468771
0.0940501641275944
0.0879799680161568
0.0823306119013694
0.0969017759447866
0.12005807591953
0.0825427152596774
0.0812936621496476
0.107513677299892
0.108580927531364
0.101430014308562
0.093565356451478
0.0983662991330903
0.0973663833010789
0.098234997054135
0.0783646157730971
0.082610049659138
0.0924274051005796
0.0989891423280937
0.0765364868277061
0.115970877872229
0.0724223550206204
0.0916665263866889
0.114149482366798
0.0880338355357253
0.0848017843615878
0.0807684538338549
0.121401397188805
0.0653623432370978
0.081845804225253
0.107126504502986
0.0973697500210449
0.102133658782947
0.0887105462503257
0.0963193333894594
0.0889798838481681
0.0876803299385642
0.0946999410824105
0.11231798670147
0.0900639676794981
0.097171113542629
0.0839197037286397
0.0594874168841102
0.108520326571835
0.106305024829567
0.0674530763403709
0.0740720478074195
0.105951519232406
0.0957941250736667
0.0828995875768044
0.0797786381617698
0.0900841679993221
0.0775532362595754
0.086128272030976
0.0945585388435291
0.0903198383974484
0.0763445837892505
0.101012541031906
0.0850206211598561
0.0920604326235264
0.0907406783940701
0.111368571669061
0.0787618887299004
0.0777350391381333
0.103392812052874
0.0737926100496793
0.06821395505429
0.0855155289958702
0.119361164885106
0.0960903964312934
0.0699949499200443
0.085451561316404
0.0876870633785245
0.0853370928373067
0.102938304856508
0.0721732177426304
0.099477316724176
0.0813609965491082
0.123788401649705
0.0821723760626298
0.0974774850601818
0.0939255954885994
0.0838389024492869
0.0938717279690309
0.0858353673933152
0.0841082400471294
0.107466543220283
0.0756914401144684
0.0609081727127432
0.100440198636477
0.0729475633364132
0.0589150744886808
0.0990463765676282
0.0803139466374887
0.0717321774261563
0.122078107903377
0.0875119939398985
0.0681701876946477
0.0742100833263351
0.0882493056139992
0.0700252503997945
0.0880574025755436
0.0785834525713369
0.0636587829307302
0.0848489184412244
0.0733179025334607
0.0644196616446493
0.0641334904469488
0.0791759952865903
0.0811219594310444
0.0582316303341486
0.0691364363269145
0.107106304183162
0.0766677889066614
0.0845021462839952
0.0862831411497496
0.0624097298207289
0.0655508795555875
0.0775532362595754
0.0738969783688219
0.0763816177089609
0.0838725696490314
0.0817044019863715
0.077620570659036
0.0746174564430646
0.0669043009847599
0.0860878713912996
0.0766374884269112
0.08829307297367
0.0841823078865502
0.0771761636225961
0.0835964986112288
0.0801220435990331
0.0588679404090726
0.0977872232977006
0.0801557107987492
0.0678402491372765
0.0850812221193564
0.0875793283393591
0.0803476138372332
0.0703686558370578
0.0691364363269145
0.0740720478074195
0.0780885447352944
0.0625443986196501
0.068742530090077
0.0750012625200043
0.0546999410824185
0.0734256375725977
0.0694091406447228
0.0657629829138955
0.0773882669809041
0.0751965322784258
0.0811286928709762
0.0801792778385675
0.0694731083242175
0.0785194848918422
0.0763984513088189
0.0553699183570586
0.0684866593721267
0.0851418230788852
0.0676887467384972
0.0733179025334607
0.0629686053362661
0.0653623432370978
0.0764253850686032
0.0610832421513408
0.070058917599539
0.0686213281710479
0.0789571584883504
0.0600429256796531
0.0613458463092513
0.0704191566366603
0.0609889739920959
0.0568950425048342
0.0773377661813015
0.0807684538338549
0.0687593636899351
0.0684900260920926
0.0687728305698272
0.0821757427825958
0.0756712397946444
0.0834214291726312
0.096514603147881
0.0808930224728499
0.0827211514182409
0.0638843531689304
0.0700252503997945
0.0691297028869826
0.0558850265129252
0.0608374715933167
0.0651536065987841
0.0812532615099713
0.0575683864994687
0.0688603652891118
0.0723819543809441
0.0594874168841102
0.0702306203181706
0.0603358303173138
0.072897062536839
0.050404006396775
0.0749911623600781
0.0521681676626713
0.0579723928962324
0.068426058412598
0.0775902701792859
0.0684529921723822
0.0547100412423163
0.061534382627741
0.0657629829138955
0.0727253598182074
0.0683755576129954
0.0694327076845411
0.0714662065482798
0.0650223045198288
0.068301489773603
0.0632278427741824
0.0737084420503322
0.0715773083073827
0.068193754734466
0.0592483797660179
0.0641099234071305
0.063419745812638
0.075331201077347
0.059585051763321
0.0588881407288966
0.0637833515697537
0.0757823415537473
0.0699242488006178
0.0620629576634997
0.0707423617540712
0.0628743371770213
0.0604065314367688
0.0927135762983085
0.0676180456190707
0.0527674438178565
0.0548480767612318
0.0650223045198288
0.0666181297870594
0.0590261762477837
0.058376399292996
0.0658235838734242
0.0578915916168796
0.0562418988300806
0.0685539937715873
0.0575683864994687
0.0596523861627816
0.0525587071795428
0.0736949751704401
0.0538346940493284
0.0662881912296882
0.0525991078192192
0.0629652386162718
0.0581710293746482
0.064288359565694
0.0570499116236078
0.0656754481946109
0.062211093342313
0.0708669303930662
0.0565348034677413
0.0555079538759458
0.0575986869792189
0.0935417894116597
0.0695236091238201
0.0769606935443221
0.0626319333389631
0.0611034424711931
0.0583898661728881
0.0608004376736062
0.0549591785203347
0.0548750105210161
0.0918786297449685
0.0615276491877808
0.0545720057234291
0.0619552226243627
0.058588502651304
0.0666080296271332
0.0739407457284926
0.0740148135678851
0.0578107903375269
0.0620831579833521
0.0553699183570586
0.0550332463597272
0.0501043683191824
0.0668773672249756
0.078048144095618
0.0548413433212716
0.0702945879976369
0.0594874168841102
0.0594537496843657
0.0631201077350454
0.0477173638582542
0.0505622422355145
0.0475557612995487
0.0752874337177047
0.0621134584631022
0.0527943775776407
0.0547773756417769
0.0583898661728881
0.0613256459893989
0.059140644726881
0.053582190051344
0.0747117246023095
0.0468117161855162
0.0669211345846463
0.0426841174985384
0.0489765171281817
0.0617094520663386
0.0782568807339601
0.068230788654148
0.0518079286255499
0.0576424543388612
0.0555449877956562
0.0549692786802609
0.0651233061190339
0.0670793704233859
0.0734929719720583
0.0673823752209444
0.0667527985859806
0.0583326319333537
0.062743035098066
0.0697592795219464
0.0602617624779214
0.0592753135258022
0.052376904300985
0.058588502651304
0.0515251241478154
0.0528280447773852
0.0553598181971324
0.0623390287013024
0.0540770978873866
0.0540939314872446
0.0598005218415949
0.0651165726790737
0.0678537160171686
0.0440813062873531
0.0549625452403006
0.0614030805487857
0.0552285161181771
0.0425629155795093
0.0606927026344692
0.0684630923323084
0.0587905058496858
0.0543801026849735
0.0547167746822765
0.0607499368740037
0.0565482703476334
0.0550635468395058
0.0625948994192527
0.0484546755323834
0.0576828549785375
0.0516227590270262
0.0529896473360907
0.0530771820554037
0.0480203686558411
0.0536091238111283
0.0478924332968802
0.0567132396263048
0.0595682181634629
0.0604435653564508
0.0568007743455894
0.0484883427320995
0.0551578149987506
0.0549288780405846
0.0487004460904075
0.0638742530090042
0.0471584883427454
0.0665878293073092
0.0530031142159828
0.0501245686390064
0.0587501052100095
0.0556325225149408
0.0493704233650476
0.0572014140223871
0.0559321605925618
0.0786137530510871
0.0592113458463075
0.0528549785371695
0.0516968268664186
0.050171702718643
0.0523163033414846
0.0621841595825288
0.0515352243077132
0.0810613584715156
0.0671904721824887
0.0745938894032463
0.0616387509468836
0.0489462166484316
0.0528549785371695
0.0471854221025296
0.0496330275229298
0.048451308812389
0.0502525039979957
0.0611573099907616
0.0743851527649326
0.0485287433717758
0.0403678141570651
0.0552083157983532
0.0528482450972092
0.0459902365120968
0.0493131891255132
0.0551275145190004
0.0515958252672419
0.049303088965587
0.0467174480262713
0.0470440198636481
0.0512153859102966
0.0502693375978538
0.0419468058244377
0.0444718458042246
0.0504881743960937
0.0521648009426769
0.0552924837976718
0.0536091238111283
0.0508955475128516
0.0541477990068131
0.0417448026260558
0.0508989142328176
0.0467847824257319
0.0504713407962356
0.0536124905310942
0.0524206716606557
0.0521648009426769
0.0527506102179984
0.0426874842185043
0.047562494739509
0.0495993603232137
0.060026092079795
0.05617456443062
0.0520469657436422
0.0639954549280333
0.0669750021042148
0.0592517464859839
0.0501313020789667
0.0566560053867704
0.0501885363185011
0.0437951350896526
0.0510234828718126
0.0623794293409787
0.0416572679067428
0.0440981398872111
0.0496363942429241
0.0555382543556959
0.0449128861206987
0.0462057065903707
0.0511884521505124
0.0452360912381096
0.0414013971887925
0.0580599276155169
0.048346940493218
0.046710714586311
0.0441789411665638
0.051043683191665
0.0537808265297599
0.0530569817355513
0.0447007827623906
0.0458858681929257
0.0435594646915263
0.0489731504082158
0.049942765760477
0.049979799680159
0.0489226496086133
0.0443540106051614
0.0495993603232137
0.0471584883427454
0.0429601885363127
0.0562317986701544
0.053918862048647
0.0553699183570586
0.0404351485565257
0.0583157983334672
0.0329677636562735
0.054326235165405
0.0456434643548675
0.0469430182644714
0.0507676121538623
0.0469733187442216
0.0518112953455159
0.0739845130881349
0.0444348118845426
0.0552621833179217
0.0523062031815584
0.0537639929299019
0.0495084588839347
0.0605950677552585
0.0525183065398664
0.0491414864068815
0.0423609123811275
0.0402365120781099
0.0383747159330028
0.0470406531436822
0.0398325056813462
0.039785371601738
0.0433305277333602
0.0449667536402671
0.0436469994108393
0.0441486406868137
0.0602314619981428
0.0475422944196566
0.0382333136941497
0.0546023062031793
0.0483166400134678
0.0394790000841851
0.0483570406531442
0.0515453244676394
0.0493535897651896
0.0500168335998694
0.0431823920545469
0.0450138877199038
0.0442328086861323
0.0466534803467766
0.0453707600370308
0.0431823920545469
0.036092079791274
0.0452899587576781
0.048858681929147
0.0492761552058028
0.0524543388603718
0.0375296692197651
0.035755407793971
0.0435594646915263
0.0396204023230382
0.0467511152259874
0.0373175658614571
0.0462292736301606
0.0499831664001533
0.0437682013298684
0.0517271273461972
0.0427851190977151
0.0440274387677846
0.0403173133574626
0.0425225149398329
0.0391625284067061
0.0445762141233956
0.0469564851443636
0.0460138035518867
0.0514375894285024
0.0495084588839347
0.0446031478831799
0.0415764666273901
0.0441116067671032
0.0390143927278928
0.0404115815167074
0.0457242656342203
0.0458993350728178
0.0417515360659877
0.0421387088628933
0.0433338944533261
0.0409738237522106
0.0507743455938225
0.0388797239289715
0.0417986701456243
0.0421084083831431
0.0486162780910888
0.0498181971214535
0.0471584883427454
0.0450812221193644
0.0405361501557309
0.0406506186347997
0.043195858934439
0.0435594646915263
0.0382535140139737
0.0380683444154499
0.0505521420755883
0.0431823920545469
0.0476365625789015
0.0394790000841851
0.0447378166821011
0.0434988637320259
0.0441520074067796
0.0329677636562735
0.042643716858862
0.0428894874168861
0.0452798585977803
0.0357049069943685
0.0453101590775304
0.0421016749431828
0.0553631849170984
0.0462225401902288
0.0417448026260558
0.0436436326908449
0.0398695396010567
0.0425124147799067
0.0416539011867769
0.0475153606598724
0.0422969447016328
0.0559018601127832
0.0467208147462372
0.0510234828718126
0.0405294167157706
0.0353413012372812
0.0468352832253345
0.0425056813399749
0.0479564009763465
0.0421387088628933
0.0371256628230014
0.0410478915916315
0.0382737143338261
0.0402331453581439
0.0455828633953388
0.0392298628061667
0.0453404595572806
0.0368024577055905
0.0410512583115974
0.0428490867772098
0.0428356198973177
0.0379168420166707
0.036324383469406
0.0435830317313446
0.0388022893695847
0.0472325561821378
0.0405462503156286
0.0394284992845826
0.041670734786635
0.0386002861712029
0.0397719047218459
0.0361459473108425
0.0374185674606622
0.0371290295429674
0.0420882080632907
0.0604637656763032
0.0310150660718875
0.042202676542388
0.0407314199141524
0.0423407120612751
0.037159330022746
0.0479227337766304
0.0340585809275353
0.0342538506859853
0.0406842858345442
0.0346814241225673
0.0496700614426402
0.049070785287455
0.0462225401902288
0.0487240131302258
0.04546839491627
0.0440510058076029
0.0414182307886506
0.0387719888898346
0.0399402407204832
0.039041326487677
0.0413643632690821
0.0398325056813462
0.0400042083999779
0.0387719888898346
0.033570406531453
0.0384285834525713
0.0469834189041478
0.0403812810369573
0.0405058496759523
0.0446738490026064
0.0375768032994017
0.0296077771231467
0.0384083831327473
0.0421824762225356
0.0505420419156621
0.0429803888561651
0.0371256628230014
0.0308265297533978
0.0480809696153699
0.0471719552226375
0.0293687400050544
0.0407583536739367
0.0347319249221414
0.0325469236596234
0.0433372611733205
0.0386979210504137
0.0399806413601596
0.0444348118845426
0.0451014224391884
0.034018180287859
0.040249978958002
0.0355904385152712
0.0359742445922109
0.0443371770053034
0.0281836545745477
0.040374547596997
0.0357991751536133
0.0404486154364179
0.0359136436327105
0.0399974749600176
0.0310588334315298
0.0412566282299451
0.046586145947316
0.0333684033330712
0.0396204023230382
0.037512835619907
0.0378495076172101
0.035987711472103
0.0437311674101579
0.0275675448194761
0.0451283561989726
0.0437749347698002
0.0344962545240435
0.0371121959431093
0.040037875599694
0.0350349297197283
0.0357318407541527
0.0434315293325653
0.0350012625199838
0.0314662065482878
0.0365701540274586
0.0378259405773917
0.0338767780490059
0.0340619476475013
0.0369068260247616
0.0369034593047672
0.0379067418567445
0.0309140644726824
0.0359069101927503
0.0360516791515977
0.0356746065146183
0.0335199057318505
0.0385161181718843
0.0350921639592627
0.0419939399040459
0.0331866004545134
0.0495118256039007
0.0384959178520319
0.0472561232219562
0.0410613584715236
0.0312978705496221
0.0348564935611648
0.0355837050753394
0.0287122296103064
0.0385295850517764
0.0366543220267772
0.0413441629492581
0.0269884689840865
0.0353749684369973
0.035223466038218
0.0373714333810256
0.0359506775523926
0.0430813904553702
0.0407112195943284
0.0357082737143344
0.0418155037454824
0.0391894621664903
0.0379774429761994
0.0277156804982894
0.0275675448194761
0.0417683696658742
0.038809022809545
0.0457612995539307
0.0354153690766736
0.0326479252588285
0.035526470835805
0.0283317902533611
0.0320924164632572
0.0388999242487955
0.0361627809107006
0.0346511236427887
0.0319678478242622
0.0428221530174255
0.045165390118683
0.0314695732682537
0.0342033498863827
0.0413811968689686
0.0300185169598706
0.0299915832000863
0.0366980893864195
0.041330696069366
0.0304023230367818
0.0340585809275353
0.0333684033330712
0.047545661139651
0.0372704317818489
0.0358328423533578
0.0332943354936504
0.0370078276239383
0.0389201245686479
0.0314763067081856
0.0331226327750187
0.0334626714923161
0.0382198468142576
0.0399133069606989
0.0227531352579717
0.0315806750273566
0.0327960609376419
0.0342538506859853
0.030607692955158
0.0428221530174255
0.0359405773924948
0.0340585809275353
0.033058665095524
0.0312877703896959
0.0304258900766001
0.028991667368075
0.0345029879639753
0.0320116151839045
0.0347150913222833
0.0263891928289013
0.0337724097298349
0.0335535729315666
0.0413778301489742
0.0270490699436152
0.0295168756838677
0.027995118256058
0.033486238532106
0.0345164548438675
0.0340013466880009
0.0295337092837258
0.0362166484302691
0.0322169851022807
0.0350618634795126
0.028547260331635
0.0383545156131788
0.0497912633616693
0.0333044356535765
0.0285236932918167
0.0309308980725689
0.0309746654322112
0.0261905563504854
0.0295404427236861
0.0306985943944085
0.0291465364868486
0.0244970962040441
0.0366004545072087
0.0320351822237228
0.0296414443228628
0.028779564009767
0.0300353505597286
0.0350281962797681
0.0365162865078901
0.0349406615604835
0.0280893864153029
0.0416303341469586
0.0362132817103031
0.0324425553404808
0.0384622506523158
0.038492551132066
0.0295471761636179
0.033041831495666
0.0265709957074307
0.032385321100918
0.028459725612322
0.0326378250989023
0.0309712987122452
0.0313450046292587
0.0270490699436152
0.0253758101169979
0.0344356535645147
0.0238978200488305
0.0259548859523591
0.031281036949764
0.0285236932918167
0.0316816766265617
0.0267494318660226
0.0300555508795526
0.0280287854557741
0.0292812052857698
0.0283048564935768
0.0292105041663149
0.0359237437926083
0.0296347108829309
0.0323112532615255
0.0323987879808101
0.0285539937715669
0.0266282299469935
0.0295337092837258
0.0305740257554135
0.0275608113795158
0.0290354347277173
0.0233759784530037
0.0307760289537953
0.0364826193081456
0.0342370170860988
0.0277392475380793
0.0294529080043731
0.0302272535981842
0.0292879387257017
0.0228474034172166
0.0311497348708087
0.026453160508396
0.0299848497601261
0.0316682097466696
0.0237160171702726
0.0246586987627495
0.0277156804982894
0.0242378587660994
0.0322439188620649
0.0316614763067093
0.0306379934349081
0.0309140644726824
0.0334290042925716
0.0262814577897643
0.0245038296439759
0.0270558033835471
0.0297895800017045
0.0238641528490859
0.0263420587492647
0.0260558875515642
0.0292004040064171
0.0283149566534746
0.0302070532783603
0.0300555508795526
0.0239786213281832
0.0282341553741219
0.0290051342479671
0.0293249726454121
0.0267797323457728
0.0275406110596919
0.0270558033835471
0.0261299553909566
0.0262545240299801
0.0239382206885068
0.0250559717195529
0.0235847150913173
0.0262242235502015
0.0287829307297329
0.0224501304604132
0.0249314030805579
0.0266349633869254
0.0317321774261359
0.0305066913559529
0.0223558623011684
0.0275136772999076
0.0263555256291568
0.0216252840669995
0.0315672081474645
0.0293754734450147
0.0301329854389394
0.0350012625199838
0.0316480094268172
0.0263487921892249
0.0291600033667407
0.0304662907162765
0.0246115646831129
0.0260693544314563
0.0387989226496188
0.0365701540274586
0.0269043009847678
0.0249415032404841
0.0248102011615288
0.0261804561905592
0.0376374042589021
0.0334256375726056
0.0346006228432145
0.02867182897063
0.0267494318660226
0.024732766602142
0.0214569480683622
0.0250559717195529
0.0205546671155616
0.0271871054625024
0.0244802626041576
0.0277527144179714
0.0260828213113484
0.0249246696405976
0.0304326235165604
0.0266585304267437
0.0313450046292587
0.0454616614763097
0.0261972897904172
0.0278638161771028
0.0223726959010264
0.0250795387593712
0.0218777880649839
0.030075751199405
0.0282004881744058
0.0242109250063152
0.0215175490278625
0.0238641528490859
0.0311968689504454
0.0273352411413157
0.0255273125157771
0.0286011278512035
0.0242546923659575
0.0256619813146983
0.02583368403333
0.0276483460988288
0.0215815167073572
0.0229181045366715
0.02778301489775
0.0227194680582556
0.0239112869287226
0.0301363521589053
0.0245240299638283
0.0307457284740451
0.0236688830906644
0.0249381365204897
0.0254633448363109
0.0266652638666756
0.0246216648430391
0.0251940072384684
0.021551216227607
0.0266416968268857
0.0266113963471071
0.0225006312600158
0.0314594731083275
0.0237294840501647
0.0212414779900882
0.0193224476054183
0.0227228347782216
0.0234433128524643
0.0254128440367083
0.0246216648430391
0.0246856325225338
0.0258572510731483
0.0236251157309937
0.026045787391638
0.0245273966837942
0.0247361333221079
0.0290219678478252
0.0232278427741903
0.0220225570238313
0.0251502398787977
0.0233961787728276
0.0258639845131086
0.0229181045366715
0.0246788990825735
0.0242378587660994
0.0242950930056338
0.0235510478916012
0.0239718878882229
0.0222211935022472
0.0208206379934381
0.0257899166736877
0.0263117582695145
0.0215815167073572
0.0244331285245494
0.0248876357209156
0.0263925595488672
0.0216623179867099
0.0233052773335771
0.0215444827876468
0.0249684370002683
0.0201102600791216
0.0228945374968532
0.0268740005050176
0.0262612574699119
0.025618213955056
0.0215141823078966
0.0210596751115304
0.0240594226075359
0.0248001010016026
0.0258404174732902
0.0299478158404156
0.0270187694638651
0.0238574194091541
0.0223120949414977
0.0210967090312408
0.0259750862722115
0.0230123726959164
0.0193291810453786
0.0226689672586531
0.0206152680750904
0.0205614005555219
0.0221168251830761
0.0226049995791584
0.0232514098140086
0.0225376651796978
0.0198173554414609
0.0214805151081521
0.0215108155879307
0.0255710798754478
0.0202550290379691
0.0217868866257049
0.0223390287012819
0.0229888056560981
0.0224299301405608
0.0233456779732535
0.0225746990994082
0.0212886120696965
0.0232244760542244
0.02146704822826
0.0232446763740484
0.0223322952613501
0.0248506018012051
0.0297963134416364
0.0242647925258836
0.0223760626209923
0.0244735291642257
0.0233490446932194
0.0215747832673969
0.0208240047134041
0.0193729484050209
0.0322405521420706
0.0273621749010999
0.0211303762309569
0.0217330191061365
0.0218171871054835
0.0243893611648787
0.0195951519232551
0.0209351064725354
0.0206186347950563
0.0226689672586531
0.0212549448699804
0.0249852706001263
0.0209586735123253
0.0201977947984346
0.0243994613248049
0.021234744550128
0.0226184664590505
0.0212886120696965
0.0241435906068546
0.0225612322195161
0.0195783183233686
0.0190160760878655
0.0198038885615688
0.0258673512330745
0.0198914232808818
0.0199991583200188
0.0218138203854892
0.0215108155879307
0.0211977106304175
0.0216454843868519
0.019069943607434
0.0232143758942982
0.0209889739921039
0.0187198047302388
0.020702802794375
0.0281600875347294
0.0199048901607739
0.0226285666189767
0.0205176331958796
0.0217161855062784
0.0174370844205214
0.0206287349549825
0.0186390034508861
0.0218272872653813
0.0205041663159875
0.0235847150913173
0.0304831243161345
0.0227161013382897
0.0214805151081521
0.0187938725696597
0.0264767275481859
0.0211000757512068
0.0204637656763111
0.0184471004124305
0.0229652386162797
0.0215747832673969
0.0214737816682202
0.021658951266744
0.0195581180035447
0.0206152680750904
0.0220629576635076
0.019901523440808
0.0230763403753826
0.0217498527059945
0.0182215301742303
0.0182888645736909
0.019510983923908
0.0209452066324332
0.0171105125831161
0.020702802794375
0.0217363858261024
0.0193224476054183
0.019069943607434
0.0174370844205214
0.0199755912802004
0.020574867435414
0.0243287602053783
0.0211775103105936
0.0189925090480756
0.0190564767275418
0.0172620149819238
0.0214098139887255
0.0170768453834
0.0203762309569981
0.0199856914401266
0.0206556687147668
0.0243758942849865
0.0237429509300569
0.0179319922565639
0.0213694133490492
0.021002440871996
0.0204974328760272
0.0212987122296227
0.0201169935190819
0.0210428415116724
0.0205647672754878
0.02013382711894
0.0247832674017445
0.0221067250231499
0.0198981567208136
0.022123558623008
0.0188713071290465
0.0173764834609926
0.0193157141654865
0.0229181045366715
0.0175616530595164
0.0195581180035447
0.0187938725696597
0.0210058075919619
0.021039474791678
0.0231436747748717
0.0201910613584744
0.0208879723928987
0.0166189714670679
0.0184942344920671
0.0200799595993715
0.0198611228011316
0.0281533540947692
0.0216724181466361
0.0249213029206317
0.0187804056897676
0.0182888645736909
0.0194200824846575
0.0223592290211343
0.0165987711472155
0.0194571164043396
0.0225915326992663
0.0178478242572169
0.0193594815251288
0.0194032488847711
0.0178377240973191
0.0183359986533276
0.0191204444070365
0.0176054204191587
0.019154111606781
0.024625031563005
0.0190194428078598
0.020130460398974
0.017167746822679
0.0186524703307782
0.019581685043363
0.0178107903375349
0.0168344415453419
0.0202886962376851
0.0193056140055603
0.0176424543388691
0.0179319922565639
0.0166088713071417
0.0197668546418583
0.0185312684117491
0.0242210251662414
0.0183023314535831
0.0178309906573588
0.0200092584799449
0.0193931487248733
0.0199250904805979
0.0202179951182586
0.0238102853295175
0.023291810453685
0.0219888898240868
0.0189588418483311
0.0193594815251288
0.0173562831411687
0.0206220015150222
0.0170095109839394
0.0199587576803424
0.0219653227842969
0.018393232892862
0.0163125999495151
0.0173192492214582
0.0223928962208504
0.0171340796229345
0.0270086693039389
0.0183393653732935
0.0199149903207001
0.017841090817285
0.0180498274555987
0.0197197205622501
0.0188612069691203
0.0201102600791216
0.0192652133658839
0.0171879471425029
0.016652638666784
0.0165819375473575
0.0171374463429004
0.020487332716101
0.0169388098644845
0.0229551384563536
0.018073394495417
0.0171037791431843
0.0234130123727141
0.0193123474455206
0.0193594815251288
0.0162014981903837
0.0200631259995134
0.0185380018517094
0.0175145189798798
0.0194975170440159
0.0176525544987953
0.0155584546755279
0.0181508290548038
0.0164136015486918
0.0190531100075759
0.0192248127262076
0.017167746822679
0.0203863311169243
0.0159388940325016
0.0198173554414609
0.0165651039474994
0.0239651544482911
0.0169994108240132
0.0175919535392666
0.0167132396263128
0.016440535308476
0.0196523861627895
0.0176559212187613
0.0189958757680415
0.0176222540190167
0.0167704738658472
0.0158109586735122
0.0191305445669627
0.0178074236175405
0.0180666610554852
0.0161408972308834
0.0177198888982559
0.0190531100075759
0.0175616530595164
0.0165819375473575
0.017309149061532
0.0186625704907044
0.0154742866762092
0.018181129534554
0.0167334399461367
0.0186895042504887
0.0170196111438372
0.0172249810622134
0.0168209746654497
0.0183831327329358
0.0160903964312809
0.0194604831243339
0.0177973234576427
0.0167873074657052
0.0161745644305995
0.0188780405689783
0.0157907583536883
0.0159220604326435
0.0177266223381878
0.0178175237774667
0.0152857503577195
0.0239415874084727
0.0159927615520701
0.015784024913728
0.0191709452066391
0.0170263445837975
0.0164270684285839
0.0193157141654865
0.0205513003955957
0.017824257217427
0.0166425385068578
0.0194436495244474
0.0163260668294072
0.0186962376904489
0.0224332968605268
0.0176727548186193
0.0154776533961751
0.0158984933928252
0.0161105967511332
0.0206725023146248
0.0167704738658472
0.0138043935695862
0.0200799595993715
0.0181642959346959
0.0167502735459948
0.0167065061863525
0.0153631849171063
0.0181171618550593
0.0171913138624689
0.0142185001262476
0.0153025839575776
0.0166021378671815
0.0158580927531489
0.0177602895379323
0.0183225317734355
0.0182450972140487
0.0153833852369303
0.0168108745055235
0.0171138793030821
0.0173630165811005
0.0200530258395872
0.0167502735459948
0.0162553657099522
0.0145215049238345
0.0164708357882546
0.0157739247538018
0.0156426226748749
0.0180329938557406
0.014807676121535
0.0169152428246946
0.0164136015486918
0.020558033835556
0.0204805992761692
0.0161105967511332
0.0173933170608507
0.0168310748253475
0.0162048649103781
0.0183393653732935
0.0173158825014923
0.015996128272036
0.0167974076256314
0.0167166063462787
0.016760373705921
0.014770642201853
0.0148211430014271
0.0156863900345172
0.0140501641276103
0.0158277922733987
0.0165684706674654
0.0170903122632922
0.0158143253935066
0.0145248716438005
0.0160331621917464
0.0152049490783668
0.0180094268159223
0.0156190556350566
0.0193258143254127
0.0154810201161695
0.0151578149987586
0.0157739247538018
0.013898661728831
0.0151241477990141
0.016228431950168
0.0166863058665285
0.0145349718037266
0.0153160508374697
0.016420334988652
0.0149490783604165
0.0167233397862105
0.0140501641276103
0.0155853884353121
0.0150399797996954
0.0158277922733987
0.0162553657099522
0.0168411749852737
0.0143498022052029
0.0176087871391246
0.0172889487417081
0.0151712818786507
0.0159018601127912
0.0177569228179379
0.0187400050500912
0.0176559212187613
0.0146763740426081
0.0155483545156301
0.0166391717868919
0.0174673849002716
0.0164742025082205
0.0144036697247714
0.0150231461998089
0.0157671913138699
0.0148682770810638
0.0175919535392666
0.0158681929130751
0.0148750105209956
0.0167132396263128
0.0174505513004135
0.0163563673091573
0.0154911202760673
0.0129627135763144
0.0159254271526095
0.0150366130797011
0.015002945879985
0.0137707263698417
0.0150837471593377
0.0163967679488337
0.0147167746822845
0.0168243413854157
0.0143498022052029
0.0143296018853789
0.0146763740426081
0.0234500462923961
0.0246822658025394
0.0163597340291233
0.0141949330864577
0.0155887551553064
0.0164035013887656
0.0156123221950963
0.0140097634879339
0.0161880313104916
0.0184269000925781
0.0166156047470736
0.0147571753219609
0.0151847487585428
0.0145316050837607
0.0159388940325016
0.016420334988652
0.0185649356114936
0.0142454338860318
0.0170835788233319
0.0140568975675421
0.0189891423280812
0.0171509132227925
0.0165078697079366
0.0140972982072185
0.0160971298712411
0.0139929298880759
0.0147100412423242
0.0152419829980772
0.0154406194764931
0.0154843868361354
0.0154069522767486
0.0178983250568194
0.0139289622085812
0.0164270684285839
0.0156055887551645
0.0133431529332597
0.0137202255702391
0.0179791263361722
0.0149490783604165
0.0172115141823213
0.0157234239542277
0.0150500799595932
0.0128213113374329
0.0181373621749117
0.0138414274892682
0.0150837471593377
0.0148514434812057
0.0130401481356728
0.0145282383637948
0.0142993014056003
0.0132185842942647
0.0151308812389743
0.016228431950168
0.0158412591532908
0.0152184159582589
0.0158378924332965
0.0159893948321042
0.0125048396599823
0.014662907162716
0.0153598181971404
0.015339617877288
0.0156190556350566
0.0138750946890127
0.0142218668462419
0.0129829138961384
0.0138279606093761
0.0143228684454186
0.0138043935695862
0.0157469909940176
0.0148649103610978
0.0150298796397692
0.020238195438111
0.0167906741856712
0.0159624610723199
0.0219686895042628
0.0152487164380091
0.0142151334062817
0.013706758690347
0.0161307970709572
0.0142454338860318
0.0141275986869971
0.0170364447437237
0.0141477990068211
0.0129829138961384
0.013578823331386
0.0159725612322177
0.014770642201853
0.0145046713239765
0.0134273209325784
0.0142218668462419
0.0141578991667473
0.0126327750189432
0.0156224223550225
0.0156190556350566
0.0138380607693023
0.0143397020452767
0.0133364194933279
0.0144036697247714
0.0172889487417081
0.0155584546755279
0.0146696406026479
0.0172148809022872
0.0137101254103129
0.0143498022052029
0.0151241477990141
0.0159691945122518
0.0147504418820006
0.0140333305277522
0.01315461661477
0.01924501304606
0.0131950172544464
0.0146595404427217
0.0127203097382562
0.0183629324131118
0.0134609881323229
0.0118752630250185
0.0148615436411035
0.0150904805992695
0.0142353337261341
0.0144407036444818
0.0116934601464607
0.0141477990068211
0.0188780405689783
0.0146797407625741
0.0159523609123937
0.0144777375641922
0.0144811042841582
0.013723592290205
0.0153631849171063
0.0144306034845556
0.0142016665263895
0.0147033078023924
0.0172014140223951
0.0150433465196613
0.0133094857335436
0.0143060348455606
0.0156358892349147
0.0163260668294072
0.0141174985270709
0.0137303257301653
0.0142892012457025
0.0115352243077211
0.0137606262099155
0.0139289622085812
0.0132354178941227
0.0107844457537283
0.0132690850938673
0.0141343321269289
0.0135316892517494
0.0138851948489389
0.0130906489352753
0.0167334399461367
0.0135687231714599
0.0132589849339411
0.0108921807928652
0.0132657183738729
0.0133970204528282
0.0112591532699469
0.0131512498948041
0.0153732850770325
0.0136360575709205
0.0124274051005955
0.01315461661477
0.0146797407625741
0.0118752630250185
0.0141679993266735
0.0154136857167089
0.0199048901607739
0.013491288612073
0.013918862048655
0.0126731756586196
0.0147740089218189
0.0124509721403854
0.0131916505344805
0.0139794630081838
0.0133397862132938
0.0139053951687629
0.0143834694049474
0.0141040316471788
0.0138582610891547
0.0153631849171063
0.0140737311674286
0.0127539769379723
0.0127068428583641
0.0128246780573988
0.0114813567881527
0.0131310495749517
0.0173899503408848
0.0153598181971404
0.0127236764582221
0.0120132985439056
0.0127236764582221
0.0119223971046267
0.0119122969447005
0.0137168588502732
0.0142858345257082
0.0137808265297679
0.0132960188536515
0.0124913727800902
0.0124173049406693
0.0119190303846608
0.0129593468563201
0.0127135762982959
0.0119122969447005
0.0107507785540122
0.0129492466964223
0.0142521673259921
0.013494655332039
0.0125250399798063
0.0140838313273264
0.0127876441377168
0.0136528911707785
0.0116059254271477
0.0137000252504151
0.0132455180540489
0.0135687231714599
0.0129021126167856
0.0118786297449844
0.0133465196532256
0.0137437926100574
0.0134778217321809
0.0130367814157069
0.0120772662234003
0.0136091238111362
0.0115352243077211
0.0106969110344437
0.0150534466795875
0.0162452655500545
0.0128953791768538
0.0146595404427217
0.012373537581027
0.0125418735796643
0.012838144937291
0.0117809948657452
0.0135922902112782
0.0120671660634741
0.0138346940493363
0.0118079286255579
0.0120402323036899
0.0125216732598403
0.0118617961451264
0.0122355020621114
0.0132320511741568
0.0103232051174302
0.0119190303846608
0.0130603484555252
0.0113433212692655
0.011292820469663
0.0146696406026479
0.0129761804562065
0.0113029206295892
0.0129492466964223
0.0153429845972539
0.0154978537160275
0.0114375894285104
0.0115486911876133
0.0137505260499893
0.0128482450972172
0.0131748169346224
0.012693375978472
0.0136091238111362
0.0140030300479737
0.0135518895716018
0.0117641612658872
0.0126327750189432
0.013370086693044
0.0105757091154146
0.0127741772578247
0.0122153017422875
0.0151982156384349
0.0118786297449844
0.0107844457537283
0.0118752630250185
0.0126193081390511
0.0127472434980405
0.0112591532699469
0.0116261257470001
0.0139053951687629
0.0120200319838375
0.0114847235081186
0.0113601548691236
0.0123264035013904
0.011414022388692
0.0116900934264947
0.0134407878124705
0.0112759868698049
0.0122153017422875
0.0126395084589035
0.0126529753387956
0.0126832758185458
0.0113197542294472
0.0114005555087999
0.0118112953455238
0.0114981903880107
0.0116799932665685
0.0109965491120363
0.0115419577476814
0.0112456863900547
0.0112692534298446
0.0106767107145913
0.0124072047807431
0.0118011951855976
0.0116059254271477
0.0122119350223215
0.0118516959852002
0.0109662486322861
0.0127573436579382
0.0115587913475395
0.0134778217321809
0.0112355862301285
0.0105555087955622
0.011733860786137
0.0106767107145913
0.012922312936638
0.0123466038212428
0.0136259574109943
0.0126024745391931
0.0121210335830426
0.010845046713257
0.011417389108658
0.012373537581027
0.0113601548691236
0.0107777123137964
0.0118382291053081
0.0118685295850582
0.0139861964481156
0.0123634374211008
0.0123398703812825
0.0126327750189432
0.0114746233482208
0.0116530595067843
0.0123466038212428
0.0134609881323229
0.0114005555087999
0.0137841932497338
0.0109864489521101
0.0123533372611746
0.0120267654237978
0.0113163875094813
0.0109965491120363
0.0104646073562833
0.0120301321437637
0.0104949078360619
0.0116597929467162
0.0115150239878972
0.0114241225486182
0.0108181129534728
0.0114847235081186
0.0106262099149887
0.0110100159919284
0.0122523356619979
0.0112827203097368
0.011292820469663
0.011858429425132
0.0108888140728993
0.0112759868698049
0.0115183907078631
0.0103703391970384
0.0114409561484763
0.0104545071963571
0.0106093763151307
0.0108517801531889
0.0126563420587615
0.0101649692786907
0.0116496927868184
0.0105757091154146
0.0137101254103129
0.0115991919872158
0.0132892854136912
0.0104107398367148
0.0113500547091974
0.0112591532699469
0.0115722582274316
0.0107945459136545
0.0101649692786907
0.0136764582105968
0.0119998316640135
0.011289453749697
0.0110100159919284
0.0135013887719992
0.0129324130965358
0.0138010268495918
0.0102525039979753
0.0102929046376516
0.0100067334399512
0.011380355188976
0.0116934601464607
0.0119863647841214
0.0118988300648084
0.0106767107145913
0.0108147462334784
0.0113567881491576
0.0102861711977198
0.0103299385573621
0.0113769884689816
0.0100875347193039
0.0110100159919284
0.0111446847908496
0.0122254019022137
0.0115385910276871
0.0121008332631902
0.00978116320175104
0.00971719552225636
0.0104747075162095
0.0106127430350966
0.0107777123137964
0.0106767107145913
0.0102693375978618
0.0117910950256714
0.0120233987038318
0.0114712566282265
0.012838144937291
0.0104275734365729
0.0105487753556304
0.0111446847908496
0.0102558707179696
0.0101649692786907
0.0115554246275735
0.0103467721572201
0.0101986364784068
0.0110941839912471
0.0110268495917865
0.0122220351822193
0.0135586230115337
0.0112187526302705
0.0115756249473975
0.0132657183738729
0.0110706169514287
0.0105420419156701
0.0104141065566807
0.0104915411160675
0.0107103779143358
0.01031647167747
0.0091313862469633
0.0107036444743756
0.011504923827971
0.0100875347193039
0.0105386751957042
0.0103400387172883
0.0104511404763912
0.0108618803131151
0.0109931823920704
0.0106127430350966
0.010188536318509
0.0102996380776119
0.0107507785540122
0.0110504166316048
0.0124442387004535
0.0112557865499525
0.010616109755091
0.012477905900198
0.0104174732766751
0.0103535055971804
0.0109561484723599
0.0101649692786907
0.0102929046376516
0.0107440451140519
0.0107911791936885
0.00998653312012721
0.00998316640013286
0.0104747075162095
0.01031647167747
0.0110100159919284
0.0108820806329391
0.00994613248045084
0.0102861711977198
0.0103198383974359
0.00998653312012721
0.012181634542543
0.0106767107145913
0.010653143674773
0.0106767107145913
0.0101649692786907
0.00968689504250619
0.0105151081558859
0.0120503324636161
0.010313104957504
0.0124375052604933
0.0109022809527914
0.0107676121538702
0.0108989142328255
0.010296271357646
0.011397188788834
0.0106194764750569
0.00986196448110377
0.010969615352252
0.0114106556687261
0.0115857251073237
0.0106699772746595
0.0106464102348411
0.0112187526302705
0.00962629408300586
0.0107709788738362
0.0101649692786907
0.0103535055971804
0.01076087871391
0.0100942681592642
0.00923238784614
0.0109325814325416
0.0118954633448425
0.0103602390371123
0.0104545071963571
0.00884521504923441
0.00882838144937637
0.0107171113542677
0.01076087871391
0.00973066240214848
0.00945795808434013
0.0109864489521101
0.0100976348792301
0.0112153859102762
0.0102323036781513
0.012181634542543
0.0122085683023272
0.00981146368152963
0.010545408635636
0.0111177510310654
0.00944785792441394
0.00957242656343738
0.0124307718205614
0.0132118508543044
0.0110436831916445
0.00991583200067225
0.0101851695985147
0.0099191987206666
0.00975759616193272
0.0101919030384749
0.0112389529500945
0.0107507785540122
0.0108888140728993
0.0116564262267502
0.0128549785371774
0.010084167999338
0.0111278511909916
0.00994613248045084
0.00928962208570283
0.00970372864236424
0.0100101001599171
0.0109224812726154
0.0090539516875765
0.00986196448110377
0.0100067334399512
0.0101380355189065
0.0123062031815664
0.0103568723171463
0.0101649692786907
0.0102794377577595
0.0101649692786907
0.00994613248045084
0.0092088208063501
0.00967006144264815
0.0109628819122918
0.0102861711977198
0.0111951855904522
0.009764329601893
0.0109224812726154
0.0103366719973224
0.0100976348792301
0.00879134752966593
0.0110638835114969
0.0095656931234771
0.0105521420755963
0.00960272704318754
0.00922902112617408
0.00937042336505556
0.00995959936034296
0.0111413180708837
0.00953539264372694
0.0106295766349831
0.00993939904049057
0.00997306624023508
0.010404006396783
0.00955895968354525
0.00981146368152963
0.0100336671997354
0.00961282720311374
0.00982493056142175
0.0100606009595197
0.0110537833515707
0.0117439609460632
0.00950172544398242
0.0106733439946254
0.00945795808434013
0.00961282720311374
0.0095656931234771
0.00977779648178512
0.0114274892685842
0.00937042336505556
0.00963302752293771
0.0107002777544096
0.00973066240214848
0.00961282720311374
0.00982829728138768
0.0102390371180832
0.0110032825519681
0.00915495328678162
0.00902365120782633
0.00928288864574256
0.00955559296355091
0.00995623264034862
0.00871727969027347
0.00902365120782633
0.00923575456613435
0.0102424038380775
0.00960272704318754
0.00912128608703711
0.0102794377577595
0.0104073731167489
0.00989899840081421
0.00956232640351118
0.0101414022388724
0.00968016160257434
0.0102659708778674
0.010313104957504
0.00980136352160343
0.00973402912214283
0.0102020031984011
0.0100269337598036
0.00959936032322162
0.00970372864236424
0.0100235670398092
0.00940745728473757
0.00913475296692923
0.00918862048649771
0.0102491372780094
0.00917178688663967
0.00914485312685542
0.0103838060769306
0.00863647841092074
0.0096532278427901
0.0108854473529334
0.0105555087955622
0.0100437673596616
0.0106800774345572
0.0105622422355225
0.00898325056814997
0.00926942176585044
0.0084546755323629
0.00850517633196546
0.0094882585640903
0.00970372864236424
0.00950172544398242
0.0110167494318603
0.00929635552563468
0.00939399040484545
0.00855231041160209
0.00868024577056303
0.00998653312012721
0.00974749600203495
0.00888224896894485
0.00992593216059845
0.00932665600538485
0.00887888224897893
0.00921892096624788
0.00987879808099024
0.0109056476727574
0.00942765760458997
0.00996296608030889
0.00959599360322727
0.0091313862469633
0.0104242067166069
0.00960946048311939
0.0091414864068895
0.00902365120782633
0.00817860449458863
0.0109460483124337
0.00955559296355091
0.00943439104452182
0.0096532278427901
0.00956905984344303
0.0079092668967462
0.0102996380776119
0.008875515529013
0.00925932160592424
0.00918188704656586
0.00928962208570283
0.00962966080297178
0.00964986112279576
0.00985859776113784
0.00922228768624223
0.0091313862469633
0.00953202592376101
0.00928288864574256
0.0086869792105233
0.0104174732766751
0.00875768032994984
0.00842437505261273
0.00914485312685542
0.0108921807928652
0.00841427489268654
0.00935358976516909
0.00894958336840546
0.00927952192577663
0.00928962208570283
0.00825267233398108
0.00913475296692923
0.00928288864574256
0.00944785792441394
0.00939062368487953
0.00895631680836573
0.00817860449458863
0.00918862048649771
0.00920545408635576
0.0105319417557439
0.0093973571248398
0.00906068512750835
0.00846140897232317
0.00996633280027481
0.00915158656678727
0.00844120865247078
0.00968689504250619
0.00875768032994984
0.00927952192577663
0.00880481440955805
0.00890918272872909
0.00875768032994984
0.00890581600876317
0.00991246528070633
0.00895631680836573
0.00868024577056303
0.00844120865247078
0.00881828128945017
0.00819207137448075
0.0102996380776119
0.00921892096624788
0.00928625536570848
0.0115453244676473
0.00889234912887105
0.00988553152092209
0.00985859776113784
0.00913811968689515
0.00874421345005771
0.011966164464269
0.0079092668967462
0.00908425216732667
0.00864657857084694
0.00862301153102862
0.00902701792779226
0.00908761888729259
0.00889234912887105
0.00899671744804209
0.00819207137448075
0.00900008416800802
0.00940072384480573
0.00981146368152963
0.00851864321185758
0.00847824257218122
0.008875515529013
0.00894958336840546
0.00903711808771845
0.00913475296692923
0.00841427489268654
0.00935695648516344
0.0104578739163514
0.00839744129282849
0.00939062368487953
0.00963976096289798
0.00890581600876317
0.0104713407962436
0.00888224896894485
0.00897988384815562
0.00840754145275469
0.00851527649189165
0.00865667873074472
0.00845130881239697
0.00909771904721879
0.00901018432793421
0.00869034593048923
0.0084445753724367
0.00929635552563468
0.00948489184412438
0.00876104704991576
0.00812473697502014
0.0103535055971804
0.00954885952361906
0.00836040737311805
0.0104477737564252
0.00947479168419818
0.00917515360660559
0.00808433633534378
0.00878124736976815
0.00909435232725286
0.00854557697164182
0.00871391297030755
0.00832337345340761
0.00937042336505556
0.00850517633196546
0.00839070785286822
0.0080978032152359
0.00868024577056303
0.00789916673682001
0.00898998400808182
0.0092088208063501
0.00898325056814997
0.00966669472268222
0.00868024577056303
0.00854557697164182
0.00841427489268654
0.00893948320847926
0.00798333473613866
0.00914821984682135
0.00893611648851333
0.00885868192912653
0.00846140897232317
0.00856577729149421
0.00912128608703711
0.00838734113290229
0.00894958336840546
0.00839744129282849
0.00838397441293637
0.00794966753642257
0.00918188704656586
0.00842100833264681
0.00814830401481004
0.0093098224055268
0.00963639424290363
0.00834020705329408
0.00870044609041543
0.00942429088462404
0.00993266560055872
0.00923575456613435
0.00840754145275469
0.0089664169682635
0.00880818112955239
0.00831327329350984
0.00846477569228909
0.00798333473613866
0.00904048480768438
0.00883511488933664
0.00872401313020532
0.00827287265383347
0.00825603905394701
0.00880818112955239
0.00787896641696761
0.00816850433466243
0.00873074657016559
0.00838734113290229
0.00813820385491226
0.00795976769632034
0.00888561568891078
0.00843110849254458
0.00824593889404923
0.00847150913224937
0.00907078528743455
0.00937379008502148
0.0101077350391563
0.0084445753724367
0.00782509889739913
0.00823583873412304
0.00816850433466243
0.00857924417138634
0.00832337345340761
0.00856577729149421
0.00823583873412304
0.00833347361333381
0.00755239457959078
0.00918188704656586
0.00792610049660425
0.00832674017340196
0.00922228768624223
0.010653143674773
0.0104982745560278
0.00857251073142606
0.0085321100917497
0.00885868192912653
0.00842774177257866
0.00810453665516775
0.00836714081307832
0.00944112448448209
0.00857251073142606
0.00851190977192573
0.00817187105462835
0.00954212608365879
0.00778469825772277
0.00825267233398108
0.00839070785286822
0.00804393569566741
0.00797660129620681
0.00814830401481004
0.00763992929887536
0.00891928288865529
0.00809106977527563
0.00824257217405489
0.0086196448110627
0.00799680161603078
0.00817523777459428
0.00848497601214149
0.00905058496761058
0.00798333473613866
0.00779816513761489
0.0080978032152359
0.00796650113628061
0.00829643969362337
0.00850854305193138
0.00820553825437287
0.00822573857419684
0.00963302752293771
0.00943102432455589
0.00800690177595698
0.00800690177595698
0.00768706337851199
0.00907751872739482
0.00875431360998391
0.00805740257555954
0.0081988048144126
0.00905731840754243
0.00896978368825785
0.00852874337178378
0.00815840417473623
0.00941755744466377
0.00871391297030755
0.00796650113628061
0.00788569985692789
0.00793956737649637
0.00815503745477031
0.00876104704991576
0.00780153185758081
0.00845130881239697
0.00799680161603078
0.00797323457621246
0.00788906657689381
0.00874084673009179
0.00905731840754243
0.00867014561063684
0.00852874337178378
0.0085422102516759
0.00763319585894351
0.00770726369833596
0.00868024577056303
0.00933675616531104
0.00951182560390862
0.00830653985354957
0.00836377409308398
0.00797323457621246
0.00853884353170997
0.00838397441293637
0.00786549953707549
0.00765002945880155
0.00816177089470216
0.00773083073815428
0.00787896641696761
0.00812473697502014
0.00908425216732667
0.00780826529754108
0.00991583200067225
0.00824257217405489
0.00774766433801233
0.00818197121455455
0.00764329601886971
0.0080978032152359
0.00788906657689381
0.00784529921725152
0.00895295008837138
0.00775103105800667
0.00742445922060142
0.00793620065653045
0.00803720225570714
0.00748169346016425
0.00804056897567307
0.00801363521588883
0.00843784193250485
0.00860617793117058
0.00787896641696761
0.00796650113628061
0.00859271105127846
0.00768369665854607
0.00945459136437421
0.00770726369833596
0.00883848160930256
0.00903375136772411
0.00803046881577529
0.00770053025840411
0.00803046881577529
0.00830317313358364
0.00843784193250485
0.00791936705664398
0.00882838144937637
0.00780489857757516
0.00822573857419684
0.00773083073815428
0.00782846561739348
0.00892264960862121
0.00823920545408896
0.00882501472941044
0.00779143169768304
0.00781499873750136
0.00787896641696761
0.00851190977192573
0.00759279521926715
0.0104578739163514
0.0082863395337256
0.00809106977527563
0.00774766433801233
0.0086095446511365
0.00753219425973839
0.00874421345005771
0.00755912801952263
0.00811127009512802
0.00832337345340761
0.00772746401818836
0.00797660129620681
0.00762309569901731
0.00830990657351549
0.00827287265383347
0.00755576129955671
0.00824930561401516
0.00795303425638849
0.00844120865247078
0.00803046881577529
0.00829643969362337
0.00758942849930122
0.0076668630586596
0.00847487585221529
0.00815840417473623
0.00838397441293637
0.00761299553909112
0.00753556097973274
0.00785876609714364
0.00814493729484411
0.00829307297365744
0.00761299553909112
0.00828297281373125
0.00819543809444667
0.00769716353843819
0.00788233313696196
0.00800690177595698
0.00855904385153394
0.00937042336505556
0.00748169346016425
0.00746149314031186
0.00754902785962486
0.0081887046544864
0.00887214880901865
0.00748169346016425
0.00765339617876748
0.00746822658027213
0.00754566113963051
0.00810790337513367
0.00852874337178378
0.00951855904386889
0.00803046881577529
0.00936032320512936
0.00861627809106835
0.00808096961534943
0.00796986785624654
0.00856914401146014
0.00781836545746728
0.00741435906070365
0.00770726369833596
0.00755912801952263
0.00826277249390728
0.00780153185758081
0.00817523777459428
0.00738405858092506
0.007599528659199
0.00754902785962486
0.00749179362006203
0.00794966753642257
0.00786549953707549
0.00769379681844384
0.0074109923407093
0.00785203265718337
0.00832000673344169
0.00872401313020532
0.0076668630586596
0.00773756417811455
0.00771063041833031
0.00759279521926715
0.00818533793452048
0.00862301153102862
0.0076668630586596
0.00800690177595698
0.00966669472268222
0.00814493729484411
0.00714165474286688
0.00812810369498607
0.00833347361333381
0.00703055298376398
0.00744802626041974
0.00764329601886971
0.00788569985692789
0.00772746401818836
0.00795640097635442
0.00792946721657017
0.00797323457621246
0.00797996801617273
0.00724938978200385
0.00754902785962486
0.00746822658027213
0.00824930561401516
0.00810116993520182
0.00765339617876748
0.00799343489606485
0.00770389697837004
0.00804393569566741
0.00765339617876748
0.00803046881577529
0.00742445922060142
0.010845046713257
0.00741435906070365
0.00786549953707549
0.00717868866257732
0.00699688578401947
0.00822237185423091
0.00756922817944883
0.00910445248717906
0.00824930561401516
0.00759616193923307
0.00771063041833031
0.00757932833937502
0.00766012961872775
0.00773083073815428
0.00786549953707549
0.00788233313696196
0.00880144768959212
0.00747159330023806
0.00804393569566741
0.00796650113628061
0.00770726369833596
0.00786213281710957
0.00732682434139065
0.00821900513426499
0.00751536065988034
0.00711135426311671
0.00767359649861987
0.00808433633534378
0.00724938978200385
0.00833010689336788
0.00748169346016425
0.00750862721994849
0.00723592290211172
0.00757259489941475
0.00872737985019967
0.00777796481779092
0.00724602306203792
0.00766349633869368
0.00736049154113516
0.00849844289203361
0.00796313441631469
0.00786213281710957
0.00705748674354822
0.0080102684959229
0.00825603905394701
0.00993266560055872
0.00719552226243536
0.00761636225908546
0.00718878882250351
0.00734702466124304
0.00697331874422957
0.0079328339365361
0.00745812642034593
0.00719215554246944
0.00695311842437718
0.00753556097973274
0.00784529921725152
0.00770053025840411
0.00713155458294068
0.00754902785962486
0.00726285666189597
0.00788569985692789
0.00797323457621246
0.00737059170103294
0.00829307297365744
0.00745139298038566
0.00755576129955671
0.00726285666189597
0.00789243329685974
0.00762309569901731
0.00762646241898324
0.00730662402156668
0.00722582274221395
0.00751536065988034
0.00721908930225368
0.00761636225908546
0.0079429340964623
0.00768706337851199
0.00786213281710957
0.00775776449793852
0.00750862721994849
0.00724938978200385
0.00755576129955671
0.00739079202088533
0.00714838818282715
0.00768706337851199
0.00796313441631469
0.00754902785962486
0.00718205538254324
0.00752209409984061
0.0078318323373594
0.00779816513761489
0.00708105378336654
0.00726959010185624
0.00761636225908546
0.00792273377663832
0.00698005218416142
0.00727295682182216
0.00739079202088533
0.00745812642034593
0.00778806497768869
0.00747496002020398
0.00841427489268654
0.00706758690347442
0.00713828802290095
0.00708442050333247
0.00736722498106701
0.00786549953707549
0.00764329601886971
0.0074884269000961
0.00795303425638849
0.00758606177930687
0.0080001683359967
0.0075759616194091
0.00719552226243536
0.00757259489941475
0.00820217153437852
0.00806413601549139
0.0074884269000961
0.00729989058160641
0.00755576129955671
0.00734702466124304
0.00762309569901731
0.00714165474286688
0.00789916673682001
0.00695648514434311
0.00793956737649637
0.00733692450131684
0.00747159330023806
0.00719552226243536
0.00761636225908546
0.0072224560222196
0.00839407457286256
0.0077644979378988
0.00724938978200385
0.00755576129955671
0.00752546081980654
0.00786549953707549
0.00703728642369583
0.00765002945880155
0.00745475970038001
0.00716522178268519
0.00810116993520182
0.00719215554246944
0.00744802626041974
0.00724602306203792
0.00698005218416142
0.00832000673344169
0.007242656342072
0.00716858850265112
0.00731335746149853
0.00707432034340627
0.00695311842437718
0.00704738658362203
0.00747159330023806
0.00716185506271927
0.00745812642034593
0.00734702466124304
0.00783856577729125
0.00732682434139065
0.00718205538254324
0.00814830401481004
0.00688578402491657
0.00723928962210607
0.006798249305632
0.00740089218081152
0.00728305698174836
0.00803046881577529
0.00714165474286688
0.00757932833937502
0.00723592290211172
0.00725275650199819
0.0072325561821458
0.00705748674354822
0.00715175490279307
0.00695311842437718
0.00715175490279307
0.00718205538254324
0.00718878882250351
0.00745812642034593
0.00717195522264547
0.00690598434476897
0.00778469825772277
0.00703391970372991
0.00720898914232748
0.00768369665854607
0.00726959010185624
0.00736385826110109
0.00707095362344035
0.00829307297365744
0.00682518306541624
0.00726285666189597
0.00701708610387186
0.00747496002020398
0.00792946721657017
0.00702381954380371
0.00692281794462701
0.00763992929887536
0.00715175490279307
0.00734702466124304
0.00730325730157233
0.00713155458294068
0.00692281794462701
0.00726959010185624
0.00706422018348007
0.0076769632185858
0.00679488258563765
0.00745812642034593
0.00709788738322459
0.00703391970372991
0.00804730241563334
0.0075759616194091
0.00828970625369152
0.0069665853042693
0.00700361922397974
0.00726959010185624
0.00710462082315644
0.00694301826445098
0.00676458210588748
0.00709788738322459
0.00821900513426499
0.00692618466459294
0.00673428162613732
0.00702718626379806
0.00744802626041974
0.00680498274556385
0.00703728642369583
0.00677804898577961
0.00747496002020398
0.00742445922060142
0.00843784193250485
0.0075658614594829
0.00706085346351415
0.00715848834275334
0.00693965154448506
0.00686221698509826
0.00678478242573988
0.00695311842437718
0.00755239457959078
0.0077543977779726
0.00628987458969732
0.00726285666189597
0.00683864994530836
0.00709452066325866
0.00709115394326432
0.00729315714167456
0.00701035266391159
0.00676794882585341
0.00730662402156668
0.00716185506271927
0.0072224560222196
0.00677468226581368
0.00758269505934095
0.00666358050671079
0.00711808770304856
0.00683528322531402
0.00689588418484277
0.00708442050333247
0.00669724770642688
0.00764329601886971
0.00702718626379806
0.00765002945880155
0.00668041410656883
0.00700698594394567
0.00745812642034593
0.00649861122801099
0.00691945122466109
0.00681844962545597
0.0066097129871423
0.00706758690347442
0.00706758690347442
0.00698005218416142
0.00677804898577961
0.0069665853042693
0.00699688578401947
0.00692955138455886
0.007155121622759
0.00669388098646095
0.00689588418484277
0.00719888898242971
0.00712145442304291
0.00693291810455321
0.00694975170441126
0.00757932833937502
0.00741435906070365
