8.99225183237949
8.82172240571864
9.24673318691422
11.8603786620437
8.03399560908898
7.50656866990671
11.7892429478201
7.80557075149892
11.3248113311415
7.24351822745994
10.312594006714
6.7842665354244
7.04571566969863
12.306309888838
6.50271813027229
12.9187734770131
13.9917860203875
6.75968015536831
12.5527655136371
7.3587352012487
8.75114672518844
8.24616659582797
12.1925811434641
7.35890151877513
7.94990744436697
13.6624890207336
11.7356296959615
6.82589452170637
8.20695227120391
12.7121934452177
7.07394581280667
7.81629149011627
13.3430481052047
7.59500520749329
7.55748409234998
8.51277151120047
10.8921606033831
11.6902963138769
6.94233682521676
8.26527960013793
6.74798789943005
12.6595512828664
8.40761849863276
7.233203969242
8.29884828058456
7.30487968204067
8.18922889999892
8.22626475248756
7.46168542024623
7.21963426559055
8.36493604267242
6.30370596317853
7.0293614569382
11.8248704233973
7.19685996387018
10.6634946575017
13.4225845113151
7.75496021528736
12.0627939994915
10.3962166728811
13.2425222740476
5
13.65135458468
6.87644998328974
8.67533443467156
7.84415537363363
12.7973375873039
7.92516905555305
11.6886399550006
10.5610915545341
8.64578855466805
7.70765385230494
11.9220342572263
8.3753790163681
7.57713392220369
12.1017878509634
12.4836520001561
7.3887181210969
12.2310202778047
8.03734641513626
11.8324151072036
12.3118300034546
11.9028283496303
6.7511294173894
8.24434227037445
8.20738518732753
7.9094014383766
8.40223877734588
7.3465692179933
7.13894488426618
11.6075244168554
9.78214513614056
7.7966464684673
6.77516757543596
8.58023762162509
7.6238320575395
7.93118551764156
8.40946530972482
7.77968229094776
7.86853481547505
7.01430503569183
7.71717284081532
7.43467433721326
7.67011994353106
8.81602458801484
10.5770851832937
14.3544941428132
8.21352089131021
8.0532635369107
12.8985257646784
11.0767986080703
10.9511114687266
8.23207879988469
13.4299590223036
11.2096882495041
12.1190102521039
6.51319753519986
7.53035096205496
10.3654399671685
7.80253760580587
10.9165114723016
6.40396109953651
7.29451502132727
10.8071640698286
13.1662114606594
7.24302784616151
8.95426694717854
12.371441632344
12.7939565258062
9.90409686454619
11.2162782183113
8.47231929742909
5.87670303250893
6.76480248565755
6.14764854483425
11.7737915887324
13.8193023984889
8.90418513260422
8.53515675958748
8.15233012922058
10.1563324470131
8.62479933793667
7.45455673688979
9.17656209095971
7.85709753610475
7.25041509291081
8.48886472123562
8.70976129670706
7.14869761555076
10.5134237050452
8.15424201504402
7.40890081262054
8.01095788943285
8.28477824495641
9.09632156586233
7.12443003893052
10.3015111257825
11.508222266193
7.61756614960607
5.68767031417116
9.32606139736572
6.56882743583986
13.4065765256502
12.4433758279666
7.32228248975952
5.81765273375836
6.49483187341807
7.31366949502169
7.45753161438731
11.8563049407191
7.5553809600791
7.3316321874177
8.02181974079498
13.4969195026746
8.10769351134422
7.07138897344446
8.07274451215015
7.27545946887051
13.212373001489
6.47986197394656
7.62800792177943
9.81409321821145
8.74366807602226
6.92865638210286
11.6696704799208
8.64681657500332
8.15082064145508
6.40924257318052
10.6287747868984
7.45088351640756
8.32508448417969
8.06088755916918
6.09185279710864
8.30742119256273
8.00566376140887
8.06442307751899
15
12.0025195547492
7.45961094410599
10.8568072701562
12.2217162029148
7.99800669303103
12.8944075003244
8.53698292495526
8.47014530988117
7.63883076389779
8.84047296622794
7.4835227899662
8.52107338674944
13.0318527251448
6.64878743651902
13.2687898736887
6.45651306602157
12.0215486559648
7.52114255414312
9.25804225933823
6.20241351073252
7.2624657744344
12.0872477748727
6.9599286619266
6.37272773216816
7.43533231796923
8.89831488740646
11.4121030632153
6.95007272014424
6.16406794503631
8.42380193432156
7.5915640467598
6.89429361547229
6.6071110908745
12.2224297092807
6.75491657353196
7.17422511960768
12.5916634777254
7.81638124271335
6.61167342893383
7.04892899621788
7.28898483423397
8.10665294225305
7.83676654755009
6.19286532381363
8.36759533467654
7.99980201941085
12.342983707034
7.43185884141414
11.9853061886716
8.97085139418455
7.82570295882353
12.6721054034373
10.8420333604806
7.4038364742525
8.14675229058996
12.3011425972873
9.75778744695604
9.15710457608587
12.3720048788601
6.91295006750574
6.07428706940382
9.12410484950846
6.89155602847277
11.3215839892725
11.638117063557
8.42558187831474
13.7863664242684
6.80732243102624
7.76573021259571
6.75287350235505
12.4317610312875
6.84697370024514
6.90326126721332
10.9508230631449
7.1187945357195
6.9013620315015
12.5059646737398
7.50119357604196
12.1474218622471
7.40107057849775
7.14099800459753
8.59126634279717
11.4175961815931
12.0388066456925
8.42660901487447
12.7410325985263
7.21963673352144
7.12192246759159
6.3360431983052
12.5092243677886
12.00202557853
8.31434791843195
6.29890674832758
9.95736339703478
11.0793696620478
7.84130599131757
10.6979489654217
10.8779009872983
6.89390519165979
13.2043107812008
8.62317581698674
7.57679850418381
7.69938759138934
7.30471506723216
9.61825937193277
5.84015117766765
7.06893091612529
12.1986747803063
8.10450689226345
11.5467941882032
6.37413110221884
6.99049069191053
12.96380669435
7.42908675511109
9.05163763419096
12.0855801574906
8.13406680692777
10.8995839128714
6.46371330458043
7.2342639305996
10.9255817314004
6.31454409777005
7.49091696936893
12.4270918668125
13.68157868839
6.59929174725913
9.79937434426412
12.4947820761454
7.3246891270766
11.7130788415874
5.66547301712833
6.79641212239534
8.37047853209663
6.40404888989952
7.54835105031116
12.2115785100326
7.11377994893524
12.7496652286266
7.29398396609524
8.53938354487782
8.17663578139101
7.09799470379281
8.94728109180962
11.1255426053418
6.74944415283163
9.87729321287978
9.31139224347065
11.1171959123038
12.4697344389664
12.7562504774007
11.5337918648786
6.88395240051993
9.47389795259097
7.48777792055721
13.7601019307879
11.4976705212593
7.11121537307415
11.8113444954462
12.4235899752367
8.84604830985271
14.1334945054086
7.16935937603909
8.01400088076234
7.56294033771216
6.99974711094706
6.76267638468202
9.08635505927969
7.35780481300419
7.55015335633752
12.0391621230515
7.8894098665278
7.33171930442287
11.7773458034469
8.20455452197385
6.00985376850264
12.8479234404569
6.73576725049625
14.2793968306942
7.66136338764863
11.426105226687
6.8841421239932
6.23659417899123
6.94291517682862
8.54898388497289
9.47510462890651
5.83994296270068
7.16622544635332
11.9735997874887
8.78359894918786
10.7409229142206
10.5274486324052
8.86732705593865
11.5604920853019
6.9712417332939
12.8891877948747
6.51865261990629
13.3455489807359
10.301124545043
12.02691733557
6.9180286950329
6.86640478660828
12.5135332289264
11.7897659332909
6.43000659496836
8.56320975165452
9.01703695181484
10.4022368778398
12.3492302580595
6.44255281998779
9.9973090880421
12.4813799360115
7.21863492582449
7.80142355354579
11.2035382961882
6.27513262735035
7.75693826593778
6.99344660026558
10.4550247388828
7.4287465281069
14.129733675865
10.33335618853
7.60603265466722
11.8759425664217
12.6943962328808
7.10205505990954
8.36437763611955
7.18501047126084
12.7548113502927
10.3057401336924
10.4699409192328
8.12874494199225
8.33847948715855
6.19066462439048
8.42266787600711
7.99659243896151
6.9032258490045
8.1091252173306
8.90968941137776
7.56351332221056
11.3770729119628
8.50703528612086
7.68055784416074
9.96145445448471
7.40062718428006
7.11862481202554
9.1886175955937
11.5382985563305
7.19515158106524
12.2234520266084
6.65774849297599
12.8677043038065
11.1792397590874
13.2607521409587
12.2457905867988
7.52970548029399
7.47730893821146
12.2716423045032
12.0570681245
12.8284902978481
6.2544244861327
6.09838367711798
12.2651834663308
7.83241010899057
12.3615029959756
11.9524915405538
8.54971296384007
12.1004217778508
8.30481865398601
11.9664901403094
7.62052902042981
8.26196832606098
12.0402280706424
8.17722887755622
13.0472110101368
12.4317094074505
11.5751053568048
9.82696823263316
8.02228047493926
7.24288257064434
12.6665290508666
12.6627579252353
12.3157349497157
12.5190527535166
7.33572492899201
7.94110146652307
7.60833795894338
8.1161121956634
7.72383481447133
11.6080884267985
7.62917033461975
12.741798682212
7.56118852193475
9.22035927658792
8.11893653615948
7.9541513161552
12.6370592648059
7.90188981999318
7.69450767512367
13.2028264850666
5.91198584596844
6.22513134483282
12.3241864882119
13.0381090621974
7.90735465254928
8.98646332964943
12.4276989787629
6.34065180268817
7.39303496860417
9.18164899219454
7.10582852187538
6.42459180935157
8.36076841354161
10.6062153732432
6.73921383411269
7.48865168343887
11.7086860464153
6.91454847718691
7.65928366953673
13.9821987986829
8.33614991472879
11.6925626243063
7.21586134236862
6.63878583591366
11.3195553277692
7.27419861448046
11.2546399655282
7.30511753247447
8.52322694360843
7.18031085456802
7.65870452165765
5.92740331381071
11.8902523771156
12.0554067089574
10.5553310514941
5.83871869454186
12.4955453480866
7.63364807307968
7.44008870317388
10.9438492412739
10.8392500927986
8.50946974232119
7.78635735028451
12.8805391517208
11.7190209059238
8.0849697753545
7.84503716933979
8.39155412958325
7.88064796940923
