1.52311079393782
4.90543787956303
0.0780408520175265
4.0790742605869
3.37168079304781
-0.0309293176583503
-0.00854881643630749
4.15729294555959
4.73664770305115
3.9552073730079
-0.117383259518318
0.0755356827652905
4.59498053290431
0.150203045295916
5.68234846537547
0.281208722179733
-0.0699354180596108
1.65641926795125
0.11769857408995
2.6956384870757
5.36242904426631
1.08000669155919
3.72731239222925
3.79135328290915
0.133224034061291
3.25744135393466
5.80460331435799
3.72896800150903
3.94000823538531
0.00919871703034398
0.0351528710537649
-0.138245515107271
0.184821256020135
2.56781507846113
0.0789443210451436
6.20923923094783
-0.0582513022246812
2.99809502374115
1.66455040673586
5.67028733944422
0.590333859862482
0.25962436397024
0.0415655455052435
3.20265812989361
4.39718504737458
-0.13286005082214
0.0110322385287197
0.0379008590718346
2.68929700474435
0.205916087596574
0.0833406650463775
0.0736443739842935
6.03132993929084
0.242019786904612
0.213841052742441
0.158852420505771
-0.0514473275726503
0.21503803664407
-0.0976597088561247
0.303197760370047
3.2587789576158
2.48503190427296
0.309128274308104
4.3545070550079
4.19501690878397
3.28966464526429
0.278831059564659
1.40593943013835
0.129670037527101
2.10306534796097
1.81137899620629
3.90987418885773
2.64819009784464
0.508391974829135
1.88780942306427
5.02284018662981
3.55732019941046
-0.0331295207070444
0.292920742672757
2.42270709920927
3.94339660604027
2.49487196822488
0.115233946639052
5.84395772339241
0.418041712495364
0.287002107864584
0.222837165666588
3.59712362866739
3.356991389388
1.24838992834934
0.252466279823154
2.71559582596842
3.11342104027415
1.21760510782871
5.34092905011379
5.24244767667775
-0.0516098113369711
1.83947205738436
1.08961271757213
0.215209328273777
0.337312146351929
4.27245238938403
6.11602910544948
0.115458141701308
2.44154938569725
4.91321596924493
1.17114234060371
0.226423298793545
0.00669846344298993
0.130232849708493
5.30744266110572
2.3805158872676
-0.002219008873387
0.198868029402675
2.88310058975436
0.168479316811912
0.855153222134623
1.56776809858072
2.91830144258477
4.2614998920413
2.95416832914247
3.9129873397013
0.0638093040032787
0.165503052244756
0.943886706877722
0.000936216453534175
0.0616200523948671
4.02282427385614
5.55613959828206
-0.166819724749971
1.81300526406896
5.05470823047212
0.218894716660586
3.62625632132012
1.30745020502915
0.130623736710545
3.11359330318037
-0.133092100003159
0.796869286808483
0.227853874826183
2.58015195371156
0.110713250036831
5.35209102531648
-0.0202881736682341
0.275701712344805
4.70951314202062
0.305859599329894
-0.0840095765047812
1.7265571653966
1.63892224491571
-0.212431888254789
-0.107963723160394
4.84958909773092
0.203070713198156
1.45169537771617
3.22043585080888
5.47106427539546
5.4979524460727
4.42818475288356
0.160926604663235
1.66411058069422
1.8888751743178
-0.150994151874616
1.53819131682232
2.32411831266617
-0.142332767022109
0.327908000367264
5.7403854544943
0.202324603394538
0.178507367356647
0.120989149494273
5.32012762411551
5.56706594430911
4.89431137863439
0.174653735320172
0.134886925554578
5.68428334126025
2.67523417755175
0.358534298064498
3.8692508942753
3.26825072384324
0.212219668745126
0.141115567829328
1.21603730204488
0.305416599016941
0.0460645228064191
0.0799480185465479
1.06243570565436
1.89837350824601
4.47514882010945
6.17757759526971
1.33444275074026
3.13861953165551
1.72852184269234
2.97643941428954
0.400033011133091
0.361251722384072
2.16927788568783
5.69964427543065
5.43665275381111
2.36220146662241
3.87573966669432
-0.125540314775872
0.235503643116551
3.30819867853095
3.62260630672515
0.249954776355461
-0.137290058536849
-0.0679799104330545
6.09318819435499
5.63658738313444
2.93283081214584
5.55815009547174
2.11021556734981
3.28097183232019
1.35568296271886
0.297167994391534
1.78121607416387
0.937921865103639
-0.133931546147947
0.112850183012136
0.00472775386061922
3.97626990052487
3.00304289807046
4.1808382550928
5.91590924397336
3.66156759363147
2.87432041342159
1.59848967088725
-0.168429627115024
-0.00497214148604788
0.221814116535156
5.27976480868883
5.82527286984384
6.21092089056336
-0.0835599454703784
0.252929659944348
2.59501478958824
4.86879224280982
2.59827144188469
0.23552012605488
0.142019477968353
6.16659733527805
5.45816028336664
0.981629987022572
4.51465556526838
3.72867185924026
6.25410688443366
-0.191969172129215
-0.078687675944766
2.20597306304649
4.35705597341222
0.05619921823337
0.0928850113731872
5.95465557382123
1.62751169145031
5.97647081508606
1.71846419953432
3.11988601009439
4.68457326561996
0.00941120531204755
2.09513662231067
4.53385829891488
2.73283194845149
5.92034775612305
-0.056150549599621
6.0078440994797
5.74250977590276
2.9598069760291
2.87598325908672
-0.173832010775882
1.12167933342872
4.27765562612411
5.86965708681781
-0.17436839743036
0.0815604760873529
2.9770981332041
3.48660386444526
2.12913236441458
0.123903560559386
0.310751860969999
0.123779483746833
5.27719796881017
0.00719679837639558
4.88135813324664
1.93082147667987
3.24757001522891
3.15230360649974
-0.0564627207993196
4.45499912514723
5.64153929685141
5.9486476395272
0.231308061797082
0.144881602302904
2.38046410696987
2.59721362159502
0.268549385611324
1.09459027754237
2.16560584042512
0.0393688476847573
3.52480666059022
4.70268983068294
0.210912289968129
5.82745475719962
0.135342463925462
-0.0111552159047447
-0.189829698107142
0.136072697933355
4.95679570050174
5.53137994129402
0.320160444154994
3.8456311045608
5.74303091111041
0.128581711323505
2.78977120536169
2.74616118526428
1.74040745710649
4.66107717189528
4.10779250015847
3.47445843273872
2.76054647986906
4.5656927681256
0.0314535097514368
3.30980769188026
3.79654829744327
0.386760167629435
0.213745296508586
0.240959094939542
2.85915441860894
3.72466769117154
4.58844397924024
1.56214204407872
0.277307947653293
0.509821337764506
3.33091601020296
6.01454677715722
0.102572893468077
0.144677882522694
-0.0162277128292967
0.271979936432751
0.0219775216308819
2.75311866362599
4.62184464616925
0.0665775584670283
0.549593984283807
4.83588237233626
-0.153446723950468
5.19559158641222
3.67773227652347
3.0982961166587
4.96459446998583
3.93973053672745
3.14756894723369
3.66442303318165
0.0891295622158548
0.84739136654868
-0.160376040553537
5.20654650785494
3.31899338267668
0.134584741195504
6.08121046674062
2.34457897117618
5.77461215492266
0.299483793447892
0.0381726495182408
2.80420760199431
0.0830798051369281
4.05556011700977
4.6178078506381
6.08537236859883
-0.17224225745996
0.684589837059719
5.32780396522366
-0.0885008721210857
1.60657432766939
5.58500480003751
4.36198272801205
0.328231575177754
4.02606768044791
5.87125758838103
-0.106902923166864
2.41424086347764
0.250694614245023
3.76974235413187
3.33243325670958
1.22334146059033
4.4317758382778
2.036420044748
0.238282802646647
2.3683814283703
4.74987137182962
1.26423551836959
0.0872137893031491
3.90848777698901
4.46817372474227
5.81688754401782
5.04205014304088
0.227201350490278
0.0800637511455123
0.0659959333834177
3.89860910672701
4.33909412396243
0.118789942570552
3.6047807650493
3.15317498207937
6.18107023660225
5.09115971511184
4.46540709435195
2.50030007559102
6.09711007663171
0.118534258413342
1.5768026805332
0.630129480258945
1.22309339578497
0.286407679352283
3.63064627660715
1.87868183862498
0.965336192933947
0.158180331083606
0.203368542389712
4.72861971760864
0.655256575264988
0.300020113272307
0.318157278672449
1.49245361842925
1.00380377766759
1.7235158652716
4.15209177895958
1.76507700874151
2.133421546027
3.73780618935335
-0.115354413484746
-0.155486798055197
5.92633907485185
0.156326200375966
3.91706466716501
1.63591711315633
3.11709846931292
4.89530795691003
0.118609578010852
3.99812506502462
-0.177738862901569
-0.089046606690525
5.45775375238874
5.88594904666889
0.137151259870013
0.0634916468188953
6.05616997415811
0.247256865968014
0.278831473916759
5.23147797640281
3.73620083389688
-0.130920627182453
-0.0418429660650724
3.2269080509984
5.75759631591839
2.39788949944816
0.0649196221688317
1.22690737484711
2.46320454300631
5.01630053534046
3.24646162168176
0.218212188411272
0.293085381076298
3.1855381936737
2.36535588053405
2.72277117834348
5.51636551105005
5.63949344939973
0.318895940227313
-0.163152090494194
5.31189910803296
0.0587046887705096
2.89325452341678
3.96675670136466
3.51500937460886
3.94879480129217
0.237782975010344
-0.0806785608051362
0.743682548418713
0.0476767021622843
1.57884438377516
4.54982519494715
1.90901098547516
4.38278776082868
0.290938968895354
0.304807469501948
3.81902482031176
2.73296563451035
1.95124024954259
1.18058690228203
2.50355937175416
1.94111986924659
0.0788757807025301
5.37634402842328
0.192704998676387
1.8439418208681
-0.108221604372487
2.22500582705362
5.751954839229
4.03624449956412
0.516850549967391
3.31024864714971
6.18389788844208
4.113951873537
-0.157692127889573
3.25415412689636
0.356057978831356
5.17544963122428
0.272706550845625
1.92228257278078
-0.0352978503101283
-0.0560257811390796
0.197837262118459
4.44745132674545
0.853776889831878
-0.15357117141531
6.21825189230935
4.80892023865487
0.183560146623026
2.7890262421731
0.181013414254579
4.29381222028208
3.68004486129669
-0.186621592634146
3.98757116350963
0.354700512727316
3.17198271767872
0.198423260449441
-0.0312772589188953
2.98199607933789
4.52033075253497
1.81994993672525
5.80643727015809
2.62039134830882
5.08514605207098
2.19727646272608
5.28443427019839
0.216203269864136
0.00330587171036191
5.75622049941968
5.04570120563185
3.64010516308539
1.66300549418724
-0.0193324993044707
