46.396751956906
44.8981003282552
50.2544945711641
46.9264481104284
45.9075170440199
47.803882669809
45.8368664253851
43.6075927952193
45.1339895631681
44.658255197374
45.8474614931403
47.299625452403
47.807377325141
45.366508711388
50.8445829475633
46.287747664338
39.9583343152933
43.7533987038128
49.5630106893359
45.5568394916253
45.7207987543136
48.6526529753388
45.6503669724771
47.2479698678563
47.3354002188368
47.7944053530848
43.96750189378
50.3252091574783
48.3975465028196
47.5942908846057
47.982130292063
46.8862696742698
46.0884816092922
45.1451569733188
46.8088115478495
44.4667864657857
48.1307979126336
42.2983124316135
44.8664666273883
45.3224080464607
48.2841957747664
49.7929610302163
44.899750021042
45.215252083158
46.3089512667284
49.1521664843027
44.4037884016497
48.1996877367225
47.5996742698426
50.4398089386415
44.323000589176
45.6179757596162
44.1355550879556
48.0142420671661
43.0968209746654
43.890747411834
46.772878545577
45.366508711388
45.9977384058581
44.899750021042
48.1307979126336
42.2974707516202
49.7924358219005
45.2131074825352
46.2446738490026
44.1016791515866
40.4086869792105
46.5616135005471
43.1234247958926
46.5196170356031
47.5996742698426
46.2909494150324
44.2051687568386
49.0655946469153
41.7756156889151
44.658255197374
45.8368664253851
44.0952790169178
44.4751763319586
44.8023912128609
46.0542858345257
47.9496111438431
46.0292812052858
46.0823508122212
39.2541410655669
45.7194352327245
44.4823609123811
45.6583427320933
43.7385380018517
44.3063083915496
46.8981844962545
49.5433928120529
46.6865996128272
44.4139222287686
43.8377922733777
45.9394268159246
44.220130460399
46.2155517212356
45.1451569733188
47.2822733776618
45.9428406699773
43.2501346687989
44.7432850770137
41.9670978873832
44.3713096540695
43.5239601043683
42.6605580338355
48.1012785119098
40.9115369076677
42.6064784109082
39.1441940914065
44.2099865331201
45.366508711388
45.1451569733188
45.1200513424796
43.9292424880061
44.4110268495918
44.6276517128188
43.2263353253093
47.2294226075246
42.7287745139298
43.7385380018517
44.899750021042
47.3018508543052
44.4751763319586
44.8364624189883
43.9914224391886
45.3875911118593
40.3231487248548
45.2217296523862
41.682007406784
43.5081499873748
42.6909628819123
43.935757091154
41.1202028448784
41.4687795640098
43.6221134584631
45.3193544314452
44.449245854726
39.40999663328
40.5707575119939
45.9970717953034
45.4772401313021
42.5305218415958
46.1544491204444
41.740123726959
43.6417818365458
44.2155887551553
42.596630754987
45.6614771483882
38.2863302752294
44.220130460399
40.9093014056056
40.5020629576635
42.0452663917179
41.3176677047387
42.7495404427237
39.3451536065988
42.7122304519822
42.6566560053868
43.0844381786045
39.8198240888814
42.9618895715849
41.6027379850181
43.5428070027776
42.4020511741436
38.8801961114384
40.2897373958421
44.4733616698931
43.1363967679488
40.9405614005555
40.7844331285245
42.2315907751873
43.3233103274135
45.1304444070365
43.5239601043683
41.7756156889151
45.9318382291053
40.0558681929131
41.0028490867772
43.5723028364616
40.5913517380692
42.2280994865752
40.5707575119939
39.9583343152933
45.1956712397946
44.9623137783015
42.3046182981231
46.1567687905059
40.8989049743288
42.1147723255618
40.8226824341386
39.7884260584126
40.323997138288
40.8804048480768
42.8114173891087
40.3231487248548
43.890747411834
40.6561139634711
43.9923449204613
40.535625789075
40.0549053110008
38.5969068260248
40.314129282047
42.2236049154112
38.0375532362596
40.3459582526723
41.656999410824
42.9067797323458
38.2809064893528
38.6323583873411
37.501130376231
42.8362604157899
40.8621942597425
40.0193594815251
43.6888923491289
40.6212414779901
40.0567873074657
39.6283654574531
39.9707642454339
39.3021774261426
43.6806135847151
40.4086869792105
41.9741006649272
38.6730552983756
41.682007406784
41.016124063631
40.5477897483377
41.0140703644474
40.3428305698174
40.0594874168841
39.1185868192913
38.8133061190136
39.5830123726959
40.4874244592206
41.6981137951351
40.2107103779143
41.8579555592964
38.8431958589345
40.7907962292736
41.6380279437758
44.4106598771147
38.6061417389109
39.4013542631092
40.5316968268664
41.0882425721741
40.5707575119939
38.8434651965323
40.3231487248548
41.6027379850181
39.2867915158657
40.3219333389445
40.2092256544062
37.573252251494
37.7060794545914
38.112870128777
39.7614788317482
39.0141545324468
40.0924913727801
39.979245013046
37.501130376231
40.5859818197121
39.1849819038802
41.6568984092248
36.8026639171787
37.6791389613669
41.6555079538759
40.4882257385742
39.0192248127262
40.161876104705
39.014255534046
39.0317759447858
39.0625309317398
37.8361459473108
39.0635813483713
41.1189234912886
38.1037126504503
39.4425595488595
38.6368832589849
39.3423491288612
40.710375389277
37.2031621917347
41.7087997643296
38.0011960272705
39.2686381617709
38.509621244003
40.3420797912634
39.3578831748169
39.5018340207053
41.0929660802963
39.8725233566198
39.6511951855904
40.7509308980726
36.8460643043515
38.8434651965323
38.6061417389109
37.7646502819628
40.8763075498696
39.40999663328
38.6730552983756
39.2905319417557
37.3253404595573
38.1703939062369
38.4581171618551
38.8899696995202
39.0425595488595
36.0782265802542
37.7274278259406
38.8989925090481
38.6335165390119
38.7055879134753
39.0935350559717
37.2880742361754
37.4823205117414
36.6939626294083
39.3629467216564
38.4977636562579
38.509621244003
36.8026639171787
39.3435173806919
38.550998232472
39.0875490278596
37.3240813062874
37.3064026597088
38.2307692955139
38.2049061526808
35.7746965743624
40.6847007827624
39.8968512751452
39.0278503492972
38.0354490362764
37.0665743624274
38.8452226243582
39.1040863563673
38.5106043262352
36.6306043262352
38.7318920966249
37.8874884269001
38.68999663328
38.5910958673512
39.5967889908257
37.8426841174985
37.6474379261005
39.1809822405521
38.345877451393
38.5274884269001
40.0529189462167
36.37624863227
39.7556645063547
38.2027177846983
36.4892088208063
37.1247849507617
36.245757932834
38.591503240468
36.2931411497349
37.2970263445838
37.8207432034341
36.8026639171787
37.2378865415369
36.4554002188368
38.1115503745476
36.8034382627725
36.0951376146789
38.1805445669557
36.4006876525545
37.3464093931487
39.2357251073142
38.4667965659456
36.9187719888898
38.2554002188368
36.8460643043515
37.6834786634122
38.3961526807508
36.5499175153607
37.3240813062874
38.9456855483545
37.3368849423449
38.2292408046461
38.0135215890918
37.2594604831243
36.2689276996886
37.2855256291558
38.251750694386
37.9097828465617
37.3426521336588
38.775996128272
37.3123146199815
37.7312827203097
38.2743380186853
37.1395816850434
36.5036756165306
38.5947756922818
36.6826100496591
38.4506127430351
37.1193375978453
37.4210832421514
37.7621050416632
38.8951073141992
36.4131074825351
36.9183578823331
35.0129189462166
38.3944491204444
37.0843338102853
36.7496953118425
36.2876971635384
36.5608088544735
36.8799873748001
37.8383511488932
36.355257133238
36.8445863142833
35.6010142243919
37.5515470078276
36.108129787055
35.9150079959599
37.8110066492719
35.9109477316724
36.6692037707264
37.2216151839071
35.9170179277839
36.9996641696827
36.0022094099823
36.245757932834
36.4892088208063
36.8784757175322
36.7858168504335
37.2855256291558
37.3123146199815
36.8026639171787
36.8034382627725
38.11124736975
37.1638894032489
37.007252756502
35.9463016581096
36.3451872737985
38.4310487332716
37.8202853295177
36.680246612238
38.0881718710546
36.011871896305
35.4131546166148
38.6027817523778
38.1096077771232
35.3191153943271
35.2393173975255
37.3090994024072
38.0291095025671
36.9215832000673
36.8635140139719
37.0784218500126
35.9394941503241
34.9960180119519
36.6719678478243
37.4278301489774
35.2190834104873
37.2273251409814
35.6624804309402
36.4998644895211
36.2466837808265
36.5826150997391
35.8883402070533
36.5558496759532
35.9463016581096
36.680246612238
36.4043910445249
36.8384386836125
35.3680708694554
36.3614047639088
35.2393173975255
36.5708618803131
36.1245088797239
34.8541578991668
36.3667746822658
36.5243641107651
35.8830645568555
36.1394402828045
34.7733599865331
35.9038439525293
36.9969169261847
36.3340737311674
35.8674396094605
36.7503181550375
35.0619047218248
37.0115318575878
36.1562705159498
36.6864582105883
35.0924307718206
36.7712860870297
36.8217094520663
36.5320907331033
34.6419535392644
36.5426824341386
35.7355146873159
36.1472746401818
36.7887795640098
34.3116547428668
37.631499873748
35.0595379176837
36.9232867603737
37.5438540526892
35.8276382459389
35.8369909940241
35.9463016581096
35.2393173975255
36.1472746401818
33.7233574614932
36.2664093931487
35.0960129618719
36.2428558202172
33.8424585472604
36.7170414948237
35.683882669809
35.0719476475044
36.3557688746739
35.1281819712146
35.5377333557781
35.9748278764414
35.272745560138
34.4819232387846
35.754620823163
34.3149473950004
35.9750702802795
35.8219383890245
35.0332303678142
36.4928583452571
36.0107709788738
33.2985918693713
35.122377745981
36.6247327666021
35.9781945964145
35.434125915327
34.6006741856746
35.2378932749769
35.3996439693628
36.4389167578487
33.9762284319502
37.7479917515361
32.9757739247538
36.5415545829476
35.64625620739
37.8940838313274
36.0066029795472
33.5055172123559
35.4565987711472
35.6141814662066
35.4578175237775
36.4711665684707
34.51374884269
35.0996759532026
32.3879749179362
38.6651064725191
34.378255197374
34.59000505008
34.7535906068513
35.3719796313442
34.0618441208653
34.5015141823079
35.4253488763572
35.1281819712146
35.5599368740005
34.8541578991668
36.6141780994866
34.3316530595068
35.3834769800522
35.4131546166148
33.2985918693713
34.0124307718206
35.3124425553405
34.8488014476896
34.1398308223214
33.2860912381113
36.4419434391044
32.63750610218
33.6615848834273
34.390631259995
35.506496927868
32.9870457032236
34.8852024240384
33.1299494992004
35.0719476475044
35.434125915327
35.0996759532026
33.5283536739332
34.1721681676627
35.0996759532026
33.5079446174564
36.4185514687316
33.1185598855315
34.0134037538928
34.614124231967
35.6804620823163
35.2051620233987
35.7929509300564
34.5645560138036
33.3856990152344
35.455753724434
37.0276651796987
34.9850122043599
34.8422935779817
32.7253236259574
36.0738868782089
33.3087963976096
34.1282829728137
32.7253236259574
33.1185598855315
34.7733599865331
32.4440779395674
34.5645560138036
34.8005159498359
32.9856081137951
32.5462780910698
34.3878941166569
32.4938414274893
33.8983999663328
35.1815714165474
36.9712625199899
32.0615343826277
34.1898838481609
33.2278032152176
31.7944592206043
34.5316160255871
35.5777838565777
34.9129374631765
33.2080473024156
32.5391776786466
36.6475894284993
33.12375810117
34.2188578402491
35.4195446511237
33.7467830990657
35.2437816682097
34.532626041579
33.2430376230957
33.6740451140477
35.5763058665096
36.0474210925006
35.2816875683865
32.5239601043683
33.9202668125579
33.5521597508627
32.6919661644643
34.0155820217153
33.1248859523609
32.8367216564262
33.941379513509
34.5622060432624
33.4547706422019
32.3097054120024
33.3037833515697
32.7026824341386
33.7795985186432
34.8901919030385
32.9653875936369
32.3849011026008
33.3591625284067
32.6554709199562
32.6066198131471
32.0615343826277
32.9883856577729
32.0356645063547
34.4838860365289
33.0524913727801
31.4677594478579
32.8373983671408
33.4493906236849
31.4564910361081
34.2980801279354
33.4625612322195
31.9441873579665
31.3697407625621
33.2867612153859
32.3879749179362
32.1234483629324
32.9757739247538
33.6897979968016
33.4824585472603
33.5732926521337
34.6778899082569
33.9582164800943
30.9336124905311
32.7623373453413
33.5375145189799
32.744375894285
33.4695168756839
33.8032867603737
32.7477931150577
32.5462780910698
32.8830847571753
32.3744508038044
33.2497306624022
33.1299494992004
34.6215916168673
32.1999772746402
31.5888031310496
32.068378924333
33.1255862301153
34.1324947395001
33.2499730662402
32.982369329181
32.7539508458884
32.3335316892517
32.0615343826277
32.0904040063968
32.628123053615
32.8374286676206
33.047875599697
31.9045240299638
33.8342706842859
30.7283671408131
32.1572300311422
32.5810697752715
32.8982821311338
33.5783864994529
31.9375448194596
32.3130754986954
30.9517288107062
32.8107339449541
32.34999831664
31.7942134500463
33.3647815840418
30.7871500715428
33.1640981398872
31.5982333136942
32.4216892517465
33.004253009006
31.4564910361081
32.7253236259574
32.4732101674943
33.4130940156552
31.5329189462167
31.1579336756165
32.3299831664002
32.6704528238364
31.4655104789159
32.0915621580675
32.0311834020706
32.1234483629324
31.9200547091996
32.3643439104453
33.0378023735376
35.6811118592711
32.0934205874926
30.394873327161
33.4761796145106
30.9797264540022
31.4715705748675
32.8215512162276
31.9524459220604
31.8166964060264
31.876751956906
32.2755433044357
31.4677594478579
31.4564910361081
32.8034146957327
32.1457663496339
31.7028474034172
32.4811791936706
31.5583679824931
31.3026016328592
32.1145299217238
31.1861669893107
29.9298585977611
31.3935300058918
30.5120520158236
32.3979202087367
31.0435123306119
30.6956628229947
32.2793544314452
31.9184723508122
31.2355870717953
31.1762620991499
30.9384403669725
32.907379008501
31.3913214375894
31.5320974665432
32.0082560390539
30.5921496507028
32.8173562831412
32.9357099570743
30.326377409309
32.2371088292231
32.1296094604831
30.8847277165222
31.4255374126757
31.5655660297955
32.3557587745139
32.0320149819039
31.7807903375137
31.8106868108745
32.0360954465112
31.7065810958674
30.8250559717196
31.6363311169094
31.7849482366804
31.3497323457621
31.8369034593048
31.8624265634206
32.5246704822826
31.5446485986028
30.310877030553
31.1600042084
32.4932354178941
30.1003122632775
30.5366896725865
31.4469362848245
31.1484799259322
31.1867696321858
31.0879900681761
31.0019804730242
30.4185548354516
30.3701885363185
31.0263656257891
31.1745147714839
31.2833978621328
29.9199267738406
31.1198594394411
30.3899040484808
31.3974286676206
31.6428255197374
31.8261602558707
30.359125494487
31.0319375473445
31.6438086019695
31.2835796650114
30.2969825772242
30.8874278259406
32.8323482871812
30.547247706422
31.7927320932581
31.7035880818113
31.1421437589429
30.5735720898914
30.330629576635
31.6259144853127
30.4584942344921
30.7695421260837
32.0748564935612
31.9252259910782
30.8406943859945
29.0723583873412
31.9033928120529
31.2277392475381
31.1758850265129
30.9562873495497
30.1260373705917
32.1862309569902
32.344756333642
31.2376946384985
29.963505597172
32.3847900008417
31.81625536571
30.952873495497
30.7747167746823
29.6239819880481
30.7669463849844
30.8183258984934
31.0997028869624
31.2913635215891
28.9661518390708
29.4797887383217
30.1333835535729
30.3334475212524
31.8740451140476
31.1033086440535
30.8447984176416
29.9023592290211
30.6200900597593
30.4384555172124
30.4327118929383
30.8782939146537
31.2417010352664
30.9750366130797
30.3616774682266
30.9952335661982
30.9938599444491
30.2841688410066
31.0001018432792
30.5053892769969
31.2863336419493
30.4993931487249
29.0320318155038
31.2980161602559
30.7519813147042
29.9726496086188
31.3601052099992
31.1399755912802
28.3741848329265
30.727000252504
29.6406337850349
30.8975010521
31.0529862806161
30.4664598939483
30.725495328676
30.8406943859945
31.3479580843363
30.5632800269338
29.1467224981062
29.4568613753051
32.1352588165979
30.2770785287434
31.5191759952866
29.3709325814326
31.2862057065904
30.5295488595236
29.340120360239
30.3488839323289
30.4119526975844
28.5049549701204
29.148247622254
29.808249305614
29.8896936284825
29.8570061442639
27.7894596414443
30.7330771820554
29.4899764329602
30.0305773924754
29.5486415284909
29.3990648935275
31.1103955895968
30.1333835535729
30.7669463849844
31.0622144600623
30.0282577224139
30.8497946300816
30.0146696406026
30.9672190893023
29.930377072637
29.3584218500126
31.0514375894285
29.0051115225991
29.3655794966754
30.1345888393233
30.8180565608955
31.0392803636058
29.569124652807
30.1269800521842
28.782628566619
29.2427985859776
30.0955348876357
29.7213003955896
31.3147049911624
29.7843253934854
28.5527758606178
29.5460626209915
28.8124408719805
30.8593695816851
30.4216926184665
28.3788511068092
30.9101599191987
30.1680978032152
30.7843354936453
29.0461619392307
29.2629416715765
29.3005715007154
29.5578596077771
29.712624358219
28.8354894369161
28.2479160003367
28.7116951435064
28.2935518895716
30.6272376062621
27.8118449625453
30.4085758774514
31.8772434980221
29.2744592206043
29.2016471677468
28.8577097887383
29.5450930056393
29.6507204780742
29.3817397525461
29.7298114636815
27.9105874926353
29.6064380102685
28.6509090143927
29.4043068765255
28.6978983250568
29.3109275313526
30.0626757006986
30.6088452150493
29.4333313694134
28.2217060853464
29.5873015739416
28.0261636225907
29.3990648935275
29.5488536318492
30.9102373537581
27.9544861543641
27.973501388772
29.7290135510479
29.24749516034
29.3633608282131
30.3002583957579
29.4558446258733
30.3513887719889
29.2068453833853
28.6969287097046
28.4292138708863
29.4296885784025
28.6666181297871
30.2864178099487
30.4250559717196
28.9445307634037
29.168252672334
27.2999823247202
28.3247344499621
29.2834651965323
29.3105235249558
30.3461501557108
28.5657309990742
27.9714140223887
29.0414653648683
28.0729206295766
28.2504376735965
28.6236857166905
28.0163294335494
28.5324072047808
29.9635729315714
27.7712658867099
28.7790396431277
28.3493216059254
28.4304258900766
29.3052983755576
28.0255374126757
28.2181945964145
29.792004881744
28.0354221025166
27.7010327413518
28.1793190808854
27.7382147967343
29.0881415705749
29.1955332042757
29.554378419325
29.0523971046208
28.6743851527649
28.7080893864153
29.4525587071795
29.5005513003956
27.5184891844121
28.0602112616783
28.5324543388604
28.4722304519822
27.8119627977443
28.5189335914485
29.4495589596835
29.1742117666863
28.7338313273294
28.6342336503661
29.5281382038549
26.9193914653649
28.4167199730663
29.9244280784446
29.5581154784951
27.2298636478411
27.1093317060854
29.9051367729989
29.0966189714671
26.8678907499369
27.9158530426732
27.201377830149
27.973501388772
26.9251519232388
26.0101010015992
28.3202129450383
27.6248943691608
29.0742067166063
28.5240779395674
27.8119627977443
28.1731815503746
28.3481600875347
28.2753413012373
28.3792113458463
28.2327388266981
27.9475406110597
27.8397820048818
29.2518887299049
28.5401472939988
29.7044533288444
28.202125241983
29.4296010436832
28.2428255197374
26.4819367056645
28.9600277754398
27.0191103442471
28.2425730157394
27.9218222371854
28.6867107145863
28.1332993855736
28.3275759616194
26.8419838397441
27.9396995202424
27.7018104536655
27.3732589849339
28.7338986617288
28.0469362848245
28.0729206295766
27.6918314956654
29.1103652891171
27.9479042168168
28.3578225738574
27.8118449625453
28.3493216059254
27.2999823247202
27.5125334567797
27.4412902954297
28.0452327245181
26.6763109165895
26.165370760037
26.254881743961
27.3925334567797
27.4706110596751
27.6260154869119
28.1271046208232
29.0288569985692
28.1570751620234
27.0102356703981
27.3090320680078
28.0155180540359
26.9053556097972
28.0335569396516
26.9926344583789
28.9931832337346
27.9741040316472
27.0209889739921
28.1392988805656
27.5316160255871
27.1649667536403
27.6991675784867
28.4323583873411
26.8280927531353
27.7078267822574
28.9743195017255
28.3937825098897
27.4095320259237
28.1314443228684
27.5243876778049
27.308500126252
27.3495135089639
28.5902575540779
26.3196069354431
27.193870044609
28.2318163454255
27.3428676037371
25.9647849507617
26.3794705832842
27.2196692197627
27.6122860028617
27.8118449625453
27.9782316303342
27.7388982408888
27.9030258395758
27.0225881659793
26.1287442134501
27.3784235333726
27.1839348539685
27.2851350896389
27.4668874673849
26.2803880144769
26.7506649271947
26.9795480178436
27.1823188283815
26.7162031815504
27.2558042252336
27.1145332884437
28.1970785287434
27.0478116320175
26.2771525965828
25.8440173386079
27.1249330864405
27.7121530174228
26.9692256544062
26.8831150576551
26.576878208905
27.305998653312
26.1279698678563
28.1192029290464
26.6323987879808
27.9867090312263
28.4115587913475
25.5221757427826
27.1776323541789
26.7850021042
26.9843119266055
26.75249978958
26.1147117246023
26.6853539264372
27.2866602137867
27.4312137025503
27.3190177594479
27.159751704402
27.2999823247202
27.308500126252
27.1649667536403
27.4273520747412
26.8430847571753
26.2060508374716
26.827752714418
27.3400664927195
26.3370330780238
26.165370760037
26.7943110849255
27.7643270768454
26.6323987879808
26.3794705832842
25.6087408467301
27.3592601632859
26.1451502398788
26.8211068091912
26.7506649271947
26.0101010015992
25.7179774429762
27.2757284740342
26.8363681508291
26.3185363184917
26.5085506270516
27.4734391044525
25.1753261509974
27.61250147294
26.1098670145611
25.940258395758
26.26124484471
26.7036958168504
25.5670608534635
25.976625704907
25.0984336335326
26.0349844289201
27.9855609797155
27.6281028532952
25.2697054120024
26.3878267822574
26.1147117246023
27.0225881659793
27.2486499452908
26.3196406026429
26.3454229441966
25.792752293578
26.2909696153523
26.8055828633954
26.8791120276071
26.8280927531353
26.4494747916842
26.2771525965828
26.780874505513
25.8440173386079
26.5680641360155
26.1284782425722
27.1074160424207
26.1090758353674
27.9720671660635
26.199132227927
27.1374842185001
25.2232918104537
25.0984336335326
27.3289125494487
26.9609334231126
25.1539272788486
26.1450189377998
25.2649448699605
25.0620865247033
25.1497592795219
26.9106783940746
26.9869177678647
25.8917271273462
25.4187804056898
25.2965920377073
26.010996549112
26.7202297786382
26.5826689672587
25.6287256964902
26.3823087282215
26.2263622590691
26.3006051679152
25.4929526134164
25.4868184496254
26.0637934517297
25.3824400303005
25.8078217321774
25.8104646073563
25.9233170608535
26.9645088797239
26.6724122548607
26.2201068933591
25.489003450888
26.1269396515445
25.3520688494235
25.4494141907247
26.5959203770726
25.1844331285245
26.29125578655
26.0129930140561
26.2520435990237
26.2578444575373
25.4964237017086
26.7060828213114
24.8029803888562
26.2370987290632
25.8854818617962
26.37500294588
26.4063875094689
25.3496784782426
27.1449314030806
24.3949339281205
24.7564893527481
25.8714359060685
23.8795227674438
26.7945602222035
24.6307793956738
27.1340737311674
25.6884445753724
24.8065154448279
24.6069463849844
25.9136949751704
25.0620865247033
25.9500555508796
25.3824400303005
25.3974623348203
25.0984336335326
25.7179774429762
25.2065558454676
26.1286432118509
25.4746006228432
25.1623541789412
25.9165263866678
24.7182366804141
24.9647075162023
26.6528112111775
25.8917271273462
25.8195480178436
24.4405092163959
25.1379925932161
26.2093232892854
25.4929526134164
25.1997954717616
25.100497432876
26.087370591701
25.0344019863648
25.4187804056898
25.6601035266392
25.3520688494235
25.1748379766013
25.7747235081222
25.4981912296945
24.0612919787897
26.2720789495834
26.0766711556266
24.3556375725949
26.3335148556519
26.1086785624106
25.5765280700278
25.2841082400471
24.1073015739416
25.3763664674691
25.4100101001599
25.0748127262015
24.8962385321101
25.2463437421092
25.0658235838734
24.719377998485
24.2410613584715
24.8106396767949
25.0894882585641
25.6603055298376
26.2751426647589
24.9140787812474
25.2107743455938
24.9044499621244
25.0704460903964
24.3248691187611
24.8525452402996
25.0031453581348
23.8287862974497
23.8379808096961
24.628995034088
25.675122464439
25.4778528743372
24.2416438010269
24.2529155794967
24.5281146368151
25.7661484723508
24.9060659877115
23.8444617456443
24.7791945122464
26.2679042168168
25.1068369665853
26.0691734702466
25.6697155121623
24.8208004376736
25.3873150408215
24.7529711303762
24.9637816682097
24.8671164043431
24.544130123727
24.4236924501305
25.4767687905058
24.0375128356199
25.3549137278007
25.2263420587493
25.0853000589176
24.2145551721236
24.6710790337514
25.9780834946554
23.8969085093847
24.2857242656342
24.4902222035182
23.5408307381534
24.2995985186432
23.9108197963135
24.7777198888982
23.8108989142328
24.9009452066325
24.5803324635974
25.0195614847235
24.3841334904469
24.1661989731504
24.4599621244003
25.3542269169262
24.3959877114721
23.971743960946
23.8050172544399
24.3986406868109
23.7630308896558
24.4474143590607
25.5480658193755
24.8255542462756
24.0112322195102
25.3634281626126
25.2296986785624
24.0761122801111
24.2657798165138
24.2847849507617
24.9446048312432
24.2410613584715
23.8795227674438
23.4925789074994
23.9234382627725
25.7900723844794
24.6612852453497
24.3044129282047
24.0492155542463
24.6866938809865
24.134120865247
24.8636621496507
24.7618020368656
25.6894714249642
23.0222211935022
24.0960735628314
24.7910184327919
24.8196995202424
25.140625368235
24.8813879303089
24.2435863984513
24.3248691187611
23.588998400808
24.1407230031142
24.2386541536908
24.1959742445922
23.3108837639929
24.4649246696406
23.7630308896558
23.1278318323374
23.4483469404932
24.5411371096709
23.5073958421008
24.7787231714502
24.1764641023483
24.0060508374716
24.4908416799933
23.4381390455349
24.7349457116404
24.118997559128
24.2457040653144
24.1681584041747
24.3295421260837
22.9368209746654
23.5387938725697
23.2809132227927
24.6374926353001
23.9510116993519
24.8840173386079
24.7177047386584
23.54750694386
23.7503518222372
24.8169118761047
25.2846536486828
23.3582097466543
24.3866719973066
23.831627809107
23.3210613584715
23.3068302331454
24.3203206800774
24.4239079202087
24.5171795303426
24.1508231630334
24.1813997138288
23.2753076340375
22.1459683528323
24.6188208063294
23.5870861038633
23.5480658193755
24.0112322195102
24.4703450887972
23.5408307381534
23.7036116488511
23.3066955643465
23.0864447437085
23.5408307381534
23.3975768032994
23.459258479926
23.2940366972477
24.2201506607188
23.6643152933255
24.0761122801111
23.3349490783604
24.4616454843869
23.4964540021884
23.9467393317061
23.54750694386
23.4404553488764
22.9023423954213
23.8034247958926
23.971743960946
23.8051350896389
24.0899158320007
23.5066753640266
23.2586457368909
24.2189352748085
23.6835089638919
22.2578276239374
23.7274783267402
23.2353682349971
22.8395194007238
23.9671955222624
22.246882417305
23.0086499452908
23.5165263866678
23.1726428751789
23.9454801784362
24.1344137698847
22.9541427489269
22.7189807255282
24.0195143506439
23.4519122969447
23.8284832926522
24.1125805908594
23.0800176752799
23.5735788233314
23.6034719299722
23.9672123558623
23.8735670398115
23.3626437168589
22.2088654153691
23.5251822237186
24.1969034593048
23.5892273377662
22.6573663833011
23.048370507533
23.1818205538254
23.0838355357293
23.525246191398
22.8561981314704
23.5619905731841
22.9114594731083
23.326121538591
22.6603156299975
23.2030948573353
23.4361594141907
23.3289361164885
22.3529509300564
23.2411051258312
23.7247176163623
23.0086499452908
22.8395194007238
22.6574539180204
24.1307844457537
23.6147167746823
23.3675860617793
23.3701952697585
23.2195278175238
23.6906026428752
21.9289293830486
21.3373293493814
23.1033995454928
22.4388595236091
23.1928667620571
23.973501388772
23.41375389277
21.93250147294
23.05624863227
23.1813256459894
23.4555483545156
23.7756931234745
23.2590901439273
22.9368209746654
23.1729122127767
23.0222211935022
23.3918432791853
23.2865524787476
23.2353682349971
22.9023423954213
23.8880506691356
23.3626437168589
22.7230241562158
23.0838220688494
22.503375978453
21.7670743203434
22.4876028953792
23.3120621159835
22.9706026428752
22.8100235670398
22.9417296523862
22.5245795808434
23.517748506018
22.0253522430772
23.0927236764582
23.8988612069691
23.1096044104032
22.5482644558539
22.9414906152681
23.3007432034341
22.626375725949
22.6092189209662
22.2652445080381
22.8251199393991
23.4577636562579
22.7835645147715
22.3948834273209
23.4975852200993
23.1520452823837
22.2768361249053
21.9718685295851
21.9650845888393
23.1755550879556
22.348503492972
20.8516496927868
22.587123137783
24.1342622674859
23.7571694301826
23.1062814577897
22.3330165810959
22.3537892433297
23.0773377661813
22.2932589849339
22.3025342984597
22.1600143085599
22.246882417305
23.1842950930057
21.8958648261931
23.3841806245266
22.5822851611817
22.6100841679993
23.3779252588166
22.9326428751789
22.6810276912718
21.4756847066745
22.6363883511489
23.0373411329013
22.5356392559549
22.2296515444828
22.464631765003
21.2593325477654
21.8980195269758
23.2614502146284
22.6100841679993
22.7251115225991
21.6739104452487
23.3672392896221
21.8529896473361
22.134501304604
22.4792365962461
22.0680658193755
21.9446856325225
22.1202163117583
21.7268251830654
22.8305336251157
21.987247706422
21.2251468731588
22.2253051089976
22.5641149734871
22.3133650366131
22.802000673344
22.5678856998569
22.9123853211009
22.078997559128
22.3564927194681
21.93250147294
22.1459683528323
22.1157183738743
22.1977316724181
21.9419383890245
22.3314510563084
22.8210159077519
22.6485523104116
21.6708904974329
22.3800361922397
20.553624274051
22.4906565103948
22.246882417305
21.6433641949331
23.0992281794462
21.2308298964734
22.6092189209662
22.2932589849339
20.7551022641192
22.0257831832338
21.353129366215
21.638118845215
20.9537825098897
22.0926630754987
22.9124627556603
21.3475305108998
21.9866080296271
22.1519543809444
22.0123062031816
21.987247706422
22.1459683528323
21.2769438599445
21.7130081642959
21.3865305950678
21.6977569228179
22.1334744550122
21.7781474623348
21.4361762477906
22.6690960356872
22.1075978452992
22.2032766602138
21.970622843195
21.079876273041
21.6619013551048
21.4401927447185
21.8632749768538
21.7802011615184
22.1332724518138
22.3048270347614
21.5012818786298
21.7752251493982
22.0568041410656
21.2860104368319
20.8804688157562
21.4626016328592
21.3051502398788
22.1309595151923
21.278371349213
22.1893148724855
22.8525991078192
21.3407970709536
22.1269127177847
21.7941528490868
21.7268251830654
22.669244171366
21.5285220099318
21.3236705664506
21.9760870297113
21.623254776534
21.6855188957159
20.3536512078108
21.1095505428836
21.9856855483545
21.7236975002104
21.5429214712566
21.1684277417726
20.3750164127599
21.0098888982409
21.7585969194512
22.1621488090228
21.2392567965659
21.4017111354263
22.3516985102264
21.4006405184749
21.1692088208063
21.9401573941587
21.0115655247875
21.0974067839408
21.5701077350392
21.4370886289033
21.1168058244256
21.7670743203434
20.8516496927868
21.7268251830654
21.5834904469321
21.1712456863901
20.8281466206548
22.3204048480768
21.5731007490952
21.3675389276997
21.3418441208653
22.1589066576888
21.1849886373201
20.9970381281037
21.5059111185927
20.8516496927868
21.2308298964734
21.4994032488848
21.0570633785035
21.6311733019106
21.3719021967848
20.8160903964313
21.6403307802373
21.861625284067
20.5668352832253
21.0488216480094
20.769494992004
21.6422430771821
21.3276432960189
20.1634820301321
21.8612212776702
20.8764321185085
21.1849886373201
21.0579656594563
20.3625864826193
21.5470154027439
21.8559927615521
20.8906396767949
19.7868032993856
20.5067157646663
20.9313466879892
21.154122548607
20.8160903964313
21.2561072300311
20.7928364615773
21.3380228936958
21.1123550206212
20.6425191482199
21.1486886625705
20.466877367225
21.2521008332632
21.3939643127683
20.9069783688242
20.7772923154617
20.8550231461998
20.7454162107567
21.3305723423954
20.8453269926774
21.4067982493056
21.0275305108998
20.5530990657352
20.6686920292905
20.5504730241562
20.7272089891423
21.736629071627
20.9000664927195
21.1255996969952
20.9870255029038
21.5543380186853
20.9688115478495
21.0121041999832
21.777628987459
21.3697407625621
20.8523836377409
21.342625199899
22.1035375810117
20.7216034003872
20.4721934180625
20.8281466206548
20.6113635215891
20.8804688157562
20.6788224896894
20.5504730241562
20.4095286592038
21.3271887888225
20.6428591869371
20.7894865752041
20.6133465196532
20.7108837639929
20.9853084757175
20.2880271020958
20.7391642117667
21.0995648514435
20.7384875010521
20.8086465785708
20.4589352748085
20.2175986869792
20.6049330864406
20.1964287517886
20.6970095109839
21.2192079791263
20.6686920292905
20.7216034003872
21.1917422775861
20.3092239710462
20.9268319165054
20.8283452571332
20.2232817102937
20.6275641780995
20.1868201329854
20.4398224055214
20.7930653985355
20.440128777039
20.8635813483714
19.6938952950088
20.7054195774766
20.6559725612322
20.362872653817
20.9152773335578
21.0184235333726
20.3106514603148
21.1547117246023
21.130494907836
20.8342201834863
20.2114544230284
21.423497180372
19.9844364952445
20.8602954296776
20.4161375305109
21.1859043851528
20.5245896810033
20.3173646999411
20.3625864826193
20.7023659624611
20.2658808181129
20.4385194848919
20.2143834694049
19.9622767443818
19.6261939230704
20.5123684875011
20.2880271020958
20.1226571837387
20.769494992004
20.8545551721236
20.7129273630166
20.1850155710799
20.1964287517886
20.362872653817
20.5349861122801
20.2584033330528
20.0471618550627
20.3419249221446
20.3537387425301
20.6494444912045
21.1017195522263
20.1996911034425
20.8395126672839
20.7267376483461
20.0959927615521
20.2375599696995
20.3664514771484
20.2099461324804
19.8599452908005
19.8089260163286
20.2522085683023
20.2950467132396
20.3119240804646
20.574373369245
20.3691145526471
20.3756560895548
20.8440644726875
20.3000664927195
20.2432025923744
20.812757343658
19.796499452908
20.3296936284825
20.3236671997307
20.8007381533541
19.2575380860197
20.2426100496591
20.4185548354516
20.3131933338944
19.8016034003872
20.4238708862891
20.318004376736
20.2040947731672
19.7660542041916
20.5844364952445
19.4622615941419
20.2910908172713
19.7864262267486
19.9591557949668
20.1462949246697
19.7944760542042
19.9325115730999
20.4720419156637
20.034499621244
20.1402146283983
20.5193611648851
19.6641705243667
20.4381895463345
19.3427800690178
19.7316900934265
20.620746570154
20.4202853295177
20.0192079791264
20.3515705748675
20.6985918693713
19.966882417305
19.5125772241394
20.4092256544062
19.6580127935359
20.230122885279
20.2753177341975
20.3878335156973
20.2808660887131
20.9436890834105
19.4889293830486
20.4288266980894
19.7031504082148
19.9712153859103
20.5661080717111
19.8917675279859
19.8501784361586
20.0600631259995
20.1797197205622
19.8839870381281
20.5092138708863
20.0630191061358
20.0260760878714
19.6948177762815
19.6261939230704
19.3746864742025
19.4311362679909
20.4618643211851
19.8835358976517
19.7289832505681
20.3550416631597
19.836997727464
19.6353951687568
19.6463875094689
19.796499452908
19.8181137951351
19.4889293830486
20.009619560643
19.8021993098224
20.1958429425133
19.177746822658
19.7868032993856
20.2255475128356
19.3328044777376
19.8864582105883
19.8089260163286
19.7984050164128
19.8915655247875
19.8292845720057
19.4981171618551
19.9838607861291
19.6728835956569
20.0958311589933
20.0900942681592
20.3879075835368
20.2825696490195
20.4350584967596
19.5642429088461
19.6514813567882
20.0131815503746
19.7767805740258
20.1439348539685
19.4225410318997
19.955748674354
19.5991086608871
19.3762957663496
20.0901952697585
19.2575380860197
19.866002020032
20.1226571837387
19.5047698005218
18.8864211766686
19.7754002188368
19.6617161855063
19.8400479757596
19.7127354599781
20.3520722161434
19.3277106304183
19.3427800690178
19.8675271441798
19.4598880565609
19.5213643632691
19.8042193418063
19.1868369665853
19.6938649945291
19.6197264540022
20.1807768706338
19.0628036360576
19.8701161518391
19.9908534635132
19.1263403753893
19.7966980893864
19.5642429088461
19.4981171618551
18.7600816429594
19.9646368150829
19.765131722919
19.8121479673428
19.561872737985
19.3584521504924
19.4570128777039
19.4809906573521
19.3619198720646
19.2902794377578
19.7257242656342
19.0639247538086
19.3163210167494
19.6570398114637
19.6531344162949
19.7705252083158
19.8209553067924
18.8659818197121
20.1518129787055
19.4311362679909
19.177746822658
19.4244533288444
19.4841351738069
19.5404368319165
19.3378208904975
19.7658421008333
19.7769522767444
19.5125772241394
19.3962402154701
19.2321597508627
19.5404839659961
18.8842361754061
19.3746864742025
19.6529122127767
19.1143009847656
19.2879833347361
19.7150551300396
19.2236789832506
19.1809586735124
19.504631765003
19.2680826529754
19.3427800690178
19.1904427236765
19.0004183149566
19.5459178520327
19.787129871223
19.5047698005218
19.3584521504924
19.398256880734
18.7867628987459
18.9563210167494
19.2927236764582
18.8921479673428
19.7500151502399
19.0758328423534
18.9365651039475
19.5001977947984
19.4144912044441
19.1637614678899
19.4922119350223
19.2902794377578
19.4719846814241
18.778120528575
19.3276803299386
19.3572771652218
18.7247647504419
19.803253093174
19.8671332379429
19.2424046797408
19.0074951603401
18.8588073394496
19.7517355441461
19.4170364447437
19.1907827623938
19.4049263530006
19.9245257133238
18.7956611396347
19.4002432455181
19.1893855736049
18.9527893274977
19.0804923827961
19.6450643885195
18.9726597087787
19.2873335577814
18.7649431866004
18.7134593047723
18.9995295008838
19.3369893106641
18.7838338523693
19.112631091659
19.021130376231
18.9052748085178
18.4577232556182
19.1463016581096
19.201505765508
19.292629408299
19.2690489016076
19.1096919451225
18.8772232977022
18.4956527228348
19.136625704907
19.3700538675196
18.7068335998653
19.7367199730662
19.2325267233398
18.7877729147378
19.3836150155711
19.4173562831411
19.1904662907163
18.8842361754061
18.5806758690346
19.2049465533204
19.2666147630671
18.2675372443397
18.9563210167494
19.2736545745308
19.1897390792021
19.0742908846057
18.9486920292905
18.9623003114216
18.9040796229274
18.9605092163959
18.8549793788402
19.7314274892686
18.9894091406447
18.9774135173807
19.3047125662823
18.7867628987459
18.4349978958
18.9354002188368
19.0380279437758
19.1466551637068
19.0742908846057
18.6015966669472
18.9233103274135
18.9040796229274
18.973373453413
18.3091768369666
19.5806119013551
19.6288031310496
18.5776660213787
19.3649263530006
18.5204519821564
18.1901094183991
18.6236318491709
18.9727304098982
18.5802920629577
18.8151712818786
18.144120023567
18.9423457621412
19.0846570154027
18.9284210083326
18.7646570154027
19.026368992509
18.5173074657015
18.7902238868782
19.0124274051006
18.5984588839323
18.8694798417642
18.8115150239879
18.8212684117499
18.7784639340123
18.696753640266
19.1330872822153
18.3210344247117
19.3239601043683
18.4079126336167
18.9563210167494
18.9052748085178
19.8593392812053
17.9723196700614
19.2892256544062
19.1996439693629
18.1001641275987
19.0232211093342
18.9605563504755
18.4450879555593
18.680253345678
18.6213559464692
18.5054532446764
18.294629239963
18.8821690093426
18.8651031057992
18.6237631512499
18.5571458631428
18.6244398619645
18.598502651292
18.5724442387005
18.3824265634206
18.9257781331538
18.7319392307045
18.9491330696069
18.4727388266981
18.5243944112449
18.2675372443397
18.6025595488595
18.144120023567
18.5360095951519
18.5566745223466
18.6620292904638
18.3812987122296
18.3885573604915
18.6239045534888
18.2241435906069
18.4694899419241
18.0706346267149
18.739005975928
18.6841654742867
18.2682105883343
18.241121959431
18.8265440619477
18.2232581432539
19.0687795640098
17.9931428330949
18.1610445248716
18.680630418315
18.783507280532
18.1737000252504
18.5160954465112
18.2898080969615
18.4946965743624
18.5302154700783
18.2992214460062
18.6000479757596
18.5316597929467
18.6682307886542
18.7227649187779
18.379127177847
18.1350467132396
18.2858993350728
18.3500117835199
18.4522355020621
18.314129282047
17.8915621580675
18.3145299217238
18.1203375136773
18.1962132817103
18.3631958589344
18.6236924501305
18.2723179867015
18.3759927615521
18.603626799091
18.6731832337345
17.8951443481189
18.3580144768959
18.5566576887468
18.0617666863059
18.0697794798418
18.2839264371686
17.9891431697669
18.4292138708863
18.1737000252504
18.2675372443397
18.5483923912129
18.3190716269674
18.5843051931656
17.9445408635637
17.9431369413349
18.0277055803384
18.6006135847151
18.265507112196
18.261753219426
18.1403997979968
18.4426437168589
18.1226942176584
18.2633052773336
18.0779538759364
18.34499873748
18.3240375389277
18.0046065146032
18.7577754397778
18.0290118676879
18.2499595993603
18.7297878966417
18.045629997475
17.6591204444071
18.6830982240552
17.6210327413517
18.5653842269169
18.190496591196
18.0454448278765
17.5369455433045
18.2984403669725
17.9992062957664
18.2534003871728
18.1993274976854
17.6736714081306
18.5619333389445
17.4651098392391
18.2760920797913
18.5681550374548
17.9831167410151
18.2168344415453
17.856120696911
17.8303989563168
18.0607869707937
18.2850340880397
18.2675372443397
17.9939542126084
18.0139222287686
18.294629239963
18.1098872148809
18.2583561989732
17.5781474623348
18.2858118003535
17.9415175490279
18.2271770053026
18.9417161855063
18.3803997979968
18.3265390118677
17.9128465617372
17.827873916337
18.3089681003283
17.7274008921808
18.0948312431614
18.1327135762983
18.1659330022725
18.2453943270769
18.3732286844542
18.249249221446
18.3561627809107
17.8585649356115
17.9379117919367
18.0816606346267
18.0034483629324
18.4013239626294
17.9681819712146
17.686879050585
17.762872653817
17.8737993434896
17.9523583873412
18.0990093426479
17.9638119686895
17.7193005639256
18.0910773503914
17.7404839659961
18.2187029711304
18.5691818870465
17.7555130039559
18.0586120696911
17.7448001010016
17.5235964986112
17.8890101843279
18.3316900934265
17.3158564093931
18.5276634963387
18.0389908256881
17.6587736722498
17.0307625620739
18.3956645063547
18.4549423449205
17.9817936200656
17.6501986364784
18.1821706927026
17.8706581937547
18.270378755997
17.9770196111438
17.8098114636815
17.7027666021379
17.7960314788318
17.7647007827624
17.9920856830233
18.079246696406
18.1841738910866
17.900120360239
17.9909342647925
18.0666820974666
18.5791137109671
17.1092105041663
17.8472830569818
17.554253850686
18.0315907751873
17.9353564514772
17.8600227253598
17.6336680414107
17.5613946637488
17.5240139718879
17.6075321942598
17.5776188872991
18.0693148724855
17.8008593552731
17.556001178352
17.9125031563
17.3685859776113
17.8366677889067
17.2070642201835
17.5155736049154
17.8037278006902
17.7715082905479
17.7469009342648
18.0068049827456
17.3432076424544
17.6490876188873
17.3602870128777
18.0709914990321
17.8380750778554
17.7088401649693
17.5692357545661
17.5904359902365
17.9985969194512
17.9547083578823
17.590372022557
17.6710150660719
18.0635880818113
17.4931950172544
16.9504730241562
17.947745980978
17.4604536655164
17.0842058749264
17.7870221361838
17.3985093847319
17.7448001010016
17.554253850686
17.2572889487417
17.6499595993603
17.5308315798333
17.7614350643885
17.7874800101002
17.900120360239
17.8337050753304
17.5224248800606
18.153496338692
17.5453387761973
17.7475204107398
18.0981104284151
17.8294293409646
17.5524896894201
17.6075321942598
17.4749305614006
17.6198409224813
17.1092105041663
17.3313567881492
17.1684681424123
17.7024400303005
17.4106363100749
17.6629080043767
17.0621437589429
17.462126925343
17.5239096035687
17.0920839996633
17.7138027102096
17.4292273377662
17.3580952781753
16.8221639592627
17.556001178352
17.7714611564683
17.3985093847319
17.5308315798333
17.2070642201835
17.8034449962124
17.3294444912044
17.4667258648262
17.4197197205623
17.3349356114805
17.775376651797
17.3244247117246
17.4928246780574
17.6336680414107
17.7358412591533
17.4046906826025
17.5235762982914
16.9623676458211
17.4316614763067
17.5366526386668
17.3500791179194
17.5154524029964
17.6075321942598
17.4604536655164
17.2917809948657
17.4584167999327
16.7255963302752
17.0612919787897
17.3884092248127
17.5999503408804
17.3046048312432
17.5798240888814
17.5692357545661
17.0698299806414
17.0132892854137
16.9419720562242
17.287629829139
17.2164641023483
17.2965213365878
17.2360516791516
17.2845829475633
17.4479530342564
17.0515958252672
16.8001860112785
17.4874547597004
17.0172418146621
16.9844331285245
17.7458168504335
17.3285388435317
17.3468403333053
17.3489243329686
17.2381121117751
17.1221319754229
17.0017751031058
17.1342185001263
17.353122632775
17.286629913307
17.4795564346436
17.4777956400976
16.8669750021042
17.6663487921892
17.4169792105042
17.0676921134585
17.4048623853211
17.4186188031311
16.9504730241562
17.0802062115984
17.277129029543
17.2683216900934
17.2354254692366
17.1720435990237
17.3985093847319
17.4390379597677
16.7814333810285
17.4074614931403
17.035129197879
17.4595917852033
17.3243472771652
16.7504696574362
17.25999915832
16.932131133743
17.1953211009174
17.0191339112869
17.1865743624274
17.0232143758943
17.2944104031647
16.8921176668631
16.435250399798
17.3168192913055
17.2588107061695
17.1593173975255
16.657255281542
17.3291751536066
16.5920183486239
17.4653522430772
16.4470776870634
16.6866770473866
17.217746822658
17.2507238447942
16.8383410487333
16.8873436579412
16.9340972982072
17.1971155626631
16.6851754902786
16.8928145778975
16.827379008501
16.8989016076088
16.9390733103274
16.8529088460567
17.3571054625032
17.2910167494319
17.5149574951604
16.992624358219
17.1720435990237
17.3902205201582
17.0920839996633
17.2578410908173
16.62374631765
16.9501531857588
17.4484210083326
17.2471012541032
16.6656350475549
16.7258656678731
16.8459868697921
17.2565247033078
17.1318685295851
17.2926159414191
17.1282324720142
17.0632648766939
16.7233675616531
16.7849213029207
16.8603964312768
16.9489310664086
17.1122977863816
16.984752966922
16.7544423870045
17.1749423449205
16.5439617877283
16.5997416042421
16.8806741856746
16.8842126083663
16.3940585809275
16.5311817187105
16.8550568133996
16.9339693628482
16.8574673849003
16.9553413012373
17.0453135257975
16.48875094689
17.1342083999663
16.6921580675027
16.4466568470667
16.98499873748
16.7554187357967
17.1249431866005
16.7608997559128
16.3844667957243
17.0053673933171
16.91875178857
17.0695404427237
16.5189335914485
16.7122068849424
16.9930620318155
16.8803846477569
16.8115991919872
16.6843573773251
16.6221067250231
16.6949524450804
16.8267696321859
17.0302003198384
16.8383242151334
17.0090236512078
16.7156510394748
16.7392180792863
16.5785716690514
16.7352318828382
16.6043371770053
16.6417145021463
16.7970953623432
16.6219787896642
17.2394520663244
16.9331108492551
16.5876416126589
16.6402398787981
16.8343413854053
16.6264531605084
16.745244508038
16.3939542126084
16.5502440871981
16.6952891170777
16.4751527649188
16.7940653143675
16.5575229357798
16.5801371938389
16.6099629660803
16.6140467974076
16.6459801363522
16.4539895631681
16.8504275734366
16.4801725443986
16.5000496591196
16.4505353084757
16.7487425300901
16.245252924838
16.5351780153186
16.6003206800774
16.6446031478832
16.9293838902449
16.212747243498
17.0656552478748
16.8942387004461
16.7263471088292
16.317253598182
17.0925957410992
16.3846553320428
16.5486886625705
16.4343986196448
16.6691465364868
17.0079665011363
16.4081954380945
16.4719005134248
16.6494175574447
16.5409721403922
16.7369152428247
16.6049936874001
16.7556005386752
16.3892004040064
16.5962132817103
16.8314729399882
16.4581541957748
16.6647866341217
16.5786726706506
16.6234466795724
16.6283923912129
16.261130376231
16.7403425637573
16.6559792946722
16.3920318155037
16.1149271946806
16.3844667957243
16.4184471004124
16.5377165221783
16.2258370507533
16.8251872737985
16.4076803299386
16.5748615436411
16.6412768285498
16.2636116488511
16.4534003871728
16.237253598182
16.5955668714755
16.381120276071
16.6666955643464
16.4453539264372
16.3250643885195
16.498379766013
16.3401371938389
16.6128650786971
16.4587433717701
16.5965432202676
16.6464481104284
16.4942993014056
16.3629467216564
16.5766762057066
16.4503400387173
16.4115991919872
16.4392971972056
16.6922927363017
16.600627051595
16.4600058917599
16.5830999074152
16.6800883763993
16.4539895631681
16.5589571584883
16.7629130544567
16.2080338355357
16.3496010436832
16.258618803131
16.4862191734703
16.3732960188536
16.6365667873075
16.4470776870634
16.3846553320428
16.4467073478664
16.0392702634458
16.1860121201919
16.5997887383217
16.3668655837051
16.2452158909183
16.1213071290296
16.2478452992172
16.3866349633869
16.311998148304
16.3114493729484
16.4734290042926
16.4517237606262
16.1349221446006
16.3940585809275
16.4184471004124
16.2366139213871
16.6993594815251
16.4467174480263
16.383120107735
16.2911514182308
16.2525991078192
16.4534003871728
16.3330468815756
16.4974572847403
16.5548026260416
16.3645560138036
16.4273554414612
16.4390446932076
16.1792281794462
16.2997937884016
16.314129282047
16.3325721740594
16.2978545576972
16.4589049743288
16.2914645231883
16.1106346267149
16.3196439693629
16.5746393401229
16.5621050416632
16.245252924838
16.3629467216564
16.3279665011363
16.4022127767023
16.4165482703476
16.4306413601549
16.2705706590354
16.087377325141
16.4222279269422
16.2391456948068
16.2717995118256
16.3241621075667
16.1211589933507
16.2515217574278
16.4150669135595
16.0882661392139
16.1866484302668
16.3177384058581
16.1564590522683
16.3597752714418
16.2480372022557
16.2902121033583
16.0833507280532
16.367747664338
16.3621925763825
16.2372906321017
16.4026908509385
16.0516092921471
16.1149103610807
16.3194924669641
16.1029181045367
16.1033153774935
16.215622422355
16.3939070785287
16.2659144853127
16.2795732682434
16.2949861122801
16.22874589681
16.1896077771231
16.310375389277
16.1191557949668
16.2046570154027
16.1723937379008
16.1119779479842
16.2391456948068
16.1638995034088
16.2492391212861
16.2749743287602
16.1129542967764
16.2411892938305
16.283131891255
16.4064211766686
16.0387282215302
16.4644398619645
16.1113921387089
16.1980178436159
16.1978596077771
16.1757099570743
16.2120873663833
16.3861770894706
16.1205900176753
16.0882661392139
16.157876441377
16.2160095951519
16.1692155542463
16.2046570154027
16.0249246696406
16.2391456948068
16.2557671913139
16.1113921387089
16.1601523440788
16.175750357714
16.2512860870297
16.1980178436159
16.1349221446006
16.1564590522683
16.374504671324
16.1723937379008
16.1752655500379
16.2124307718206
16.0454953286761
16.0634130123727
16.088872148809
16.0268639003451
16.030627893275
16.1759018601128
16.0962856661897
16.2251940072385
16.1094158740847
16.2236554162108
16.1961796145106
16.0657865499537
16.1274682265802
16.2488283814494
16.0597264540022
16.0700353505597
16.1085304267318
16.1089681003283
16.0036402659709
16.1206876525545
16.3236975002104
16.0790749936874
16.1720503324636
16.1757099570743
16.0515284908678
16.2258370507533
16.1985632522515
16.0306615604747
16.0885287433718
16.147998484976
16.0552621833179
16.0930603484555
16.0156022220352
16.0410142243919
16.0566863058665
16.0972283477822
16.0814249642286
16.0849297197206
16.0238237522094
16.1385077013719
16.1016589512667
16.058251830654
16.1125940577392
16.0435257974918
16.1349591785203
16.1424804309402
16.3098030468816
16.0664127598687
15.9681550374548
16.0717355441461
16.136376567629
16.0810950256713
16.0933195858935
16.0924004713408
16.1068470667452
16.1762587324299
16.0525284066998
16.069873748001
16.1681819712146
16.0461350054709
16.0096363942429
16.0663454254693
16.0038658362091
16.2163227001094
16.050619476475
16.1879210504166
16.0185481020116
16.2592753135258
16.080872822153
16.0823609123811
16.005124989479
16.1577653396179
16.1569202929047
16.0713315377494
16.0277594478579
16.0400075751199
16.087377325141
16.0634130123727
16.0502390371181
16.0766172881071
16.0586053362512
15.9984858176921
16.0663218584294
16.0724560222204
16.0150736469994
16.0166492719468
16.0175953202592
16.1178293072974
16.0510773503914
15.924003871728
16.011501557108
16.0542858345257
16.0076702297787
16.0827346182981
16.0536697247707
16.0311093342311
16.0323449204612
16.0779168420167
16.0403307802374
16.0144205033246
15.9729458799764
16.0748598602811
16.0387282215302
15.984756333642
16.0502390371181
16.050619476475
16.0502390371181
16.0801523440788
16.0322169851023
15.9497357124821
16.0483570406531
16.1335990236512
16.0717759447858
16.0761021799512
15.9124863227001
16.1532270010942
16.2131680834947
16.0454919619561
16.0249246696406
16.0487071795303
16.0399537076004
16.0232076424543
16.2530872822153
16.1069480683444
16.0006203181551
16.0185481020116
15.9093148724855
16.094370002525
16.0007280531942
16.0468049827456
16.0567166063463
15.9657916000337
15.9421538591028
16.0934576214123
15.9089580001684
16.0029568218164
15.9869581685043
15.9739626294083
16.0119190303847
16.0474278259406
16.0997028869624
15.9572367645821
16.0275406110597
16.0073032573016
15.8761560474708
16.0325704906994
16.0193594815251
15.9854734449962
16.041748169346
16.0225544987796
16.0002163117583
16.0811522599108
16.0431689251747
15.9599200404006
16.0776946384985
15.8737825098897
16.0303652891171
16.0413172291895
15.9429147378167
16.0645913643633
16.0322169851023
15.9670305529838
16.0174438178605
16.0174808517802
16.0031487248548
16.0388292231294
16.036630754987
16.0672241393822
16.0498821648009
15.8235847150913
15.9672157225823
15.96750189378
16.0394116656847
15.9623642791011
16.0176895884185
15.9001136267991
16.0711968689504
16.054120865247
16.0184673007323
15.9874631765003
15.9130081642959
15.9763563673092
15.8625544987796
15.9338447942093
15.9542572174059
15.8918853631849
15.9147117246023
15.8761560474708
15.9124863227001
15.9874631765003
15.9739626294083
15.8711834020705
16.0245475970036
15.8341057150072
16.0249415032405
15.854743708442
16.0820781079034
16.0165718373874
16.0036705664506
15.9866383301069
15.9037732514098
16.0016168672671
15.9231722918946
15.9426521336588
16.0397651712819
15.9043489605252
16.0057612995539
16.0554911202761
15.9192096624863
15.9638355357293
16.1427868024577
15.9840392222877
15.996001178352
15.9937993434896
15.9174690682603
15.9464093931487
15.9828911707769
15.9846048312432
15.8761156468311
15.8742235502062
15.9474093089807
16.0459532025924
15.9710571500715
16.0903400387173
15.7598089386415
15.9844364952445
15.9701919030385
15.9262797744298
15.9443085598855
16.005626630755
15.9037732514098
15.9475473444996
15.9783124316135
15.9569337597845
15.8946157730831
15.8611640434307
15.9377434559381
15.868247622254
15.8881449372948
15.9205563504756
15.965380860197
15.8828457200572
16.0226454002188
15.8661770894706
15.906005386752
16.0119324972646
15.7624720141402
15.7795311842438
15.9184588839323
15.7958968100328
16.0190228095278
15.9201658109587
15.9111968689504
15.9705555087956
15.8830746570154
15.9329930140561
15.9982232135342
15.9464093931487
15.8816370675869
15.8275103105799
15.9473251409814
15.9421538591028
15.9894158740847
15.8278402491373
15.8879530342564
15.9119914148641
15.8566728389866
15.9104427236765
15.8572014140224
15.553247201414
16.0264598939483
15.9328583452571
15.9172401313021
15.9785346351317
15.8922052015824
15.9405378335157
15.8842631091659
15.9138599444491
15.8294529080044
15.9650206211599
15.7795311842438
15.8761560474708
15.9175700698594
15.8568142412255
15.8321025166232
15.8814114973487
15.8627295682182
15.7887155963303
15.9906817607946
16.1384100664927
15.7384269000926
15.9358883932329
15.7676601296187
15.935999494992
15.774747075162
15.8211438431109
15.6035729315714
15.8914005555088
15.9046654322027
15.8034517296524
16.0300993182392
15.8423373453413
15.8828457200572
15.7958968100328
15.6858151670735
15.8565179698679
15.9157385741941
15.9973343994613
15.9658555677132
15.6968613753051
15.7675119939399
15.9126108913391
15.8046031478832
15.8273891086609
15.9049347698005
15.8281163201751
15.8955921218753
15.8208610386331
15.819369581685
15.8877139971383
15.8580228936958
15.5413694133491
15.8499730662402
15.9303602390371
15.948123053615
15.8639853547681
15.8275103105799
15.8577771231378
15.8502760710378
15.8278402491373
15.9314678899083
15.6199082568807
15.9379892264961
15.6570364447437
15.9291347529669
15.6968613753051
15.8611640434307
15.7795311842438
15.8341057150072
15.6342201834862
15.6828154195775
15.9651519232388
15.8868958841848
15.7565768874674
15.7989605252083
15.9478840164969
15.585507112196
15.7936108071711
15.803121791095
15.6346376567629
15.8749305614006
15.8011556266308
15.7575364026597
15.8734020705328
15.9074295093006
15.553247201414
15.5270473865836
15.8680590859355
15.6511850854305
15.6800311421597
15.9210546250316
15.5798476559212
15.8487105462503
15.5750871138793
15.774625873243
15.7551561316388
15.9464800942682
15.8107440451141
15.9210411581517
15.7598291389614
15.5723062031816
15.7722927363017
15.7734340543725
15.8378293072974
15.5860727211514
15.7955433044357
15.8996692197626
15.8208610386331
15.8602146283983
15.7958968100328
15.5849751704402
15.6164876693881
15.529245854726
15.553247201414
15.755374968437
15.7025847992593
15.6168209746654
15.5749524450804
15.5926512919788
15.8016067671072
15.5010933423113
15.8920907331033
15.74125494487
15.6647361333221
15.6916766265466
15.7151325645989
15.840623684875
15.7590951940072
15.7107457284741
15.6564742025082
15.6940333305277
15.5802112616783
15.6131142159751
15.745998653312
15.4619888898241
15.7719358639845
15.6418525376652
15.7964220183486
15.839004292568
15.6510066492719
15.5768142412255
16.0899629660803
15.5483486238532
15.4564742025082
15.7733162191735
15.6394790000842
15.5815444827876
15.6269009342648
15.8878284656174
15.6874682265803
15.7171727969026
15.8539020284488
15.7334879218921
15.6226150997391
15.5100420839997
15.9574286676206
15.433620907331
15.5779858597761
15.5599469741604
15.6605075330359
15.5244449120445
15.5063622590691
15.5740366972477
15.5793662149651
15.4619888898241
15.553247201414
15.5100420839997
15.6647664338019
15.6564944028281
15.54124484471
15.5479749179362
15.6591709452067
15.5515133406279
15.5741780994866
15.7847664338019
15.5667174480263
15.6115621580675
15.5928162612575
15.4290590017675
15.7275220940998
15.553247201414
15.5413694133491
15.6154877535561
15.4502188367983
15.5327708105378
15.5140484807676
15.5573141991415
15.6314897735881
15.6433204275735
15.5760365289117
15.6377384058581
15.6279715512162
15.545379176837
15.587005302584
15.6662410571501
15.5367334399461
15.4753480346772
15.5973343994613
15.4865592121875
15.5266130797071
15.553247201414
15.4626824341385
15.6905891759953
15.5090825688073
15.6020410739837
15.6598106220015
15.2955382543557
15.8108147462335
15.6603391970373
15.503372611733
15.418373032573
15.4773141991415
15.6566661055467
15.4556527228348
15.3916480094268
15.5966475885868
15.503372611733
15.4753480346772
15.5221353421429
15.5788544735292
15.2858084336335
15.5690371180877
15.6167401733861
15.495619055635
15.5477291473782
15.4774690682603
15.5509881323121
15.6901481356788
15.4408963891928
15.7925704906994
15.61250483966
15.335750357714
15.4927001094184
15.5594385994445
15.5917052436664
15.5630544566956
15.2929829138961
15.5739626294083
15.6221841595825
15.4290489016076
15.51374884269
15.4400378755997
15.5370095109839
15.4025662822995
15.5454330443565
15.6405193165558
15.5624989479
15.4146662738827
15.5788612069691
15.4222413938221
15.5044061947648
15.5026555003788
15.5374505513004
15.4619888898241
15.5357065903544
15.459750021042
15.5413694133491
15.5080961198552
15.4995749516034
15.5030999074152
15.4848691187611
15.3912743035098
15.4288872990489
15.3774909519401
15.4360685127515
15.4781558791348
15.3997146704823
15.2143397020453
15.5067830990657
15.4669312347446
15.5275389276997
15.4099865331201
15.4311632017507
15.4742437505261
15.4773141991415
15.420127093679
15.5073150408215
15.6341629492467
15.4037682013299
15.4362705159498
15.4643489605252
15.4290489016076
15.2921614342227
15.4502188367983
15.4927001094184
15.553247201414
15.4193561148052
15.3901397188789
15.2955382543557
15.464749600202
15.5144861543641
15.439876273041
15.4469800521842
15.379497517044
15.4415461661476
15.6108888140729
15.4587568386499
15.5258286339534
15.4616185506271
15.4485253766518
15.4759574109924
15.5481971214544
15.595873242993
15.4144036697248
15.4343279185254
15.4504242067166
15.2205950677553
15.3394032488848
15.4476601296187
15.4050441881997
15.3664481104284
15.4462999747496
15.4095858934433
15.4025662822995
15.3734744550122
15.2263016581096
15.5126849591785
15.5034567797323
15.3294108240047
15.3829686053363
15.3445711640434
15.2474749600202
15.3819619560643
15.3856788149146
15.3610243245518
15.4611640434307
15.429254271526
15.3859919198721
15.1898131470415
15.3951493981988
15.2959860281121
15.3773360828213
15.3404805992762
15.4488351148893
15.5057057486744
15.39000505008
15.2694630081643
15.4361156468311
15.3927691271778
15.2833608282131
15.5180717111354
15.4778966416968
15.4073571248211
15.3822649608619
15.3205832842353
15.5154019021968
15.4719543809444
15.443997138288
15.5855340459557
15.3539744129282
15.4067275481862
15.424497096204
15.2878890665769
15.4915789916674
15.3719156636647
15.4532084841343
15.3261148051511
15.4059128019527
15.3598964733608
15.4303484555172
15.233620907331
15.1752049490784
15.4202651291979
15.263002272536
15.3632328928541
15.3635661981315
15.2964708357882
15.3148295598014
15.2955382543557
15.2959860281121
15.4105689756755
15.2936495244508
15.402004040064
15.3351005807592
15.4537942934097
15.3079850180961
15.454003030048
15.3331950172544
15.3245661139635
15.3157958084336
15.2204098981567
15.4056872317145
15.3315486911876
15.3516042420672
15.322131975423
15.3048640686811
15.4193258143254
15.480125410319
15.3144726874842
15.2317759447858
15.2577198888982
15.2697289790422
15.4119257638246
15.2359708778722
15.5083082232135
15.4170095109839
15.5009586735123
15.3328381449373
15.3349490783604
15.3364371685885
15.3305218415958
15.3212936621497
15.3133212692534
15.3419047218248
15.4054347277165
15.142376062621
15.2718567460651
15.2712305361502
15.2382905479337
15.3590379597677
15.2041991414864
15.1596978368824
15.246121538591
15.297999326656
15.3384605672923
15.3457394158741
15.2187130712903
15.3122910529417
15.3102339870381
15.2834146957327
15.1760701961115
15.2809637235923
15.4211640434307
15.2143397020453
15.322131975423
15.2273823752209
15.2541915663665
15.3040190219679
15.2497878966417
15.2901851695985
15.2328566618972
15.4047984176416
15.1844836293241
15.4148985775608
15.1793359144853
15.2204098981567
15.2382905479337
15.2088048144096
15.3364371685885
15.2903838060769
15.246747748506
15.303130207895
15.3321412339029
15.2118348623853
15.1145972561232
15.2673419745813
15.3428272030974
15.1974825351402
15.2777956400977
15.1373024156216
15.3157958084336
15.2660794545914
15.2070204528239
15.2914140223887
15.3643910445249
15.3591625284067
15.3136781415706
15.262628566619
15.2303551889572
15.186874000505
15.1602600791179
15.3145534887636
15.1711413180709
15.27250652302
15.2123870044609
15.1663067081896
15.1536781415706
15.2699309822406
15.2608980725528
15.1726529753388
15.2451485565188
15.2673621749011
15.1491499032068
15.1703097382375
15.2624837976601
15.2143397020453
15.2008997559128
15.2143397020453
15.2584908677721
15.1976879050585
15.2102659708779
15.1481163201751
15.0239752546082
15.1610175911119
15.1689293830486
15.2494276576046
15.1510891339113
15.2002802794378
15.2112928204697
15.1124122548607
15.1894259742446
15.2179319922566
15.1292256544062
15.1666837808265
15.1590446932076
15.2637968184496
15.1769152428247
15.2434281626126
15.1659027017928
15.2149389782005
15.2495185590439
15.1937623095699
15.2827682854979
15.2221572258227
15.1471467048228
15.2433911286929
15.2281365204949
15.147244339702
15.2303349886373
15.2687829307297
15.1702760710378
15.0983460988132
15.1935771399714
15.2370717953034
15.1950281962798
15.1226706506186
15.2528044777376
15.2005327834357
15.1113147041495
15.2210967090312
15.2377182055383
15.0959523609124
15.1477190472183
15.1978562410572
15.2062831411498
15.1324105715007
15.0770886289033
15.2542151334063
15.1306161097551
15.2317860449457
15.2079025334568
15.1892408046461
15.0392096624863
15.1296363942429
15.0966021378672
15.2251468731588
15.1510891339113
15.1124122548607
15.1654010605168
15.2532387846141
15.166623179867
15.092629408299
15.3387837724097
15.0331461998148
15.1924492887804
15.1729256796566
15.1896683780827
15.1322927363017
15.14874926353
15.1794234492046
15.1664918777881
15.20999326656
15.3227918525377
15.3021033583032
15.2051620233987
15.0901414022389
15.20875094689
15.1856788149146
15.0084479420924
15.1558362090733
15.1113147041495
15.1652158909183
15.1656400976349
15.141002440872
15.011999831664
15.1524795892602
15.1145972561232
15.1471467048228
15.1166745223466
15.1486583620907
15.1145097214039
15.1296363942429
15.1154759700362
15.0639483208484
15.0787753556098
15.0322876862217
15.0901414022389
15.089622927363
15.1667443817861
15.1356493561148
15.0141915663665
15.1253404595573
15.1373024156216
14.9890186011279
15.1322927363017
15.0928650786971
15.1323634374211
15.0530738153354
15.108372190893
15.1370835788233
15.1703097382375
15.1187618887299
15.109129702887
15.134504671324
15.027247706422
15.2065592121875
14.9726496086188
15.1197954717616
15.1414502146284
15.1331074825351
15.069752546082
15.2213626799091
15.087128187863
15.1218289706254
14.98625789075
15.1383056981736
15.0212852453497
15.2770616951435
15.0287155963303
15.1359287938726
15.0324257217406
15.1382652975339
15.071873579665
15.0756813399546
15.1165432202677
15.0048994192408
14.9915402743877
15.1150349297197
15.0249852706001
15.1148430266813
15.0984134332127
15.1089546334484
14.9708416799933
14.9468100328255
15.128006901776
15.0958311589933
15.0079328339365
15.1418946216648
15.1065878293073
15.0958917599529
15.0348026260416
14.9983477821732
15.0066063462671
15.256625704907
15.0521378671829
15.1218559043852
15.0950972140392
15.017120612743
15.0156022220352
15.0036469994108
15.287000252504
15.0639483208484
15.0331024324552
15.1944895210841
14.9726496086188
14.8384521504924
15.0281466206548
15.0709746654322
15.0116395926269
15.1423659624611
15.0634231125326
15.0810243245518
15.0468049827456
15.2317961451056
15.2222817944618
14.9016757848666
15.012255702382
14.9745215049238
15.0287155963303
15.1658185337935
14.9707070111943
14.9915402743877
15.0153463513172
15.0540804646074
15.0027682854979
14.9714106556687
14.9828575035772
14.957007827624
15.0145551721236
14.8567974076256
14.9795480178436
15.0328061610976
15.0131108492551
15.0140669977275
14.9607314199142
14.9647580170019
14.9994150324047
15.168875515529
14.8565987711472
15.0022363437421
15.0701498190388
15.0276079454592
15.0165550037876
14.9951763319586
15.0335670398115
15.1388511068092
14.9494697416042
15.1110891339113
14.9182030132144
14.9897862132817
15.2653657099571
14.8532253177342
15.0348026260416
15.0634231125326
14.9840122885279
14.9847967342816
15.0335872401313
14.9545433886037
15.0669514350644
14.963377661813
14.9331781836546
15.0092155542463
14.9789588418483
14.8557638245939
14.9847428667621
15.0185380018517
14.997748506018
15.0624804309402
14.9812246443902
14.8798325056814
14.9394941503241
15.0031049574952
14.804246275566
14.9652764918778
14.9395715848834
14.9920755828634
15.0746039895632
14.8829500883764
15.0314763067082
14.9242597424459
15.1245964144432
15.020622001515
14.8058151670735
14.9605765507954
14.7080388856157
14.9865507953876
15.079253429846
14.9257814998738
14.8567974076256
14.9812246443902
14.7847125662823
14.9503484555172
15.0019131386247
15.0204570322364
14.9739760962882
14.9494697416042
14.9182030132144
14.8473268243414
14.9998392391213
14.8511177510311
14.8740518474876
14.9904662907163
14.9774034172208
15.0920873663833
14.8531512498948
14.933376820133
14.9458134837135
14.9915402743877
15.0080708694555
14.8352200993182
14.9595934685633
15.0235207474119
14.9426891675785
14.882121875263
14.8540265970878
14.9677611312179
14.8453135257975
15.0211371096709
14.9363159666695
15.0743346519653
14.8851115225991
14.9275692281795
14.8590766770474
14.7847125662823
14.8462225401902
14.8157772914738
15.2692071374464
14.933376820133
14.9242597424459
14.8573360828213
14.7099680161603
14.8072291894622
14.7860626209915
14.9778680245771
14.8323112532615
14.9054465112364
14.8836941334905
14.9647883174817
14.8601573941588
14.9810361080717
14.8762907162697
14.9515975086272
14.8660121201919
14.8605412002357
14.9243439104453
14.9414333810285
14.848256039054
14.9249802205202
15.0040880397273
14.9595934685633
14.9338683612491
14.9421033583032
14.9005075330359
14.9108298964734
14.8880910697753
15.0056333641949
14.6985413685717
14.6990598434475
14.855255449878
14.9953514013972
14.6969388098645
14.9583410487333
14.8306649271947
14.9752756501978
14.823631849171
14.7771374463429
14.9995665348035
14.8912894537497
14.8783410487333
14.8160432623517
14.7356695564347
14.8466366467469
14.7810495749516
14.8836941334905
14.6969388098645
14.8607196363942
14.8521782678226
14.8226555003788
14.7040930898073
14.783503913812
14.9430628734955
14.8325199898999
14.8284563588924
14.7039011867688
14.7140249137278
14.8731428330949
14.7846048312432
14.8540467974076
14.7099680161603
14.7000361922397
14.8790345930477
14.8430443565356
14.8323112532615
14.8618643211851
14.6831116909351
14.8390682602475
14.7814636815083
14.8107137446343
14.8711564683107
14.8492626883259
15.0004284151166
14.8533869202929
14.6581609292147
14.8470271862638
14.8269076677047
14.8435257974918
14.6728532951772
14.8497373958421
14.748372190893
14.789126336167
14.8934811884522
14.9935165390119
14.6709039643128
14.7771374463429
14.7732892854137
14.8601573941588
14.7939272788486
15.0662949246696
14.7115874084673
15.0243691608451
14.6646586987627
14.8046098813231
14.7050627051595
14.7017262856662
14.5399688578403
14.8285977611312
14.7860491541116
14.6435190640518
14.5539171786887
14.7668251830654
14.7262663075499
14.674253850686
14.703995454928
14.7659330022725
14.7231520915748
14.8204536655164
14.845380860197
14.6924072047808
14.74625115731
14.7501565524788
14.6998375557613
14.7681651376147
14.7578259405774
14.7103955895968
14.7736865583705
14.7287947142497
14.7053825435569
14.7040930898073
14.6969388098645
14.8206085346351
14.7834803467722
14.7723297702214
14.7051502398788
14.7032648766939
14.6698569144012
14.8236958168504
14.8012801952698
14.7477863816177
14.839246696406
14.7847125662823
14.6990598434475
14.9984858176921
14.6585615688915
14.7764809359482
14.6793476980052
14.821500715428
14.6411118592711
14.8094444912045
14.7538902449289
14.7458235838734
14.6553261509974
14.6979218920966
14.6361493140308
14.5269935190641
14.7307911791937
14.686124905311
14.7049112027607
14.6964035013888
14.6734054372528
14.5949339281205
14.6723314535814
14.8794217658446
14.7209670903123
14.5576912717785
14.7492812052858
14.7051738069186
14.7038607861291
14.6619350223045
14.6748261930814
14.7032648766939
14.6831116909351
14.817874758017
14.7101801195186
14.7115167073479
14.6455929635553
14.5573950004209
14.7077426142581
14.6969388098645
14.6755231041158
15.0829871222961
14.7066753640266
14.6759001767528
14.7117254439862
14.6969388098645
14.6516867267065
14.6887778806498
14.652878545577
14.5399621244003
14.7141629492467
14.7573343994613
14.7040930898073
14.6747824257218
14.6758193754735
14.5892273377662
14.6828591869371
14.7018037202256
14.6998375557613
14.6974269842606
14.6797281373622
14.5730199478159
14.6003476138372
14.686124905311
14.6411118592711
14.561505765508
14.6807448867941
14.5421673259827
14.5365718373874
14.5325923743793
14.5810967090312
14.6692374379261
14.6286078612912
14.6660828213113
14.7579235754566
14.5796860533625
14.6585615688915
14.7903989563168
14.6831116909351
14.683253093174
14.7384740341722
14.590247453918
14.5240813062873
14.4878924332969
14.6519122969447
14.6861518390708
14.5627783856578
14.5399688578403
14.5724274051006
14.5282156384143
14.8053404595573
14.674253850686
14.4924206716607
14.7181592458547
14.5664279101086
14.6581609292147
14.6687795640098
14.6838894032489
14.5976172039391
14.6575953202592
14.6212414779901
14.7279564009764
14.7003122632775
14.6748867940409
14.6392870970457
14.6355601380355
14.6199015234408
14.6717254439862
14.6796709031226
14.660999074152
14.5478604494571
14.6490337513677
14.6361829812305
14.5329088460567
14.5953951687569
14.6682206884942
14.5311480515108
14.5508702971131
14.5406691355946
14.6642782594058
14.4262713576298
14.5699326656005
14.513257301574
14.5984319501725
14.6820646410235
14.4473268243414
14.4960095951519
14.6660996549112
14.5366459052268
14.4950770137194
14.6289445332885
14.5173983671408
14.4849768538002
14.6561341637909
14.412629408299
14.6715537412676
14.6166122380271
14.5715419577477
14.7222127767023
14.6394318660045
14.5315251241478
14.5848607019611
14.5848943691609
14.567744297618
14.6418559043852
14.5556005386752
14.6355163706759
14.5156072721151
14.5115402743877
14.5540451140477
14.5740568975675
14.6354221025166
14.541005807592
14.5571997306624
14.542248127262
14.6519122969447
14.6697592795219
14.55000505008
14.7266635805067
14.5007970709536
14.5178293072974
14.5432143758943
14.6886836124905
14.5399688578403
14.5236436326909
14.4955584546755
14.5435779816514
14.4202381954381
14.4501548691188
14.6509729820722
14.4381390455349
14.5379521925764
14.5495943102433
14.4960095951519
14.5158362090733
14.4709712987122
14.5314880902281
14.5109948657521
14.5597954717616
14.4008324215133
14.541877788065
14.4972754818618
14.5115402743877
14.51749600202
14.4915958252672
14.5843590606851
14.4841015066072
14.4902693375979
14.5421673259827
14.479872906321
14.4008256880734
14.5434130123727
14.5555601380355
14.520754986954
14.5667881491457
14.5341174985271
14.5312221193502
14.5040863563673
14.5587921892097
14.4888014476896
14.4904309401566
14.8363984513088
14.5065844625873
14.5115402743877
14.5365718373874
14.5508702971131
14.6068487501052
14.4554911202761
14.5456047470752
14.5717944617456
14.4535720898914
14.5599873748001
14.5246772157226
14.5528633953371
14.4353110007575
14.5098939483209
14.5310436831917
14.5613677299891
14.4942252335662
14.4766846225065
14.5469952024241
14.453252251494
14.4678638161771
14.5457091153943
14.5024164632607
14.6967974076256
14.4093266560054
14.4257023819544
14.5274884269001
14.5698585977611
14.4188881407289
14.4719543809444
14.3707204780742
14.5624619139803
14.506624863227
14.6023171450215
14.4091078192072
14.5863050248296
14.4008324215133
14.4906363100749
14.5111026007912
14.4979858597761
14.5261922397105
14.4571138793031
14.498881407289
14.4869228179446
14.5043354936453
14.5064565272284
14.3602297786382
14.5031537749348
14.4628474034172
14.4221168251831
14.5071904721825
14.4494646915243
14.324882585641
14.4058522009932
14.6083435737733
14.42624779059
14.4177131554583
14.3409519400724
14.5815444827876
14.4529627135763
14.4501548691188
14.4778596077771
14.3617751031058
14.4747857924417
14.4719409140645
14.3887054961704
14.3226672838987
14.3167317565862
14.4714022388688
14.5613037623096
14.2967435401061
14.4380784445754
14.3880893864153
14.4780447773757
14.3676533961788
14.499379681845
14.4626150997391
14.4545248716438
14.4514880902281
14.4932623516539
14.4005900176753
14.4090741520074
14.4048186179615
14.4538548943692
14.4812229610302
14.4994739500042
14.3677880649777
14.3922068849423
14.5423827960609
14.455625789075
14.4699107819207
14.4214165474287
14.3831605083747
14.5337976601296
14.4909056476728
14.362623516539
14.4078520326572
14.411619392307
14.4051519232388
14.4730788654154
14.5000328255198
14.4287357966501
14.4184639340123
14.4501515023988
14.4872662233819
14.4921075667031
14.2762267485902
14.472873495497
14.4992281794462
14.4363479505092
14.4209553067924
14.3764270684286
14.3260239037118
14.5384235333726
14.4215411160677
14.4180565608956
14.4100505007996
14.4150197794798
14.3199840080801
14.5298316640014
14.4249011026008
14.4263420587493
14.4243119266055
14.3407028027944
14.3922338187021
14.3269766854642
14.4286583620907
14.2762267485902
14.3922068849423
14.4193931487249
14.2969792105042
14.3747672754819
14.3700101001599
14.543503913812
14.5884529921724
14.3847597003619
14.1902238868782
14.3403560306372
14.4360920797913
14.117876441377
14.7303669724771
14.3219636394243
14.4002870128777
14.3545703223635
14.4498686979211
14.3565533204276
14.4725906910193
14.4163159666695
14.3537589428499
14.3284445753725
14.5434466795724
14.3978192071374
14.3706026428752
14.3699191987207
14.5745551721236
14.3091061358471
14.3282392054541
14.5936175406111
14.5563210167495
14.3689798838482
14.2009435232725
14.3167317565862
14.2808930224729
14.4246351317229
14.4303248884774
14.3699191987207
14.398122211935
14.2174640181803
14.3259633027523
14.3440257554078
14.3571121959431
14.3509611985523
14.28125662823
14.3864632606683
14.1018171871055
14.3669699520242
14.3904393569565
14.3627379850181
14.3289125494487
14.4311968689504
14.0784521504924
14.3653101590775
14.390378755997
14.3811135426311
14.2974572847403
14.2984471004124
14.3667948825857
14.2762267485902
14.3692424880061
14.3800631259995
14.2803240467974
14.324754650282
14.3446115646831
14.4135754566114
14.2969792105042
14.3560382122717
14.3642193418063
14.3881937547345
14.1073386078613
14.3545703223635
14.3327943775776
14.3669059843448
14.2090101843279
14.3718516959852
14.4120132985439
14.2705167915159
14.3614384311085
14.4244028280448
14.3219636394243
14.3281415705749
14.2396002020032
14.4107844457537
14.2856804982746
14.1631655584547
14.2508989142328
14.0349844289201
14.3662696742699
14.3100387172797
14.2361358471509
14.2678402491373
14.0987198047303
14.358997559128
14.2711160676711
14.4163429004293
14.3228120528575
14.3138161770895
14.3402987963976
14.355876609713
14.028624694891
14.2379370423365
14.3308686137531
14.4080170019359
14.1131933338945
14.414252167326
14.1993241309654
14.3581323120949
14.1997887383217
14.2207129029543
14.2317591111859
14.3428844373369
14.3064262267486
14.3374135173807
14.2985952360912
14.2429534550964
14.2771828970625
14.1208963891928
14.2754389361165
14.1018003535056
14.3239735712482
14.4301834862385
14.3289125494487
14.4656788149146
14.1203307802374
14.3552436663581
14.1916076087871
14.3613003955896
14.1942100833263
14.2678638161771
14.2913433212693
14.2064817776281
14.1836453160508
14.1115099739079
14.1792988805656
14.2058858681929
14.1018171871055
14.2458387341133
13.9779723928962
14.0970128777039
14.1575296692198
14.3192096624863
14.1260845046713
14.2345467553236
14.2675608113795
14.2060710377914
14.0802196784782
14.0709207979126
14.2437614678899
14.1006792357546
13.9895269758438
14.0459801363522
14.1988999242488
14.1871803720226
14.376878208905
14.2802668125579
14.1393392812053
14.3101127851191
14.3356156889151
14.1925199898998
14.21500294588
14.1417599528659
14.0828255197374
14.0006607187947
14.4279479841764
14.0784925511321
14.3043657941251
14.1709426815925
14.2826336166989
14.1991928288865
14.0989588418483
14.0528583452571
14.2693552731252
14.2061989731504
14.2095118256039
14.2837345341301
14.2855559296356
14.1208963891928
14.0366913559465
14.1145299217238
14.269254271526
14.1032951771736
14.1871164043431
14.1316496927868
14.262126925343
14.0651872737985
13.9024400303005
14.0732371012541
13.9983646157731
14.0811387930309
14.0343447521252
14.0960870297113
14.0430409898157
14.0550736469994
14.101497348708
14.1872073057824
14.0006607187947
14.0181878629745
14.1208963891928
14.0464582105884
14.1018979883848
14.0455525629156
14.118246780574
14.0886768790506
14.067123137783
14.2902053699184
14.2383982829728
14.1193375978453
13.9808071711136
14.0814855651881
14.12375473445
14.1225157814999
14.0987198047303
14.1169337597845
14.1312759868698
14.1066551637068
14.1130182644559
14.1020898914233
14.1983343152933
14.093245518054
13.9086953960104
14.021746485986
14.1860154869119
14.0033574614932
14.2329610302163
14.2002836461577
14.0989588418483
14.0946965743624
14.0850509216396
14.1918601127851
14.0646822658026
14.0828255197374
14.1409923407121
14.0781962797744
14.0014687315883
14.0552049490784
14.0375599696995
13.9061467889908
14.1214451645484
14.0318500126252
14.1164826193082
14.0073099907415
14.0713147041495
13.9890455348877
14.1520755828634
14.0298569144012
13.918125578655
13.8387282215302
14.0016034003872
14.1249701203602
14.0515284908678
14.0282240552142
14.0282678225739
14.0547639087619
14.0746174564431
13.9010260079118
14.0798830064809
14.0731394663749
13.8795463344836
14.0700319838398
13.9905403585557
14.0701834862385
14.257999326656
13.9690236512078
14.0277964817776
14.0448522851612
13.993631007491
13.9037025502904
13.9978192071374
13.9822380271021
14.0661131217911
14.0653320427573
13.959623769043
14.0646822658026
14.0170196111438
14.0033574614932
14.0773512330612
14.0824753808602
13.9771980473024
14.1532741351738
14.0403509805572
13.9990547933676
13.9919173470247
14.0006607187947
14.0056670313947
13.9024400303005
13.9773024156216
13.9832783435738
13.9968226580254
14.038122211935
14.0176491877788
14.013622590691
14.0351594983587
13.8321698510227
13.9945871559633
13.9755214207558
13.8107440451141
14.1116513761468
13.9919173470247
13.9697946300817
13.8479564009764
13.9667309149062
14.0647327666021
13.9913820385489
14.0564270684286
13.9248522851612
13.9978192071374
13.9616101338271
13.8795463344836
14.0189049743288
13.8699343489605
13.9709056476728
14.2062225401902
14.0070608534635
14.0962418988301
13.9618323373454
13.981130376231
13.9743296018854
14.058123895295
13.8146797407626
14.0533397862133
13.9985161181719
14.0391153943271
13.9618592711051
14.0296010436832
13.9890455348877
14.0465928793873
13.959623769043
13.8795463344836
13.918125578655
13.9761072300311
13.8408256880734
13.8588309064894
13.9024400303005
14.0241503240468
13.9425477653396
13.8479564009764
13.9366122380271
14.1594823668042
13.7918399124653
13.8606523019948
13.9891061358472
13.9027868024577
13.918125578655
13.7581962797744
13.8479564009764
14.0180262604158
13.7087425300901
13.988628061611
13.675250399798
13.9037025502904
13.8682812894538
13.9771980473024
13.9618592711051
13.918125578655
13.9865305950678
13.8260491541116
13.9109746654322
13.8687761972898
13.9731377830149
14.0220124568639
13.7421437589429
14.0035291642118
13.9244045114048
13.9603408803973
13.8101515023988
13.8321698510227
13.9061467889908
13.9032345762141
13.9136209073311
13.8787450551301
13.9989201245687
13.9004098981567
13.8763008164296
13.8494276576046
13.9906346267149
14.0305605588755
13.9928128945375
14.0007987543136
13.8382030132144
13.9016185506271
14.078001010016
13.6504679740763
13.9051502398788
13.8701767527986
13.8800210419998
13.8395093005639
13.8642008248464
13.8865827792274
13.8683149566535
13.8504545071964
13.979127177847
13.8632244760542
13.8903164716775
13.8964775692282
13.9207987543136
13.7113180708695
13.5534828718122
13.7611185927111
13.9791911455265
13.8846401818029
13.8296313441629
13.9148194596415
13.8763210167494
13.7161021799512
13.9193173975255
13.754375052605
13.9010361080717
13.9024400303005
13.8101515023988
14.0085657772915
13.8479564009764
13.8690994024072
13.7568394916253
13.7925435569396
13.6746073562832
13.8550871138793
13.6910975507112
13.9858639845131
13.8431049574952
13.9134020705328
13.7105605588755
13.8651839070785
13.864254692366
13.7421437589429
13.8304898577561
13.9849347698005
13.831631175827
13.7289866172881
13.8761998148304
13.8780380439357
13.7966172881071
13.8892256544062
13.6031150576551
13.715250399798
13.9610445248717
13.8194739500042
13.8014552647084
13.6654061105968
13.7858673512331
13.6724896894201
13.8049128861207
13.7113180708695
13.6910975507112
13.7037059170104
13.9043960946048
13.8267696321859
13.6665238616278
13.8759708778722
13.801121959431
13.8442866762057
13.7743902028449
13.9127960609376
13.8606018011952
13.6790211261678
13.6755635047555
13.5518937799849
13.7560617793115
13.7606337850349
13.7966172881071
13.8024013130208
13.656629071627
13.9145534887636
13.7949137278007
13.9336663580507
13.7413626799091
13.8151544482788
13.8495959936032
13.573629324131
13.7425679656595
13.6641031899672
13.8754086356367
13.7472140392223
13.7532573015739
13.8266450635468
13.7724678057403
13.6750450298796
13.6562721993098
13.6965583705075
14.0070877872233
13.8779673428163
13.6629854389361
13.6388157562495
13.6942151334063
13.7145366551637
13.6725805908594
13.5518836798249
13.6648910024409
13.7064026597088
13.7919139803047
13.8698165137615
13.4553901186769
13.8127102095783
13.7558597761131
13.6685708273714
13.6627262014982
13.7996675364027
13.7106009595152
13.7399419240805
13.7531125326151
13.7586440535308
13.6723819543809
13.772622674859
13.505119939399
13.5966644221867
13.8701599191987
13.7054498779564
13.6282375220941
13.7754406194765
13.6031150576551
13.6294125073647
13.6839298038886
13.573629324131
13.8027682854978
13.7514628398283
13.6746073562832
13.6627228347782
13.7087425300901
13.5509005975928
13.6618306539854
13.6534239542126
13.6715672081475
13.5952402996381
13.7850223045198
13.6525587071795
13.6780515108156
13.5762587324299
13.5934694049323
13.7898266139214
13.6442732093258
13.7572064641024
13.6285236932918
13.6459734029122
13.4635274808518
13.7702828044777
13.5595631680835
13.5346460735628
13.656629071627
13.573629324131
13.6651165726791
13.7717708947058
13.5972434980221
13.6174404511405
13.5131428330949
13.6294125073647
13.7342185001262
13.5548935274809
13.6487610470499
13.6799436074405
13.5794200824847
13.6304427236765
13.6823609123811
13.554624189883
13.5268689504251
13.6226386667789
13.7009351064725
13.4984673007323
13.8046132480431
13.7333633532531
13.6745467553236
13.5330468815756
13.51875515529
13.6685708273714
13.675250399798
13.666870633785
13.4966088713071
13.6614872485481
13.573629324131
13.4366980893864
13.7487256964902
13.5424130965407
13.6114577897484
13.7243944112448
13.4440577392475
13.6387315882502
13.6391591616867
13.6667426984261
13.5285927110513
13.5088973992088
13.6523634374211
13.5639432707684
13.7489310664085
