35.1538038932116
47.121194341531
418.601038845627
82.9184447024061
322.7013872639
223.496473774906
37.2623519102673
66.9321331584207
266.124604261122
11.8182866688648
80.4763609814197
120.18400579404
76.7873713959509
373.024851986744
123.13516095191
-36.2557607435323
-41.5203120064273
10.4944893261286
21.5862068121077
-33.8773381648145
-3.53571637392594
403.154896726943
20.2863513046587
48.5193248037841
100.877660728563
-35.004981165895
36.8244793206619
22.0542427608227
128.051703917891
435.318074961858
47.4709837401875
-105.529152224945
192.969362885451
390.478243304588
10.0343824780701
150.607300450048
170.86826315975
-9.89775742110068
-0.691995938084219
214.743536520594
-54.8067408323565
50.9403505054764
-69.7530303926319
293.390605237386
74.5529446685763
125.717044784426
258.770983526719
-57.2306558429111
-22.8997586770047
41.6310287917819
-39.158721360985
-46.2824753360928
-11.3496706355715
-137.782207930037
-28.5116151235207
-148.209313688127
46.3261921051949
-22.9149432264623
209.774425289204
292.035256582831
-44.6328157711986
325.654583419607
153.812349816004
-41.8347590174281
-1.31173497383234
295.299378599546
234.642249373119
232.262791264057
266.577499206446
37.2587769425016
68.0316459752122
56.5468340999442
-36.1588131464342
238.410855308785
56.594892851582
-30.1269242837019
-52.3112567139997
94.4075667364027
-12.6013211864979
-1.66793058828891
34.7229488178099
52.4334481920646
23.227542305243
305.145733516261
333.868237956113
-44.6023351540316
194.625827274727
288.45305198607
-61.2842325911809
44.7877474580792
26.6681850004629
275.705066797078
66.7643061717529
-14.5513860035197
4.77837328728913
65.9264923122613
14.5494715565314
21.6152651611629
37.2503922339228
-22.2142733725296
48.544812319164
300.145262685643
114.418386711525
435.202416941896
-101.954240081074
297.366367662621
99.3251878712497
381.090276359471
272.184899013707
183.152725342257
288.037014142896
154.328477320665
280.684508624036
-11.8847326792974
290.778253439367
46.2183565006822
-57.4716943558608
244.281993121793
63.0173649725469
-143.694166214804
8.04454693061013
-76.5806052193247
196.895297147892
315.648982971929
-85.1179048332402
3.77883966276315
-41.2182118258075
48.3763784445419
69.7548222424232
176.484311545741
178.71893259117
261.005441523408
425.000136851289
-4.64077067370938
-49.2093931952172
50.4836175794431
275.314217596025
435.909417203009
34.4208612817027
316.006831116743
284.623530061776
267.860237777208
18.0842326337285
312.500223850102
284.002259168423
-52.0125413442283
-25.3871563371506
-0.340459448466821
3.25273331344818
2.20583395649364
5.90096770723597
-11.231411449676
43.708244608665
36.7408313297297
-108.980511805685
-37.7409505683785
364.208875290318
84.6289831261309
-32.8189090580316
301.365727135848
-13.4879377423776
249.564059411752
237.324697290621
-22.3174963071992
53.4774440104337
-44.178393841707
191.180532246235
16.0206569431531
42.3562845248509
-18.9638055661688
27.2924951207032
37.736133576004
261.662166535643
437.357445119497
305.937062231941
6.33596890108209
298.774179704788
38.1149214049545
-9.11062924419849
256.091933686474
371.731542530882
314.225543588715
-7.68197168854074
276.114762741097
8.05949882929098
19.1314953269159
95.4455138562883
173.132430386233
311.906798038776
78.4664840937238
446.406630186368
106.846854970389
288.629086247711
-79.9135364941967
-84.0802590499584
184.6772741555
58.4966552070789
-47.0200940262517
149.00266695896
-25.3304747789173
-3.68577109146586
316.83926767396
315.35605415208
36.7403732561817
108.131789595341
213.976861532832
269.140938740735
26.1861435609766
-9.44306039039152
192.168475236111
29.6354049837755
388.747127809766
250.788290311257
-9.64790400460422
305.756309085137
164.509238115858
-35.9771048808002
324.946464800424
305.919304262652
291.973340441911
32.5166653062179
125.392305011341
10.2771254545292
364.098133323923
26.746319426254
421.991128500055
243.969374024744
54.7416910865215
-22.8572519231816
45.1249783271452
1.43119309247379
-42.5823179605913
377.058618902142
-38.2136918832644
26.5005380991397
277.841500939267
-43.4348106004817
-58.7951566008594
10.7308706480619
-107.282687256735
1.68097114158382
-21.9631564368029
280.122994341687
-94.0820374660767
106.296637196869
62.21615196163
-61.370677581964
17.0902539901524
277.071738732513
449.656466968406
64.7548673158507
279.385880334614
378.402069203255
-37.1053184643459
40.973033717654
-89.2607599861678
49.2281599895571
209.410894432627
-76.6863673262877
22.7273114337032
-74.8242114745502
49.8835276912569
264.220556335938
71.2926845071262
268.691268284208
-8.82689454084988
226.321626077346
110.75021588278
53.3806787502303
-46.3106077844915
249.144861561811
38.2963896603575
53.0100688547598
33.484129211546
296.458789672664
-66.2860567221331
336.793368712961
-96.3389789138798
-45.0299073013975
4.49974676154741
24.2944451640391
-26.5222015415932
58.4364567651317
-60.483747983494
-55.5773791679296
373.72396782977
-115.530654568576
158.836436767947
13.9551967138996
27.1201122633195
63.7413699319437
312.656517671506
299.300103073095
106.397456231985
297.510060951096
42.4367375865321
-3.29181374444391
66.8899398955878
215.714559675188
-18.2853467734795
-30.9546731987213
11.0164543004823
43.1399927775633
217.619451967108
22.7353397317768
305.909578825566
311.962256301553
-79.1352679823556
89.8216711323824
243.032206546787
20.3545258495495
-20.3168852718857
68.681461578577
5.52688240236217
-24.0930179666756
83.1670779805857
-15.1502806729166
66.6770025594584
-38.1559371133718
-20.9783391525453
1.00779665391323
28.2349151500041
45.5690208082819
316.381928053219
363.900078604947
318.341744681718
295.398110756553
-7.48531942251732
-25.0627051490803
349.204625543298
-102.878409807975
-29.9274887622729
53.6585093098438
-14.6997514637305
41.1454431477284
274.508886619263
31.2834540234775
13.0291983498892
274.320245466852
322.36834506074
250.453246919147
-23.2090340328375
4.57339352628964
273.228417457646
-10.1212766635344
-46.7758153456249
-67.4062339117648
267.276244642627
-21.8196152975113
-31.941904829835
221.328957205546
-1.39290027832792
-52.3636714409721
297.880152498053
-46.7122663763105
50.5756235887489
68.9823055311871
381.317858297598
31.862298261377
29.0588786475407
-41.7349803684628
-36.8711332457186
22.6416443143147
60.1920301382776
-62.6294573490538
165.149785054253
-27.4514856941945
216.640055604772
102.981656862854
-0.595021076501007
-23.4033241201657
-71.8935216846603
182.931189500927
-16.6295377280161
347.204379315846
-99.691368171672
235.795624140186
202.624590828067
108.607559116934
207.798165483178
5.87775041297223
-54.2796766494483
-33.3321021015711
262.62403182185
-5.22504292866272
209.821525075415
242.604231873463
2.35149730982073
22.4216877537724
207.239702203613
295.081084970781
267.334399786987
394.288132415015
78.2766133228504
277.108856593864
-31.6468395694655
288.745193338875
333.290522223161
13.6644005356828
266.302590246431
258.314742966654
256.515849619096
-88.7258059118126
294.803181010537
81.9408146172223
159.789430318089
18.1100037575865
33.484794162261
105.510211362869
61.3477128715692
-33.3564088961
-22.3986823529411
16.6032219866564
299.320183250628
195.169570386187
274.291869708012
62.9272034209395
284.863940854207
8.99969823376802
-6.84729312754193
-7.82991617008872
334.665950280739
329.936406590179
252.511017168739
-19.2632501216327
-149.683276722021
304.649383518622
-15.1922429390374
31.2497063630957
330.493673400399
-13.5471229878058
153.753485264246
-1.9990017832353
-15.8863006615856
226.0577795978
-125.680286102235
295.922299565506
18.2983867162087
353.536028530851
261.064830828267
-13.2245999200586
361.061960632318
193.900404085033
62.5978250755976
107.550816600606
331.336683510474
7.22493450286272
197.847705405354
-27.2405324197652
-2.23978723412956
225.503344156155
-22.7559561193835
-10.745322445823
19.1256856118085
137.571405457622
14.596976525974
5.80727185431064
365.585847092269
282.245479914825
-27.1002494699344
215.895698166626
-2.47123632870401
-40.6897531377709
-1.32286101567556
88.9488184886591
-64.4516643117569
198.130558897536
289.960632083437
291.755541969738
-67.2021275619583
-77.5889014665426
243.267307429356
0.660292408419505
179.853322637809
279.951842528789
-16.8443001462289
109.194849169182
293.913380440891
232.933775302258
-79.6205693925846
-32.6551558879107
260.270576863092
13.4467391573014
6.31063358449525
85.6059629634245
59.3220116852314
11.2753208259781
128.114371727382
79.4394107457819
-13.95111375547
-17.7305603739489
-29.057321822305
5.23955849023115
131.663449423672
-7.53958443423273
-6.7914657726211
51.9342808575772
-13.3677791267087
-65.5229625301556
0.26608279135206
255.799857944434
274.910828710032
-60.5680724453405
80.563752181412
42.3622157536138
-42.6359109855845
226.533582949221
297.633530895675
366.75320002218
53.9161570077516
76.7965823054431
-19.812366287538
124.252477790703
257.286198914159
30.2269742760332
82.0760698124029
80.005740264897
156.778278369785
220.029966487928
16.9475257774551
-24.6543674503668
40.9789701972018
-77.0925773702735
283.616308638413
13.5122436588218
276.374112066184
12.6158670737198
152.039751213643
152.136141401837
-19.0461155055796
34.6784026484703
-98.2246941099907
53.7349529675025
275.630678090317
-3.68916452638198
-30.9029648495721
318.31870283876
154.030380550728
42.9922995257204
-17.8243432598917
-7.71986030408687
0.60941761212281
47.0406789122057
310.692804359099
430.592645348285
