4.60991583200067
2.60150913222793
4.53164632606683
3.276627388267
5.0714392727885
3.25314788317482
4.13135678814916
3.16416210756671
5.38032909687738
3.13371685885028
3.6649381365205
5.37064977695482
3.94696153522432
3.21270684285835
5.6003139466375
5.05601296187191
3.4431520915748
5.23184664590522
3.1462275902702
3.41230283646158
4.32015234407879
3.56877114720984
3.77151839070785
4.24443144516457
3.08931318912551
2.80769043009849
4.37650113626799
4.01677047386585
3.46257133237944
4.46971887888225
4.20335072805321
2.56829307297366
4.25562242235503
5.02613668883092
4.82122127767025
3.3400260920798
4.61409056476728
3.78112700951098
3.59408888140729
3.43636141738912
3.5290270179278
4.01719804730243
3.69626546586989
4.88661644642707
4.02869202929048
2.78562158067504
3.66080380439357
3.79163790926691
5.54357124821144
3.58517380691862
2.82663496338694
4.21804646073562
3.24465701540274
3.97526555003788
3.90480683444156
4.09837976601298
2.88194007238448
4.31478579244171
2.56611817187107
3.78007995959936
3.49101001599192
4.21686474202508
4.27572174059424
3.59408888140729
3.94683696658532
4.82717027186266
3.29519484891844
3.04872064641023
3.38747664338018
3.22192492214461
3.09173386078615
3.89396262940829
3.91048985775609
3.19452655500379
2.76001094183991
4.05395252924839
3.49372022557026
3.54627135762985
3.0398628061611
2.80769043009849
3.08931318912551
3.76234744550123
3.58586398451308
3.15054035855567
2.81744045114047
3.0613256459894
3.02927783856578
4.52481525124148
3.51017001935864
5.02613668883092
3.27720983082233
3.20770053025839
4.19058412591534
3.57455517212355
2.55928373032575
5.17737311674102
3.41087198047302
3.76879808096962
3.44756922817945
3.05704991162361
2.60734365794127
3.44945459136437
3.45820806329434
2.86096540695229
2.77157562494739
3.1617380691861
2.83618634795053
3.84461998148305
3.5632867603737
1.73459893948322
2.83705832842355
2.63856998569145
2.73059590943524
2.84151586566787
4.02217405942261
2.73955138456358
2.9614148640687
3.03214628398283
3.24106135847151
3.38682013298543
3.54250736469996
2.79447268748422
2.44836714081308
2.91317986701458
3.6422868445417
2.09707011194345
2.78839912465281
3.84242488006061
2.81744045114047
2.81781079033752
2.79281626125749
2.58295513845636
3.23661055466712
2.38767191313863
3.60725948994192
3.14647336082822
3.59932076424545
3.15839491625286
3.2039870381281
2.75898745896811
3.15879218920966
3.1385649356115
3.21574025755407
3.08531689251748
4.03561737227506
2.85898577560812
3.61634626714923
2.64448194596415
2.58081390455351
2.84422270852622
2.60150913222793
1.72724265634207
2.88023651207811
2.78320764245436
2.9726125746991
2.16067418567462
2.60491625284067
2.90524787475803
3.04824593889404
2.93555845467554
2.55928373032575
3.14120444407038
2.77157562494739
3.17569312347447
2.2860138035519
2.71224055214208
2.64677131554583
2.29051510815589
2.81506018011953
2.68471761636226
2.18776954801785
2.99515613163877
2.19459388940325
2.88245854726034
2.8038153354095
3.13760878713913
2.38716690514266
2.79461745644306
3.27370844205035
3.07099486575206
2.17812726201498
3.62240972982073
2.77146115646832
2.81381786044946
2.57826529753387
2.49860533625116
2.51899082568809
2.78098897399209
2.94093173975256
3.21866257049069
2.80235081222119
2.81744045114047
3.55728053194176
2.13857166905143
2.17539348539685
2.16038801447689
3.02407288948743
2.08692618466461
2.23921976264626
3.01477737564178
2.70137951350898
2.27205874926355
2.9829383048565
1.82394832084842
1.99481609292147
2.40097045703223
3.1418643211851
1.76591280195271
2.09482787644137
2.40285918693712
2.49614426395084
2.35016665263868
2.16256628229948
1.98612322195103
2.85693207642456
2.8059128019527
2.27905816008754
2.58527144179783
2.2078621328171
2.45238363774095
2.0178141570575
2.33207389950343
3.02626462418988
2.50848329265213
2.36498695396011
2.25975338776198
3.41700951098395
1.94385741940914
2.3777905900177
1.82043346519654
2.50023146199817
2.42697163538423
2.39303509805572
2.22292820469659
2.40994949920042
2.41399629660805
2.77043430687652
2.6048623853211
1.74677973234577
3.15751283561991
2.25973992088208
2.14233229526135
2.49760542041918
2.6303013214376
2.28687568386499
2.02856409393149
2.79110933423112
1.93760542041917
2.86458463092333
2.37567292315461
1.92752209409983
2.39682939146536
1.71326403501391
1.95151334062791
2.04897651712818
1.597250231462
2.34861459473109
2.03118676879052
2.03592037707264
1.51164800942684
2.26574278259406
2.53072384479421
2.37169009342648
1.96990573184075
2.35016665263868
2.20612490531101
2.15342563757261
1.73356535645149
2.29051510815589
2.1582770810538
2.0729138961367
1.70064220183488
2.40994949920042
2.21191903038465
2.75862385321102
1.99341217069272
1.49834609881324
2.44439104452488
2.12404763908762
1.90209662486325
2.4683250568134
2.74357798165138
1.97870970457032
2.38143001430856
2.21315461661476
1.74385741940915
2.47713912970289
1.721125326151
2.11837134921305
1.84937715680499
2.23329096877367
1.73036023903714
2.66523104115817
2.00590270179279
1.98242319670061
2.22829812305363
2.24578486659374
1.82706927026345
2.01130965406952
1.94157478326741
2.00499032068009
1.7146376567629
2.64452234660382
2.17352832253178
1.5046755323626
1.67456022220352
1.97478074236176
1.7396389192829
1.79303846477569
1.80952192576382
2.04276828549786
1.84990573184075
1.9696633280027
2.09415789916673
1.48483208484134
1.73450803804394
2.09248463934014
1.76658614594731
1.75531100075753
2.03510226411919
1.64109502567123
2.16639087618887
2.02248043094016
1.88091322279271
1.76106472519149
1.51666442218669
1.77890497432875
1.70004629239963
1.70362848245097
2.17885784024915
1.79066829391465
2.01691860954466
2.25623179867014
2.08106135847152
1.93103358303173
1.66846982577223
1.61120528575037
2.01010773503916
1.47350307213199
1.45663917178689
2.26823078865417
2.2427245181382
1.5436890834105
1.73200319838398
1.71239878798082
2.01033667199732
1.67918609544651
1.65002020031986
1.79241225486072
1.83523019947816
1.53465617372277
1.84800690177596
1.79428751788572
1.81679067418568
1.66661139634712
1.47976180456192
1.55398787980809
1.74273630165811
1.48065398535476
1.54820385489438
1.56711135426312
1.51230115310159
1.57137362174902
1.51920966248633
1.63288696237692
1.87436831916506
1.50322784277418
1.74375305108998
1.56204444070366
1.82061190135511
1.75279269421767
1.4731529332548
1.74284066997728
1.88122296103023
1.37657520410741
2.04509805571922
1.47637825098897
1.47995034088041
1.32474118340207
1.56247538086021
1.71658025418736
1.74281036949753
1.34361501557109
1.64202087366385
1.59983923912128
1.68175826950593
1.89222540190221
1.7451367729989
1.81448447100414
1.6438254355694
1.64441797828465
1.55130460398956
1.71721993098225
1.56795303425639
1.84211177510312
1.69367309149061
1.721125326151
1.70004629239963
1.73754481945966
1.64766686305867
1.39687315882503
1.66090817271274
1.5443119266055
1.41451140476391
1.53485817692115
1.46304940661562
1.65212103358303
1.34130207894958
1.65275397693799
1.29006060095952
1.50787054961705
1.67874842185003
1.31111606767107
1.52846814241227
1.55253345677974
1.55874168841007
1.36907078528745
1.46139298038887
1.70432202676542
1.51213955054288
1.46414695732682
1.67037538927701
1.31094436495246
1.44808096961535
1.53424206716608
1.56270768453834
1.56013551047892
1.43857671913139
1.54592121875262
1.40157983334737
1.48531015907753
1.48767022977864
1.55618634795053
1.32061021799512
1.76349886373202
1.63447942092418
1.54838229105295
1.52347866341219
1.71630418314956
1.41681760794546
1.6623861627809
1.36060685127515
1.56673428162614
1.65229610302163
1.4101616025587
1.41840333305279
1.44175826950595
1.56411834020707
1.63004881743962
1.5945130881239
1.21300984765594
1.94440619476475
1.50501893779986
1.2228002693376
1.22531184243752
1.44879808096962
1.30885026512919
1.44175826950595
1.7019754229442
1.47340543725275
1.27273882669809
1.4724627556603
1.35681255786551
1.36635720898914
1.29826193081391
1.37828213113374
1.450875347193
1.53845046713241
1.33580759195354
1.64476138372191
1.43093763151251
1.6086028112112
1.49665600538677
1.32464018180289
1.29006060095952
1.41637993434898
1.45741015066073
1.35645231882839
1.35757343657943
1.54184412086525
1.25615099739079
1.71692365962463
1.29035687231715
1.46139298038887
1.31185337934517
1.47681255786551
1.65781079033752
1.33885784024915
1.24478158404176
1.68156973318744
1.21613079707097
1.53240383806079
1.3961998148304
1.43218668462251
1.54494823668043
1.39313609965492
1.58809611985524
1.47511909771904
1.33730578234156
1.37627219930982
1.24478158404176
1.27273882669809
1.50519737395842
1.21414779900684
1.28390623684876
1.53274051005809
1.43862721993099
1.39443565356453
1.35048985775609
1.45390876188873
1.34876609712987
1.30318744213452
1.49073394495414
1.16078865415369
1.29368655837052
1.29889824088883
1.20244844710041
1.45712397946301
1.37078781247371
1.65338018685296
1.19776533961789
1.28969362848247
1.43844878377243
1.25008080127935
1.59391381196869
1.15002861711977
1.37961535224309
1.44661644642707
1.20906068512753
1.32629324130966
1.25531605083748
1.41562242235503
1.30967174480264
1.15539180203686
1.0681365204949
1.39782930729737
1.40227674438179
1.36023314535814
1.42819712145442
1.23395757932835
1.19268495917854
1.47685295850519
1.3884125915327
1.15828044777376
1.28179193670567
1.32055298375559
1.32200067334401
1.37539011867688
1.31224391886207
1.33908677720731
1.18006649271948
1.38659792946723
1.51885279016918
1.06404595572764
1.32526639171789
1.34346351317231
1.3276399292989
1.2520503324636
1.2101885363185
1.18499537076005
1.45378082652977
1.15002861711977
1.15587324299301
0.975898493392833
1.53184832926522
1.24264708357882
1.15120696911035
1.24478158404176
1.26861796145107
1.21527228347782
1.2228002693376
1.41626883258985
1.0628642370171
1.1152739668378
1.18086103863311
1.47324383469405
1.15356030637153
0.918260247453929
1.46271946805825
1.42641949330866
1.08757932833936
1.3358143253935
1.31512583115901
1.59239542126085
1.09299974749601
1.227001935864
1.07747243498022
1.18638245938894
1.42459136436327
1.40184243750528
1.11417978284658
1.19662738826699
1.27610554667118
1.1674143590607
1.195125831159
1.38779984849762
1.03246948910027
1.24592963555256
1.21730578234155
1.17405689756754
1.13311084925513
1.14097550711222
1.05699941082401
1.12522262435823
1.26209662486323
1.14235249558118
1.08378503492972
1.17756501977948
1.23811211177511
1.21409393148727
1.15404511404765
1.19507869707937
1.0761998148304
1.18232556182141
0.918374715932998
1.13256544061949
0.991910613584736
1.30754061105969
1.11517633195859
0.976332800269347
1.27086693039308
1.01118171871056
1.1700370339197
1.33755828633954
1.01413433212693
1.20662991330695
1.18378671828972
1.16748169346016
1.130501641276
1.45200319838398
1.16631344162951
0.997997643296031
0.979874589681003
1.2775498695396
1.13222876862218
1.176501136268
1.18014392727886
1.03466122380271
1.10168588502651
1.15134163790927
1.15205201582359
1.2985514687316
1.28829307297366
1.04661981314706
0.934343068765259
1.01418146620657
1.07065482703476
1.2715268075078
1.16079538759365
1.15548270347614
0.993577139971393
0.922798585977631
1.37593216059256
0.911045366551633
1.02175658614595
1.25492214460064
1.16546166147631
0.946025587071802
1.21026597087788
0.959643969362844
1.05448447100414
1.08089975591281
0.990584125915348
1.12830653985355
0.861955222624374
1.03509216395926
0.979874589681003
1.29564598939484
1.04911791936706
1.04665684706674
1.22619055635047
0.988028785455782
1.06296187189631
1.21867267065062
1.07829054793368
0.869200404006392
1.12052941671578
1.20761299553911
0.828799764329602
0.958963891928306
1.2786878208905
0.979874589681003
0.991910613584736
1.29229273630168
1.03161770894707
1.09658193754734
1.00588250147294
1.01902617624779
1.10417052436665
1.09531605083748
1.04216900934264
1.1693502230452
0.985156973318738
1.02533540947732
1.21608029627137
1.00605420419157
1.14603232051175
1.02791431697671
1.16075498695398
0.994435653564523
0.94476980052184
0.959943607440465
0.968064136015499
0.913573773251414
0.987517044019882
0.958492551132053
0.899029542967781
0.951691776786475
1.01595909435233
0.879233229526136
1.04624610723005
0.905823583873428
0.900480599276165
1.00455264708359
1.04072468647422
0.792789327497701
0.956536486827702
0.873960946048328
1.02481020116153
1.00507785539938
0.972807844457549
1.0073638582611
1.00943439104452
1.05120528575037
0.93142075582864
0.88165390118678
1.11622338187021
0.765542462755661
0.984645231882837
0.859793788401646
1.03934096456527
0.922620149819039
0.857339449541286
0.818437000252516
1.00905058496761
1.11972813736219
0.945029037959785
1.07920629576637
0.926044104031661
0.997522935779813
1.0307120612743
1.01443733692452
1.03824678057404
0.981463681508302
1.11191734702467
0.982022557023839
0.972218668462261
0.940423365036622
0.983756417809957
1.10611985523104
0.899793788401666
0.848208904974342
0.918714754650296
0.853191650534484
0.995691440114484
0.911119434391054
0.892780910697752
0.924374210925009
0.962431613500542
0.763145358134835
0.794412086524716
0.89563588923491
0.836839491625284
1.0683014897736
1.06112027607105
0.822500631259999
0.979069943607442
0.747372275061025
0.936366467469071
0.864813567881498
0.948136520494927
0.92048901607609
0.746769632185845
0.96838734113291
0.917300732261594
0.982325561821398
0.9847630670819
0.91682939146537
1.01416799932667
0.962781752377765
0.877118929383045
0.907907583536741
0.911779311505768
1.04239457958084
0.841492298628083
0.811824762225399
1.063251409814
0.797849507617201
0.861271778469842
0.781291978789682
0.837650871138806
0.861955222624374
0.976555003787581
0.840792020873664
1.00227001094186
0.836846225065244
0.901514182307892
0.907315040821487
0.879078360407391
0.788591027691268
0.892780910697752
0.794412086524716
0.756179614510557
0.753947479168431
0.880499116236024
0.876250315630017
0.859248379766029
0.794869960441048
0.79876862216986
0.800896389192843
0.767986701456124
0.768074236175408
0.846306708189559
0.864779900681782
0.811366888309067
0.890296271357641
0.592839828297286
0.824739500042085
1.10139634710885
0.859645652722833
0.797849507617201
0.837623937379021
0.816716606346262
0.93320511741436
0.939403248884787
0.760458715596343
0.743221109334229
0.93668293914655
0.763145358134835
0.763145358134835
0.72255281541959
1.0467376483461
0.740339197037287
0.919344331285259
0.921280195269759
0.773252251494
0.88377830148977
0.792243918862056
0.677930308896578
0.985295008837653
0.840209578318337
0.858531268411753
0.838802289369596
0.900308896557533
0.865810116993515
0.861955222624374
0.811137951350901
0.952341553741263
0.746769632185845
0.88165390118678
0.765495328676053
0.854656173722759
0.735861459473114
0.656087029711301
0.746769632185845
0.821430014308561
0.814450803804391
0.725458294756351
0.854141065566893
0.912580590859363
0.732232135342144
0.892986280616128
0.80387256964903
0.755856409393147
0.725902701792791
0.563758101169952
0.816743540106046
0.809074152007412
0.789570743203427
0.766330275229365
0.760458715596343
0.670796229273634
0.850225570238194
0.703766517969882
0.89589175995286
0.934837976601301
0.720246612238043
0.838623853211004
0.844350643885207
0.696150997390788
0.691373621749023
0.779531184243751
0.720263445837901
0.791934180624537
0.782231293662164
0.779376315125006
0.752624358219009
0.946692197626476
0.74682686642538
0.864052689167579
0.689010184327913
0.79118676879051
0.726427910108583
0.779955390960367
0.794035013887736
0.872496422860024
0.666863900345106
0.89822489689422
0.695992761552077
0.86043009847657
0.783332211093352
0.750338355357314
0.693144516454851
0.838438683612509
0.723205959094372
0.671584041747337
0.736363100749116
0.720263445837901
0.722017506943871
0.785564346435478
0.738719804730238
0.827974917936217
0.479418399124654
0.722064641023479
0.769198720646415
0.777857924417134
0.810622843195034
0.632260752461917
0.64804730241562
0.653275818533814
0.840909856072727
0.59302499789581
0.6736377409309
0.672620991499031
0.769609460483139
0.777780489857776
0.834109081727121
0.753008164295949
0.93230956990152
0.708833431529342
0.740601801195197
0.657847824257232
0.855376651797002
0.819197878966435
0.546803299385573
0.630163285918712
0.886774682265809
0.758721488090231
0.654437336924502
0.725690598434483
0.777238447942096
0.769010184327925
0.658268664253853
0.747702213618396
0.588611228011104
0.743130207894978
0.742813736217499
0.657016244423886
0.754950761720409
0.747988384816097
0.631486406868106
0.554260584125927
0.735033246359734
0.600532783435739
0.654437336924502
0.556324383469416
0.640835788233318
0.747719047218254
0.70352748085179
0.620921639592638
0.635896810032847
0.635395168756844
0.733127682854985
0.683131891254959
0.677711472098309
0.615827792273393
0.645276491877809
0.720071542799445
0.665194007238455
0.760579917515372
0.591028532951782
0.675782341553742
0.682505681339961
0.744436495244514
0.679755071121974
0.636061779311518
0.551227169430177
0.757792273377675
0.669449541284422
0.600600117835199
0.651174985270615
0.839933507280534
0.678731588250145
0.647205622422376
0.656400134668814
0.69814409561485
0.537272115141832
0.638896557528824
0.712573857419414
0.651945964144431
0.654471004124247
0.715900176752797
0.700793704233661
0.744197458126422
0.682347445501222
0.506634963386915
0.78816008753472
0.585577813315382
0.55762393737902
0.606609712987137
0.652040232303676
0.636852958505187
0.737733355778147
0.584433128524552
0.600600117835199
0.590691860954479
0.553755576129959
0.614841343321274
0.516698089386409
0.515486070196118
0.642825519737414
0.577686221698514
0.654181466206552
0.551348371349206
0.634348118845224
0.76601717027188
0.66204275734367
0.588426058412608
0.563976937968192
0.596624021547001
0.549638077602907
0.551523440787832
0.585537412675706
0.705520579075852
0.607629829138972
0.549920882080642
0.479761804561917
0.506634963386915
0.606158572510736
0.631688410066488
0.61376735964987
0.54360491541118
0.807589428499284
0.471348371349222
0.605848834273218
0.630230620318173
0.632769127177852
0.578389866172898
0.560795387593657
0.586608029627143
0.614885110680916
0.580706169514372
0.710984765592116
0.6363243834694
0.454242067166064
0.639391465364866
0.640835788233318
0.660234828718131
0.629900681760802
0.678815756249492
0.524088039727303
0.584614931403081
0.497440451140477
0.664359060685143
0.561680834946571
0.542884437336937
0.548567460651469
0.413565356451471
0.547092837303268
0.531521757427839
0.623062873495513
0.485252924837994
0.55498106220017
0.591870212945054
0.558418483292655
0.592553657099586
0.577076845383402
0.547261173301905
0.497224981062203
0.557462334820315
0.515344667957237
0.498989142328099
0.535215049238275
0.612693375978466
0.479418399124654
0.574673007322616
0.522169009342662
0.494346435485227
0.556324383469416
0.515486070196118
0.548607861291146
0.455551721235594
0.585231041158153
0.516324383469424
0.552856661897152
0.574151165726789
0.620803804393574
0.471348371349222
0.700891339112871
0.553597340291219
0.523613332211113
0.595176331958584
0.586237690430096
0.559583368403338
0.544678899082584
0.463951687568397
0.541763319585897
0.571871896305026
0.609602727043182
0.474486154364115
0.533016581095865
0.565858934433123
0.463285077013722
0.567963134416289
0.490505007995978
0.431331537749344
0.571824762225418
0.538797239289636
0.55274556013805
0.4243624274051
0.518623853211011
0.442734618298118
0.438532951771748
0.565330359397365
0.471126167830988
0.551345004629241
0.526852116825182
0.396395084588846
0.573410487332723
0.521381196868958
0.515536570995721
0.448232472014155
0.615305950677566
0.458194596414444
0.391866846225071
0.715149398198804
0.472546923659621
0.558159245854739
0.507449709620403
0.550843363353266
0.51281962797745
0.465150239878795
0.578150829054806
0.485252924837994
0.451400555508798
0.588123053615021
0.471658109586741
0.54889739920884
0.495009679319935
0.497531352579756
0.604821984681422
0.473115899335085
0.547644979378845
0.591341637909267
0.458113795135091
0.475021462839834
0.422446763740425
0.551900513424812
0.588271189293835
0.497659287938745
0.416130797070963
0.50141318070871
0.528000168336007
0.443926437168585
0.546483460988128
0.487155121622777
0.441334062789338
0.464587997643292
0.433078865415382
0.484956653480367
0.448744213450055
0.501419914148642
0.425268075077867
0.447384058580923
0.442606682939157
0.445865667873079
0.528767780489858
0.501015907751878
0.546082821311359
0.46295513845638
0.458426900092604
0.409279521925782
0.461339112869297
0.51281962797745
0.416285666189708
0.503200909014396
0.401960272704315
0.581965322784271
0.524492046124067
0.42059843447521
0.577373116741029
0.398644053530859
0.557139129702904
0.63584294251325
0.419245013046037
0.380689335914497
0.554752125242004
0.428752630249988
0.528205538254355
0.41884437336924
0.412137867182906
0.473011531015914
0.510705327834359
0.457073478663432
0.575245349718045
0.467597845299224
0.446124905310995
0.471658109586741
0.507432876020545
0.468819964649441
0.512641191818886
0.450070701119444
0.439778638161783
0.403687400050501
0.413535055971721
0.437724938978221
0.370488174396115
0.456783940745737
0.349685211682527
0.441919872064659
0.428809864489523
0.386247790590033
0.488235838734113
0.41840669977276
0.424803467721574
0.454036697247716
0.365347192997234
0.481892938304867
0.439782004881749
0.436294082989662
0.439664169682686
0.391759111185934
0.399290463765681
0.410195269758447
0.420702802794381
0.453016581095881
0.429489941924089
0.432183317902542
0.437081895463365
0.437765339617897
0.462945038296454
0.458194596414444
0.46522094099825
0.372100833263204
0.445222624358223
0.380399797996802
0.395698173554422
0.46802205201584
0.437452234660384
0.445801700193584
0.43828381449373
0.395129197878987
0.419571584883442
0.391866846225071
0.446690514266493
0.448532110091747
0.404330443565357
0.445124989479012
0.414349802205209
0.407939567376502
0.397142496422873
0.38692113458464
0.408104536655173
0.372912212776697
0.456575204107395
0.395371601717045
0.410791179193666
0.399744970962047
0.457780489857754
0.408266139213879
0.391079033751367
0.368080969615363
0.413228684454168
0.380689335914497
0.412356703981146
0.392247285582016
0.40712818786298
0.475492803636058
0.378709704570326
0.331851695985193
0.452147967342825
0.353977779648176
0.437098729063223
0.403468563252261
0.349661644642708
0.453023314535812
0.37191566366468
0.424180624526571
0.340147293998825
0.456477569228184
0.394132648766941
0.433627640770993
0.407616362259063
0.436943859944449
0.384466795724279
0.503035939735724
0.366360575709109
0.515011362679928
0.386247790590033
0.391964481104282
0.377464018180291
0.415821058833444
0.432567123979481
0.414790842521683
0.399822405521434
0.409340122885283
0.39749936874
0.388567460651473
0.373949162528419
0.330804646073574
0.391328171029386
0.350930898072562
0.347405942260764
0.368700446090401
0.368538843531695
0.329797996801631
0.330602642875192
0.347655079538754
0.456315966669479
0.362636983418923
0.412296103021646
0.472661392138718
0.401815503745496
0.311994781584048
0.370932581432555
0.399246696406038
0.391964481104282
0.341214544230297
0.395280700277766
0.388870465449031
0.373514855651877
0.383756417809963
0.349661644642708
0.391270936789851
0.40620233987039
0.409276155205788
0.337366383301088
0.320913222792711
0.448397441292826
0.402697584378416
0.453245518054047
0.367077687063386
0.369764329601907
0.386890834104889
0.347069270263461
0.439580001683368
0.327283056981742
0.385072805319425
0.366488511068098
0.348473192492236
0.413386920292908
0.316119013551059
0.388890665768884
0.394021547007839
0.384466795724279
0.396395084588846
0.331851695985193
0.388654995370757
0.342537665179719
0.476960693544328
0.360340880397274
0.377921892096623
0.349658277922742
0.344086356367313
0.396095446511254
0.308432791852539
0.417628987458983
0.399462166484312
0.350149819038819
0.318351148893186
0.289505092163978
0.341891254944869
0.398054877535571
0.313546839491636
0.347809948657527
0.34744634290044
0.399468899924244
0.362636983418923
0.353880144768965
0.315344667957248
0.369622927363025
0.350920797912636
0.274553488763587
0.361074825351409
0.342365962461088
0.362118508543062
0.349685211682527
0.328589344331306
0.381463681508308
0.347372275061019
0.320371180877032
0.298487501052108
0.418538001851715
0.310994865752036
0.354603989563174
0.347954717616375
0.367872232977021
0.329471424964225
0.412387004460925
0.376363100749103
0.39422355020622
0.317563336419511
0.407404258900783
0.328239205454082
0.29805656089556
0.397576803299387
0.28824593889405
0.348473192492236
0.330602642875192
0.426308391549554
0.316331116909367
0.313657941250739
0.310402323036783
0.366707347866338
0.34744634290044
0.275361501557114
0.341032741351739
0.351870212945045
0.324411244844725
0.373535055971729
0.330602642875192
0.309452908004374
0.323014056055882
0.366741015066083
0.341426647588605
0.332999747496018
0.369555592963565
0.346217490110263
0.327239289622099
0.292969447016247
0.31261762477908
0.317129029542969
0.295733524114127
0.404094773167259
0.371111017591119
0.312927363016598
0.28690598434477
0.314694891002461
0.296632438346961
0.317108829223145
0.300726369834194
0.337618887299044
0.357320932581445
0.282650450298803
0.338531268411771
0.263241309654063
0.328175237774616
0.303436579412505
0.359186095446518
0.358543051931662
0.347557444659543
0.271604242067184
0.28559633027524
0.308843531689263
0.296087029711316
0.346887467384903
0.381339112869284
0.396974160424207
0.316566787307465
0.282020873663839
0.261295345509637
0.316145947310844
0.287653396178769
0.325986869792104
0.317108829223145
0.341298712229616
0.296797407625633
0.295733524114127
0.342116825183069
0.274196616446432
0.273287602053699
0.296632438346961
0.325178856998576
0.299753387761967
0.288118003535061
0.297487585220097
0.316482619308147
0.349412507364718
0.31382291052941
0.290717111354269
0.316122380271025
0.238566618971475
0.286542378587654
0.351984681424142
0.310318155037464
0.322266644221884
0.326905984344762
0.358452150492383
0.389173470246618
0.287966501136282
0.285515528995887
0.317129029542969
0.360684285834537
0.298261930813908
0.277226664422187
0.304874168841025
0.317950509216416
0.297413517380704
0.294602306203188
0.340554667115583
0.27160760878715
0.306779732345774
0.312752293578001
0.271281036949773
0.388809864489531
0.311483040148147
0.273755576129957
0.303083073815344
0.261527649187798
0.335339617877281
0.259682686642549
0.309109502567139
0.283418062452654
0.261608450467151
0.30222792694218
0.246703981146368
0.288128103694987
0.259197878966432
0.332511573099907
0.272243918862046
0.260275229357802
0.306254524029981
0.301551216227608
0.247596161939242
0.325259658277929
0.252706842858345
0.222934938136518
0.329959599360336
0.243717700530254
0.327040653143683
0.25965911960273
0.293491288612074
0.271277670229779
0.266059254271539
0.331565524787493
0.223840585809285
0.306692197626461
0.252787644137698
0.276081979631357
0.273678141570571
0.269267738405858
0.283562831411501
0.284017338607867
0.287916000336679
0.303359144853147
0.323697500210415
0.267708947058338
0.25764918777881
0.211764161265904
0.334794209241664
0.30283056981736
0.284465112364273
0.272594057739241
0.317923575456632
0.295619055635058
0.276233482030136
0.29387172796902
0.296070196111458
0.307463176500306
0.279095194007255
0.225130039558962
0.289080885447362
0.28859271105128
0.260426731756581
0.244007238447949
0.268500126252007
0.258534635131724
0.28192997222456
0.242431613500543
0.26459136436327
0.256858008585141
0.250111101759131
0.255336251157331
0.220951940072382
0.29914064472689
0.371548691187627
0.197172796902635
0.255097214039239
0.299261846645919
0.247596161939242
0.261669051426651
0.202142075582884
0.219473950004215
0.279933507280532
0.282926521336606
0.272594057739241
0.281475465028194
0.231846645905222
0.285333726117329
0.215797491793637
0.246387509468917
0.247889066576903
0.274142748926863
0.208306539853567
0.293902028448798
0.250340038717297
0.262278427741791
0.255713323794311
0.269176836966579
0.296056729231566
0.302971972056241
0.267729147378162
0.280216311758267
0.248552310411583
0.266170356030642
0.264359060685138
0.242822153017443
0.253498022052014
0.293181550374555
0.239138961366905
0.227129871222957
0.244869118761045
0.320418314956669
0.214053530847565
0.197475801700193
0.210407373116738
0.231695143506442
0.304658698762751
0.217931992256553
0.287522094099842
0.212703476138387
0.262042757343664
0.218692870970472
0.266422860028626
0.2797618045619
0.255784024913737
0.241330696069355
0.27887299048902
0.23945879976435
0.240512583115901
0.20016581095868
0.220194428078457
0.227358808181123
0.231829812305364
0.253383553572945
0.284862385321105
0.253676458210606
0.248151670734785
0.25344752125244
0.263510647251934
0.244899419240824
0.207616362259074
0.253599023651219
0.193284235333721
0.267442976180462
0.257325982661399
0.221207810790332
0.234610723003129
0.219763487921909
0.213094015655258
0.223850685969211
0.248848581769209
0.300073226159412
0.247121454423024
0.243121791095035
0.22769884689842
0.268567460651468
0.275236932918119
0.248747580170033
0.22533540947731
0.219063210167491
0.219844289201262
0.191486406868108
0.21179782846562
0.211656426226767
0.200243245518067
0.27842858345258
0.233156299974752
0.22593805235249
0.250673343994634
0.225604747075181
0.264443228684456
0.17983082232135
0.176198131470414
0.224658698762738
0.233701708610397
0.239273630165826
0.201182560390549
0.224911202760723
0.227143338102849
0.22792441713662
0.207040653143679
0.292107566703152
0.23492719468058
0.238822489689426
0.236900092584818
0.201111859271123
0.235368234997054
0.225985186432126
0.197230031142169
0.204421345004647
0.239734870802124
0.172811211177532
0.308358724013146
0.25408046460737
0.204448278764431
0.243512330611907
0.203791768369683
0.222793535897665
0.207276323541805
0.232792694217665
0.195964144432281
0.208979883848173
0.218958841848348
0.209993266560048
0.237081895463348
0.181743119266059
0.241337429509315
0.227358808181123
0.203559464691523
0.181052941671595
0.203024156215804
0.224167157646662
0.219938557360507
0.223534214291732
0.178982408888146
0.222578065819391
0.19452655500379
0.187355441461165
0.209444491204465
0.227426142580612
0.192381954380949
0.235425469236617
0.196112280111123
0.18394832084843
0.240270179277843
0.22547007827626
0.202468647420261
0.194812726201519
0.213528322531772
0.198374715932999
0.240361080717122
0.240431781836548
0.179433549364546
0.205121622759037
0.193957579328355
0.23078612911371
0.203340627893283
0.195920377072639
0.206007070111951
0.217797323457631
0.185917852032674
0.217336082821305
0.219689420082489
0.221658951266733
0.197230031142169
0.201105125831162
0.211858429425149
0.186564262267495
0.222163959262701
0.193657941250734
0.200243245518067
0.201111859271123
0.191385405268932
0.220325730157413
0.183355778133148
0.191668209746666
0.240674185674607
0.19137193838904
0.213817860449467
0.195361501557102
0.192550290379614
0.206400976348789
0.185119939399044
0.201017591111878
0.213535055971732
0.190843363353252
0.173269085093864
0.210821479673427
0.208922649608638
0.191048733271629
0.201004124231986
0.219904890160763
0.183274976853795
0.176511236427928
0.199657436242745
0.188947900008429
0.214231967006157
0.185072805319436
0.193604073731166
0.212393737900868
0.171444322868439
0.184025755407788
0.173322952613432
0.150668293914663
0.188200488174402
0.202441713660477
0.185749516034008
0.181052941671595
0.253858261089135
0.163202592374375
0.222682434138534
0.211447689588425
0.196189714670481
0.184537496843717
0.209427657604579
0.189594310243251
0.186746065146025
0.190937631512497
0.200327413517385
0.18219425974246
0.183204275734369
0.199994108240048
0.223207642454355
0.211723760626228
0.179100244087209
0.170996549112033
0.19302836461577
0.233651207810794
0.164815251241492
0.220308896557526
0.164828718121385
0.173363353253109
0.188096119855231
0.263224476054205
0.194021547007821
0.173104115815164
0.194785792441735
0.223769884689858
0.173346519653222
0.150947731672431
0.186746065146025
0.179810622001526
0.191604242067172
0.201101759111197
0.182298628061631
0.201478831748176
0.183716017170269
0.210663243834688
0.171905563504765
0.188958000168356
0.180807171113543
0.166182139550557
0.202152175742782
0.193287602053715
0.188510226411921
0.18394832084843
0.174272367645841
0.17722498106221
0.206242740510078
0.165256291557967
0.178012793535913
0.197950509216412
0.184025755407788
0.168888982408902
0.17856493561149
0.186587829307314
0.208380607692959
0.168229105294188
0.21459893948321
0.165821900513436
0.24586566787309
0.193940745728469
0.225072805319428
0.181089975591277
0.211020116151843
0.16692618466459
0.203468563252272
0.148244255534053
0.187301573941596
0.177578486659371
0.193674774850621
0.170148135678829
0.195119097719044
0.16282215301743
0.175151081558795
0.181244844710051
0.172905479336777
0.150833263193334
0.163202592374375
0.173797660129623
0.173269085093864
0.170609376315127
0.151924080464624
0.193809443649542
0.194364952445085
0.19143253934854
0.172929046376566
0.174922144600629
0.154391886204877
0.186028953791777
0.162744718458043
0.162020873663835
0.15730409898157
0.188500126251995
0.176588670987286
0.140059759279524
0.1990514266476
0.140558033835532
0.157233397862143
0.184759700361923
0.227291473781662
0.16033751367732
0.15365120781081
0.196805824425553
0.192691692618467
0.200744886794041
0.160064809359483
0.173296018853648
0.171444322868439
0.159125494487
0.167781331537753
0.135349718037219
0.194991162360083
0.176804141065588
0.187644979378859
0.19490362764077
0.141709452066323
0.173827960609373
0.188358724013142
0.176161097550732
0.172013298543902
0.176063462671493
0.153728642370169
0.170562242235519
0.172302836461597
0.130855146873159
0.150947731672431
0.164828718121385
0.11409561484723
0.208986617288105
0.157425300900599
0.172009931823936
0.1719627977443
0.16084925511322
0.181504082147967
0.152314619981496
0.155415369076678
0.148971467048227
0.128656678730749
0.15845551721236
0.145584546755344
0.149695311842436
0.186483460988143
0.161441797828473
0.168552310411599
0.170202003198398
0.138413433212691
0.17085514687318
0.153984513088119
0.143500547092003
0.148244255534053
0.146399292988804
0.199701203602388
0.158048144095631
0.169020284487857
0.17040400639678
0.162522514939837
0.164431445164553
0.169255954885955
0.188718963050263
0.157307465701535
0.135349718037219
0.159687736722503
0.172063799343505
0.184200824846414
0.131245686390031
0.205037454759719
0.157398367140814
0.16569059843448
0.151247369750024
0.150631259994952
0.191614342227098
0.14991751536067
0.154176416126603
0.134925511320603
0.148439525292503
0.140558033835532
0.146544061947651
0.148099486575205
0.141187610470496
0.155206632438365
0.12002777543978
0.142588165979305
0.155671239794628
0.149042168167682
0.147867182897073
0.138430266812577
0.148533793451747
0.121014224391899
0.15555677131556
0.182093258143254
0.129784529921722
0.136171197710638
0.159704570322361
0.141335746149309
0.168996717448039
0.150456190556355
0.155092163959267
0.153732009090163
0.145231041158155
0.174609039643144
0.118758522009927
0.16001430855988
0.1695757932834
0.135299217237616
0.158482450972144
0.134073731167405
0.151577308307395
0.156977527144193
0.129000084168013
0.137369750021037
0.165343826277251
0.22004292567965
0.160983923912141
0.146039053951682
0.137056645063552
0.149018601127864
0.150934264792539
0.143557781331538
0.145672081474629
0.134551805403589
0.121014224391899
0.118758522009927
0.170851780153185
0.125131722918951
0.124949920040422
0.127700530258409
0.131020116151859
0.177332716101347
0.119421765844635
0.172720309738253
0.134218500126252
0.169865331201095
0.161751536065992
0.151755744465959
0.130467974076254
0.160223045198222
0.158159245854733
0.151880313104954
0.122687484218517
0.149813147041499
0.156691355946464
0.143197542294416
0.173373453413006
0.14468563252251
0.128266139213878
0.161172460230631
0.129037118087723
0.162674017338617
0.165956569312357
0.126754481945966
0.162280111101779
0.139046376567649
0.134534971803731
0.16151923238786
0.146981735544159
0.10993098224057
0.172780910697753
0.105358976517124
0.138709704570317
0.127286423701719
0.12018601127852
0.140648935274811
0.136501136268009
0.109335072805322
0.126427910108589
0.146173722750603
0.137046544903626
0.127283056981753
0.159223129366211
0.124226075246185
0.114004713407979
0.12066071879471
0.143948320848409
0.136194764750456
0.124896052520825
0.117331032741362
0.127111354263121
0.127575961619414
0.128801447689597
0.118091911455281
0.103581348371364
0.113631007490966
0.116314283309492
0.125451561316396
0.135299217237616
0.12343826277251
0.117714838818301
0.104911202760718
0.140393064556861
0.128353673933191
0.109227337766185
0.188574194091416
0.143753051089988
0.175164548438687
0.138713071290312
0.125263024997906
0.111863479505104
0.12502735459978
0.122030973823769
0.128707179530352
0.137363016581105
0.11034508879726
0.131801195185602
0.123172291894633
0.135844625873261
0.119856072721149
0.161270095109842
0.116637488426903
0.102911371096724
0.162892854136857
0.112826361417405
0.150419156636644
0.110944364952445
0.105281541957766
0.122232977022151
0.125414527396686
0.142163959262689
0.142288527901712
0.134528238363771
0.121889571584887
0.108718963050251
0.113227001094202
0.12197037286424
0.135548354515606
0.127511993939919
0.10377325140982
0.123391128692873
0.12550879555593
0.106163622590685
0.113785876609711
0.125535729315715
0.122310411581537
0.102759868697916
0.118075077855394
0.120906489352762
0.110637993434892
0.120024408719814
0.12066071879471
0.141362679909093
0.10058833431529
0.118341048733271
0.101473781668204
0.125263024997906
0.10993098224057
0.119233229526145
0.122115141823087
0.131137951350894
0.118745055130034
0.0950635468394978
0.103288443733703
0.109870381281041
0.116883258984927
0.0969186095446446
0.127461493140316
0.107715680498274
0.121014224391899
0.121680834946574
0.111058833431542
0.137467384900276
0.104025755407804
0.123700866930392
0.127198888982406
0.111210335830322
0.12923575456611
0.111122801111037
0.112651291978807
0.108375557613016
0.136884942344921
0.100786970793706
0.106863900345104
0.116220015150247
0.101733019106149
0.110590859355284
0.113136099654923
0.110681760794563
0.112089049743304
0.114630923322949
0.114496254524028
0.0973596498611187
0.0993392812052889
0.101594983587233
0.0871887888224876
0.104207558286333
0.131639592626897
0.110957831832337
0.122616783099062
0.119088460567298
0.107533877619744
0.133056981735564
0.112752293577984
0.118485817692118
0.0962721993098228
0.11301826445586
0.0988544735291725
0.109691945122478
0.11849928457201
0.0947942092416554
0.115890076592876
0.108732429930143
0.116034845551724
0.108557360491545
0.106604662907159
0.129367056645066
0.105800016833598
0.111304603989566
0.125458294756328
0.107715680498274
0.121687568386506
0.110065651039491
0.10081390455349
0.10712987122298
0.115691440114489
0.108617961451074
0.114603989563165
0.109870381281041
0.118041410655678
0.103059506775537
0.116832758185353
0.0886802457705755
0.122727884858193
0.11324383469406
0.0993965154448233
0.114405353084777
0.115021462839849
0.104577897483381
0.0985952360912563
0.0963631007491017
0.10623432371014
0.101382880228954
0.095518054035864
0.11543556939651
0.121169093510645
0.0947571753219449
0.106106388351151
0.105436411076511
0.0961812978705439
0.109651544482801
0.101594983587233
0.102803636057587
0.103978621328167
0.0945450719636369
0.110516791515863
0.114526555003806
0.122044440703661
0.125030721319774
0.0859431024324522
0.095198215638419
0.0938010268496043
0.1157890749937
0.0899528659203952
0.11843195017255
0.100786970793706
0.108772830569819
0.106247790590032
0.103699183570427
0.0952285161181692
0.0983898661728801
0.114425553404601
0.0937942934096441
0.109483208484136
0.106193923070464
0.108193754734458
0.107257806581941
0.10377325140982
0.0978949583368376
0.116287349549708
0.100221361838237
0.105981819712156
0.0943430687652551
0.115166231798668
0.0993729484050334
0.101729652386183
0.0969186095446446
0.0954776533961876
0.0862696742698574
0.0983494655332038
0.0778495076172021
0.113728642370177
0.109089302247298
0.0916564262267627
0.104221025166225
0.0991911455264756
0.112917262856655
0.0822767443818009
0.097931992256548
0.0977939567376609
0.0960365289117249
0.110776028953808
0.106941334904491
0.100628734954967
0.0999722245602186
0.109688578402512
0.0946225065230237
0.0973091490615445
0.102547765339637
0.0979690261762585
0.118586819291323
0.110762562073916
0.0989251746485991
0.0971643801026971
0.0885455769716543
0.10967511152262
0.0945551721235631
0.117458968100323
0.0936798249305753
0.0978040568975871
0.109318239205464
0.126737648346108
0.0930334146957534
0.0958816597929513
0.111324804309419
0.104752966921978
0.0866972477064394
0.147651712818799
0.0962789327497831
0.0996220856830234
0.0960466290716226
0.109638077602909
0.0897340291221269
0.0891347529669417
0.0934946553320515
0.0885119097719098
0.0999621244003208
0.100376230957011
0.0862696742698574
0.101749852706007
0.08784866593723
0.0961610975507199
0.0875018937800007
0.0859431024324522
0.0926159414190693
0.0911446847908621
0.0875793283393591
0.0931512498947882
0.0956055887551486
0.0872123558623059
0.0902087366383455
0.104544230283665
0.0879328339365486
0.0943498022052154
0.0904242067166194
0.0857208989142464
0.114146115646832
0.0958109586735247
0.0966526386667965
0.0876331958589276
0.0967839407457234
0.123195858934452
0.118330948573373
0.0893771568049999
0.0987534719299674
0.0996927868024784
0.085663664674712
0.0824114131807221
0.0994638498442839
0.112284319501725
0.0935283225317676
0.0790716269674476
0.0852125241983117
0.109856914401149
0.0995985186432051
0.0905487753556145
0.119687736722511
0.082310411581517
0.0793577981651481
0.0968176079454679
0.105651881154785
0.086427910108597
0.0860710377914415
0.0926125746991033
0.0756072721151497
0.101719552226257
0.081546166147632
0.0984066997727666
0.0917203939062574
0.0801961114384255
0.0940636310074865
0.0847849507617298
0.0834719299722337
0.086993519064066
0.0864043430687786
0.0924139382206874
0.0868756838650029
0.0999722245602186
0.0815596330275241
0.0823508122211933
0.0778663412170886
0.113287602053703
0.0968378082652919
0.0857276323541782
0.0850677552394643
0.0986087029711484
0.101083242151333
0.080105209999175
0.0947066745223424
0.0906901775944959
0.0789403248884923
0.0895623264034953
0.0981070616951456
0.117526302499783
0.0874985270600064
0.0938279606093886
0.0891347529669417
0.0844785792441769
0.0812364279101132
0.0958008585135985
0.0895522262435975
0.104891002440866
0.0766879892265138
0.111237269590106
0.0885388435316941
0.102197626462413
0.0953598181971245
0.0822397104620904
0.0840139718878845
0.0888317481693548
0.08612490531101
0.0888889824088892
0.0790143927278848
0.0795429677636719
0.0900909014392823
0.0869867856241058
0.0789403248884923
0.102692534298455
0.0857612995539228
0.0802432455180622
0.0841587408467319
0.087882333136946
0.0899528659203952
0.0853404595572727
0.0861922397104706
0.0892727884858289
0.0916362259069103
0.0814821984681373
0.105217574278271
0.107806581937552
0.0729475633364132
0.0759069101927423
0.104625031563018
0.0754692365962626
0.0783511488932049
0.0858690345930597
0.0826639171787065
0.0862461072300391
0.0813003955896079
0.095642622674859
0.0716614763067014
0.0857814998737467
0.0982686642538511
0.105177173638594
0.111196868950429
0.0915655247874838
0.0907709788738487
0.0895050921639609
0.0794116656847166
0.0766543220267693
0.097507785539932
0.0774758017001886
0.0730148977359022
0.0910403164716911
0.0847782173217695
0.0846637488427007
0.0822464439020223
0.0930064809359692
0.0843573773251478
0.082751451897991
0.0868756838650029
0.0838119686895027
0.0982282636141747
0.0726714922986389
0.0826538170187803
0.0889260163285996
0.0750349297197204
0.0868790505849688
0.0925789074993872
0.0818963050248271
0.0793308644053639
0.0734222708526318
0.0926260415789955
0.0729643969362996
0.0945383385237051
0.074425553404609
0.0751763319586019
0.0895084588839268
0.0759978116320212
0.0810377914316973
0.0784151165726996
0.0859330022725544
0.0835123306119101
0.0799402407204752
0.0772603316219147
0.0689142328086803
0.0700454507196469
0.0919089302247471
0.0860979715512258
0.0781020116151865
0.0653926437168764
0.0935114889319095
0.0859565693123443
0.073789243329685
0.0833305277333523
0.0982282636141747
0.0678638161770948
0.0966492719468022
0.0714830401481379
0.0790446932076634
0.0802398787980962
0.0787181213702581
0.0837042336503657
0.075526470835797
0.0852226243582379
0.082182476222556
0.0754456695564443
0.0955887551552905
0.0782299469741758
0.074317818365472
0.0904141065566932
0.0808829223129521
0.0754254692365919
0.0760685127514478
0.0678638161770948
0.0858858681929178
0.0704359902365184
0.0810310579917655
0.0703888561569102
0.0700454507196469
0.0759978116320212
0.0805799175153652
0.0695404427236781
0.0767687905058665
0.0795631680834958
0.0712271694301876
0.0758429425132761
0.0860811379513677
0.0869901523441001
0.0752975338776309
0.0740249137278113
0.0766610554667295
0.0730519316555842
0.0786070196111552
0.0772872653816989
0.0653926437168764
0.0729239962966233
0.0905386751956883
0.0818862048649294
0.0900033667199693
0.0774758017001886
0.0825258816597909
0.070058917599539
0.0769202929046457
0.0856535645147858
0.0763311169093583
0.0729643969362996
0.0793409645652901
0.0823508122211933
0.063167241814682
0.0724829559801492
0.0883536739331703
0.0776980052184229
0.0855289958757623
0.0681836545745398
0.0858151670734912
0.0660424206716641
0.0742875178856934
0.0819198720646455
0.0585582021715538
0.0762301153101532
0.0750887972392889
0.0693384395252963
0.0609519400723855
0.0722540190219831
0.0699915832000784
0.0768192913054406
0.0710588334315503
0.0807448867940366
0.0663252251493986
0.0773478663412277
0.0704157899166944
0.060241562158069
0.0756443060348602
0.0769707937042483
0.0637429509300773
0.0846334483629505
0.0746612238027069
0.0895959936032398
0.0859464691524465
0.0840510058075949
0.0572418146620635
0.0700454507196469
0.0683789243329898
0.0681836545745398
0.0729475633364132
0.0660659877114824
0.065244508038063
0.0835830317313366
0.0720183486238568
0.06688073394497
0.0657764497937876
0.0772098308223406
0.069934348960544
0.0793914653648642
0.0827480851780251
0.0658606177931347
0.0620427573436757
0.0737421092500767
0.0695943102432466
0.0680186852958684
0.0704629239963026
0.0695034088039677
0.0783612490531311
0.0598207221614473
0.0921614342227031
0.0755197373958367
0.0690287012877775
0.0698535476811912
0.0733987038128134
0.0800681760794646
0.0759607777123108
0.0681567208147555
0.0709510983923849
0.0689782004881749
0.0630393064556927
0.0716311758269512
0.0712170692702614
0.0671029374631757
0.07258059085936
0.0668032993855832
0.0593763151250073
0.0882661392138857
0.0604502987964111
0.0584908677720932
0.0735434727716608
0.065389276996882
0.0622615941419156
0.0562149650702963
0.0716008753472011
0.0684765592122005
0.068442892012456
0.0761055466711582
0.0671534382627783
0.0758631428331
0.0665440619476669
0.0669346014645384
0.0694865752041096
0.0699545492803679
0.0625241982998261
0.0765869876273086
0.0650122043599026
0.0744558538843592
0.0672409729820913
0.0588241730494019
0.0629012709368055
0.0750618634795046
0.0547336082821346
0.0617532194259809
0.0655340459557294
0.0753379345173073
0.0700622843195049
0.0748800606009752
0.071392138708859
0.0651435064388579
0.0679075835367371
0.0600530258395793
0.05661897146706
0.0591776786465914
0.0690859355273119
0.0618104536655153
0.0841116067671237
0.0738700446090377
0.0536730914906229
0.0611876104705118
0.0699781163201862
0.0540333305277443
0.0515520579075996
0.0768529585051851
0.0732034340543919
0.0702642875178867
0.0860710377914415
0.0681903880144716
0.0620730578234259
0.0538144937295044
0.0676382459388947
0.0589891423281017
0.0515217574278211
0.0630292062957665
0.0504780742361959
0.0763883511488928
0.0591103442471308
0.0643624274051149
0.0693519064051884
0.0502525039979957
0.0761526807507948
0.0617969867856232
0.0590968773672387
0.067466543220263
0.0618104536655153
0.0607533035939696
0.0657259489942135
0.0656720814746166
0.0617161855062704
0.0583191650534616
0.0632514098140007
0.0545551721235711
0.0711059675111585
0.0703147883174893
0.074657857082741
0.0669278680245782
0.0594032488847915
0.0595109839239285
0.0632379429341086
0.0701935863984602
0.0600361922397212
0.062530931739758
0.0778259405774122
0.063739584210083
0.0678638161770948
0.0591069775271649
0.0639920882080673
0.0486095446511285
0.0635746149314116
0.0561173301910571
0.049198720646416
0.0642243918861993
0.061110175911125
0.0629282046965898
0.0691532699267725
0.0626218331790369
0.0580767612154034
0.0621841595825288
0.0741562158067666
0.0641940914064492
0.0566627388267023
0.0622346603821313
0.0545349718037187
0.0618205538254415
0.0619888898241072
0.0621201919030341
0.0453135257974964
0.0667763656257989
0.0635140139718828
0.0586423701708725
0.0629080043767374
0.0651536065987841
0.0472628566619164
0.0603492971972059
0.0660558875515562
0.0552453497180352
0.0669076677047542
0.0564977695480309
0.0497676963218794
0.0585582021715538
0.0583730325730301
0.0591844120865233
0.0587231714502252
0.0556998569144014
0.0601405605588923
0.0612583115899383
0.0711261678310109
0.0635342142917352
0.0575549196195766
0.0569489100244027
0.0541578991667393
0.0515217574278211
0.0623154616614841
0.0594133490446893
0.0629787054961639
0.0663588923491432
0.0585178015318775
0.0537168588502652
0.058056560895551
0.0764220183486373
0.0524543388603718
0.0605445669556559
0.0668403333052936
0.0675742782594
0.0518112953455159
0.0535889234913043
0.051272620149831
0.0582551973739669
0.0503838060769226
0.0669043009847599
0.0628911707768793
0.0621471256628183
0.0595177173638604
0.0562923996296547
0.0529829138961304
0.0581710293746482
0.066789832505691
0.0557200572342538
0.0569219762646185
0.0541814662065576
0.0490943523272449
0.0466198131470605
0.0614064472687517
0.060258395757927
0.0553059506775639
0.0459262688326021
0.0612515781500065
0.0480170019358752
0.0563698341890415
0.0679749179361977
0.0458421008332834
0.0532084841343305
0.0660154869118799
0.0485489436916282
0.0539424290884654
0.0668032993855832
0.0596422860028554
0.0561173301910571
0.0486095446511285
0.0528381449373114
0.060133827118932
0.0508383132732888
0.0562957663496491
0.0544205033246499
0.05661897146706
0.0500269337597956
0.0571845804225291
0.0551140476391083
0.0506430435148673
0.048895715848829
0.0476298291389696
0.0492323878461605
0.0861821395505444
0.0474480262604118
0.0572115141823133
0.0474816934601563
0.056635805066918
0.0481617708947226
0.0528751788569934
0.0525284066997926
0.0537269590101914
0.0540871980473128
0.050508374715946
0.0553530847571722
0.0516227590270262
0.0534912886120651
0.0619181887046523
0.0449734870802274
0.0496431276828559
0.0527337766181404
0.0443035098055873
0.0475153606598724
0.0520873663833186
0.055659456274725
0.0536730914906229
0.060453665516377
0.0486095446511285
0.0491751536065976
0.0541107650871311
0.0443237101254113
0.046017170271881
0.0644129282047174
0.055110680919114
0.0465154448278895
0.0486095446511285
0.0440947731672452
0.0582215301742224
0.0483132732935019
0.0570566450635681
0.0583326319333537
0.0484109081727127
0.0466905142664871
0.0526159414190772
0.0589756754482096
0.0520637993435003
0.0524072047807636
0.053474455012207
0.0486095446511285
0.0467780489857716
0.0520907331032845
0.0503703391970305
0.0456838649945439
0.046586145947316
0.0471887888224956
0.0551443481188585
0.0513769884690021
0.0511783519905862
0.0520334988637501
0.0469026176247951
0.0453404595572806
0.0618003535056175
0.0559893948320962
0.0520671660634662
0.049855231041164
0.0474244592206219
0.0528347782173171
0.0495589596835373
0.0553059506775639
0.0519964649440396
0.0538582610891467
0.04680161602559
0.0459666694722785
0.0602954296776375
0.0455020621159861
0.0475153606598724
0.0586255365710144
0.053349886373212
0.0552857503577115
0.0432665600538655
0.0480372022556992
0.0465154448278895
0.0491717868866317
0.0475153606598724
0.0526597087787195
0.0515756249473895
0.0478688662570619
0.0428861206969202
0.0500808012793641
0.055002945879977
0.0483974412928205
0.047902533456778
0.04769043009847
0.0474480262604118
0.0474783267401904
0.0486095446511285
0.055427152596593
0.0412094941503369
0.0463100749095133
0.047902533456778
0.0534441545324569
0.0421050416631772
0.0448893190808803
0.0531074825351538
0.0469463849844374
0.0506699772746515
0.0522119350223136
0.0434853968521338
0.0532051174143646
0.0432362595741154
0.0465928793872763
0.0565853042673155
0.0440240720478187
0.0557840249137485
0.0407751872737947
0.0412195943102631
0.0459565693123523
0.0531007490951936
0.0438187021294709
0.0403610807171049
0.0497777964817772
0.0484546755323834
0.0507575119939361
0.047030552983756
0.0510201161518467
0.0615209157478489
0.0586390034509066
0.0466130797071003
0.0465726790674239
0.0512120191903023
0.047242656342064
0.0470507533036084
0.0546898409224923
0.0561442639508414
0.0567570069859471
0.0447512835619932
0.0428793872569599
0.0468622169851187
0.0499898998400852
0.0439803046881764
0.0612111775103301
0.0399671744802674
0.047225822742206
0.0412195943102631
0.0454279942765936
0.0477139971382883
0.0452125241983197
0.0535215890918437
0.048966416968284
0.0542690009258422
0.0379841764161313
0.0430578234155519
0.0458757680329995
0.039165895126672
0.043283393653752
0.0409031226327841
0.0443944112448378
0.0441082400471373
0.0406506186347997
0.0532387846141091
0.0392433296860588
0.0472628566619164
0.0514443228684627
0.0523802710209509
0.048646578570839
0.0395396010436855
0.0482728726538255
0.0377148388182889
0.0445896810032878
0.0451990573184275
0.0493131891255132
0.0431588250147286
0.0394318660045485
0.0456771315545836
0.0616151839070938
0.0463706758690421
0.0465558454675659
0.0447479168420273
0.0432766602137917
0.0713113374295062
0.0447613837219194
0.050316471677462
0.0401792778385754
0.0423945795808436
0.0427278848581807
0.0465154448278895
0.0405967511152312
0.057487585220116
0.0514476895884286
0.0352301994781783
0.0551746485986087
0.0365263866677878
0.0502121033583194
0.0485624105715203
0.0445694806834638
0.045609797155123
0.0428962208568464
0.0454279942765936
0.0411993939904107
0.0462225401902288
0.0457444659540442
0.0624635973402974
0.0434853968521338
0.0433843952529287
0.0567031394663786
0.0406236848750154
0.0611842437505459
0.0419299722245796
0.0407246864742206
0.0428861206969202
0.0408088544735392
0.0481213702550463
0.0393712650450482
0.0443506438851955
0.0409569901523525
0.0389941924080404
0.0396540695227827
0.0445391802036852
0.0398628061610964
0.0397382375221014
0.0372906321016728
0.0459633027523125
0.0397315040821411
0.048309906573536
0.0565920377072757
0.0395564346435435
0.0427379850181069
0.0449027859607725
0.0431554582947626
0.0425898493392936
0.0470271862637901
0.0397786381617777
0.0439937715680685
0.0417683696658742
0.0410276912717791
0.0503703391970305
0.0377552394579652
0.0621437589428524
0.0389504250483981
0.0395396010436855
0.0443001430855929
0.0389302247285741
0.0376778048985784
0.0536831916505491
0.0515486911876053
0.0420208736638301
0.0412835619897294
0.0392500631260191
0.0389975591280347
0.0510032825519886
0.0365061863479639
0.0394049322447643
0.0401792778385754
0.0560398956316988
0.0489697836882499
0.0494983587240085
0.0524577055803377
0.040249978958002
0.0369438599444436
0.0375768032994017
0.0386541536907714
0.0428255197373915
0.0454582947563438
0.0370818954633592
0.0376508711387942
0.0470776870633927
0.0370515949835806
0.0462562073899448
0.0447445501220614
0.0484008080128149
0.0488856156889312
0.0404890160760942
0.0429702886962389
0.0427817523777492
0.0416303341469586
0.0430174227758755
0.0390884605673136
0.0443001430855929
0.0419771063041878
0.0524509721404058
0.0496128272031058
0.0372569649019567
0.0435897651712764
0.0455727632354126
0.0388595236091192
0.0504073731167409
0.0387147546503002
0.0518550627051582
0.0448051510815617
0.042202676542388
0.0439735712482161
0.0390514266476032
0.0406674522346577
0.0525082063799402
0.03912886120699
0.0441520074067796
0.0362536823499795
0.0390076592879325
0.0368899924248751
0.0375936368992598
0.0377215722582207
0.0385329517717423
0.0387484218500163
0.0352908004376786
0.0365061863479639
0.0398291389613803
0.0400749095194044
0.0399436074404491
0.0427379850181069
0.035418735796668
0.0401725443986152
0.0466299133069583
0.0373950004208439
0.0432968605336441
0.0402466122380361
0.0423979463008095
0.0389403248884719
0.0349810622001598
0.0448724854810223
0.0397079370423512
0.0378124736974996
0.0364826193081456
0.0342336503661329
0.051275986869797
0.0427952192576413
0.0397988384816301
0.0393847319249403
0.0346006228432145
0.0465726790674239
0.0359641444322847
0.0397988384816301
0.036731756586164
0.0440072384479606
0.0445021462840032
0.0438153354094766
0.0397483376820276
0.0386103863311291
0.0387686221698687
0.035435569396526
0.040549617035623
0.041670734786635
0.0403678141570651
0.0371121959431093
0.0370212945038304
0.0394790000841851
0.0436671997306632
0.0366172881070668
0.0380212103358417
0.0368495917851988
0.0390749936873931
0.0375229357798332
0.0394116656847245
0.0384218500126394
0.0380212103358417
0.0419535392643695
0.0360247453918134
0.0396574362427486
0.0428962208568464
0.0373444996212413
0.0403610807171049
0.0350180961198703
0.0335603063715268
0.0430308896557676
0.0334929719720662
0.0365499537076062
0.0378259405773917
0.0363210167494401
0.0370111943439042
0.0370381281036885
0.0438725696490394
0.0368967258648354
0.0389706253682505
0.0462057065903707
0.03545576971635
0.0371862637825302
0.0349810622001598
0.0417986701456243
0.036536486827714
0.0325906910192941
0.0377821732177495
0.0486230115310207
0.0359641444322847
0.0362772493897978
0.0390918272872796
0.032614258059084
0.0403139466374967
0.0373748001010199
0.030412423196708
0.0395631680835038
0.0481887046545069
0.0356409393148738
0.035970877872245
0.042344078781241
0.0513433212692576
0.041899671744801
0.0409098560727159
0.035560138035521
0.0363445837892584
0.0356173722750555
0.0347453918020335
0.0425427152596569
0.0385430519316685
0.0390648935274953
0.0366071879471406
0.0294125073646967
0.036624021547027
0.0365061863479639
0.0349844289201258
0.0333987038128214
0.0382265802541895
0.0396574362427486
0.0410714586314498
0.0364758858682137
0.0356577729147318
0.0389975591280347
0.0365432202676743
0.0383141149735025
0.0334626714923161
0.0525317734197586
0.0373983671408098
0.0341461156468483
0.034994529080052
0.0385901860112767
0.0382198468142576
0.0325166231798733
0.042111775103109
0.035755407793971
0.0377350391381128
0.0396911034424647
0.0361695143506608
0.0421319754229614
0.0401624442387174
0.035647672754834
0.034442387004475
0.0439702045282502
0.0401287770389729
0.0367485901860221
0.0348497601212046
0.0353716017170314
0.03937799848498
0.0339744129282167
0.0332169009342635
0.0440308054877505
0.0363546839491562
0.0363917178688666
0.0334391044524978
0.033358303173145
0.0362536823499795
0.0404284151165939
0.0348497601212046
0.0342437505260591
0.0313483713492246
0.0360483124316318
0.0358126420335054
0.0358698762730398
0.0327657604578917
0.034230283646167
0.039273630165809
0.0365836209073507
0.0370852621833251
0.0362132817103031
0.03217321774261
0.042414779900696
0.0366341217069248
0.0289310664085463
0.0351089975591492
0.0339643127682905
0.0309342647925348
0.0298535476811708
0.0349372948405176
0.0375229357798332
0.0379134752967047
0.0391187610470638
0.0473604915411272
0.034779059001778
0.0331866004545134
0.0417212355862375
0.0345231882838277
0.0341393822068881
0.03957326824343
0.033486238532106
0.0366408551468851
0.0340922481272798
0.0318971467048357
0.0345265550037936
0.0348362932413124
0.0331596666947291
0.0367384900260959
0.0329509300563871
0.0357150071542947
0.0393746317650141
0.0358025418735792
0.0325233566198335
0.0299983166400182
0.0343110849255197
0.0402600791179282
0.0352840669977468
0.0347723255618178
0.0360449457116374
0.0375633364195096
0.0312305361501615
0.0385497853716004
0.0314123390287193
0.0357520410740051
0.0335939735712429
0.0341663159666723
0.0327792273377838
0.0370953623432513
0.0333313694133608
0.03217321774261
0.0302676542378606
0.0337252756501982
0.0317220772662381
0.0320856830233254
0.0313618382291168
0.0320924164632572
0.0323112532615255
0.032701792778397
0.043175658614615
0.0396843700025329
0.0474008921808036
0.0384656173722817
0.0392466964060247
0.0297592795219259
0.0320587492635411
0.0326512919787945
0.0347655921218859
0.038617119771061
0.0297323457621417
0.0349238279606254
0.0343077182055538
0.0324997895800152
0.0321597508627178
0.0293384395253042
0.0378293072973861
0.0297996801616023
0.0327657604578917
0.0335165390118846
0.0344659540442933
0.034230283646167
0.0362873495496956
0.0347689588418518
0.0298973150408415
0.0331866004545134
0.0341461156468483
0.0318028785455908
0.0367250231462037
0.0346376567628965
0.0353985354768156
0.0345366551637198
0.0315705748674304
0.0329576634963473
0.0323449204612416
0.0339205454086482
0.0313248043094063
0.0315537412675724
0.0325065230199471
0.0305066913559529
0.0320890497432913
0.030412423196708
0.0308265297533978
0.0360180119518532
0.0359203770726424
0.0303551889571736
0.0315672081474645
0.0322237185422125
0.0333145358135027
0.0297693796818521
0.03545576971635
0.030873663833006
0.0342538506859853
0.0294798417641573
0.0360651460314898
0.0285910276912773
0.0334458378924296
0.0355702381954472
0.0322068849423545
0.030499957916021
0.0334088039727476
0.0370010941840064
0.0281499873748032
0.0298468142412389
0.0356207389950498
0.0391759952865982
0.0304932244760607
0.0360415789916715
0.0293788401649806
0.0289209662486485
0.0319510142244042
0.0279412507364896
0.0324189883006625
0.0362099149903372
0.0279547176163817
0.0329879639760975
0.0326479252588285
0.028887299048904
0.0335131722918902
0.0300959515192289
0.0311295345509848
0.0308669303930742
0.0292812052857698
0.0277022136183973
0.0318668462250855
0.0301666526386839
0.0285203265718508
0.0357857082737212
0.0290489016076094
0.0326378250989023
0.0312137025503034
0.031496507028038
0.0292307044861673
0.0379808096961654
0.0383309485733605
0.0291903038464909
0.0307187947142609
0.0361425805908766
0.03437168588502
0.0321227169430358
0.0363715175490427
0.0303484555172133
0.0497070953623506
0.0296077771231467
0.0291835704065306
0.0292845720057358
0.03456695564347
0.0290287012877855
0.0418525376651928
0.0346511236427887
0.0301228852790132
0.0283149566534746
0.0321058833431493
0.0319543809443701
0.0290859355273199
0.0314157057486852
0.0290219678478252
0.0401085767191489
0.023843952529262
0.0295572763235441
0.0332404679740819
0.0312743035098038
0.0343851527649122
0.033698341890414
0.0327186263782551
0.0307187947142609
0.0319678478242622
0.0298468142412389
0.0301296187189735
0.0304460903964525
0.02995118256041
0.031156468310769
0.0297862132817102
0.0295808433633624
0.0294966753640438
0.0259481525124272
0.0299579160003418
0.0283688241730431
0.0321159835030755
0.0296380776028968
0.0263252251494066
0.03348287181214
0.0262545240299801
0.028887299048904
0.0339643127682905
0.0282577224139402
0.0324358219005205
0.0309039643127846
0.0283014897735825
0.032614258059084
0.029772746401818
0.0310790337513822
0.0356308391549476
0.0281634542546954
0.0274631765003051
0.0295539096035782
0.0302137867182921
0.0303383553572871
0.0314426395084695
0.0290354347277173
0.0298367140813127
0.0287425300900566
0.0285910276912773
0.0269413349044783
0.0300252503998024
0.0310824004713481
0.0328162612574658
0.0260121201919219
0.0326209914990443
0.0267056645063519
0.0285607272115271
0.0290017675280012
0.031850012625199
0.0279345172965293
0.0311497348708087
0.033486238532106
0.0263151249894804
0.0273554414611681
0.0285236932918167
0.0312709367898378
0.0269783688241887
0.029207137446349
0.0272275061021787
0.0286415284908799
0.0364826193081456
0.0268133995454889
0.0268605336251255
0.0278840164969267
0.0272948405016393
0.0269278680245861
0.0301666526386839
0.0239887214881094
0.0257124821143009
0.0328734954970287
0.030961198552319
0.0349271946805914
0.0227699688578582
0.0249953707600525
0.0292374379260991
0.0281567208147635
0.0285943944112432
0.0284765592122085
0.0263555256291568
0.0318197121454489
0.0339037118087901
0.0282240552142241
0.029011867687899
0.0282779227337926
0.0292172376062751
0.0294125073646967
0.0265305950677543
0.0326681255786525
0.0253152091574975
0.0262949246696564
0.0292711051258436
0.0301296187189735
0.0314460062284354
0.0305437252756633
0.0299040484807733
0.0309847655921374
0.0264598939483278
0.0257831832337558
0.0260659877114904
0.0270962040232234
0.0280658193754846
0.0260121201919219
0.0318870465449095
0.02733860786131
0.0301498190387974
0.0273554414611681
0.029860281121131
0.0291398030468883
0.0236722498106303
0.0294293409645832
0.025705748674369
0.025813483713506
0.0283115899335087
0.0261198552310589
0.027873916337029
0.0303821227169578
0.0261198552310589
0.0261400555508828
0.0254667115562768
0.0280523524955925
0.0269278680245861
0.0302339870381445
0.0254128440367083
0.0261198552310589
0.0275574446595499
0.0253387761972874
0.0267628987459148
0.0338969783688299
0.0218474875852337
0.025938052352501
0.0264295934685777
0.0277392475380793
0.0249280363605919
0.0271669051426784
0.0233759784530037
0.0283890244928955
0.0281533540947692
0.0289714670482226
0.0264767275481859
0.0267325982661362
0.0314796734281799
0.0261232219510248
0.0273790085009864
0.0293653732850885
0.0257663496338694
0.0282779227337926
0.0268133995454889
0.0275305108997657
0.0264935611480723
0.0255811800353456
0.0222750610218156
0.026170356030633
0.0285034929719927
0.0299444491204497
0.0248842690009212
0.0269750021041943
0.0279580843363476
0.0277358808181134
0.0245879976432946
0.0274530763403789
0.0261838229105251
0.0218441208652678
0.0251031057991895
0.0314392727885036
0.0257192155542612
0.0275641780994818
0.027234239542139
0.0261232219510248
0.0246452318828574
0.0314695732682537
0.0266652638666756
0.0263925595488672
0.0311093342311324
0.0253286760373896
0.0272611733019232
0.0282442555340481
0.025705748674369
0.0309073310327506
0.0280860196953086
0.0306009595151977
0.0240493224476097
0.0276820132985449
0.0281196868950531
0.0239550542883649
0.0255576129955557
0.0270726369834335
0.0230628734954905
0.0238809864489724
0.0316076087871409
0.0261939230704513
0.0262545240299801
0.0254128440367083
0.025813483713506
0.0260929214712746
0.0275035771399814
0.0247630670818921
0.0228103694975346
0.0231807086945537
0.0299242488006257
0.0308601969531139
0.0249145694806998
0.0257629829139034
0.029294672165662
0.0274295093005605
0.0290017675280012
0.0307086945543347
0.0280489857756265
0.0262646241898779
0.0250627051595131
0.0226420334988688
0.0294562747243674
0.0234971803720327
0.0265171281878622
0.022759868697932
0.0237126504503067
0.0269245013046202
0.0200597592795191
0.027358808181134
0.0272578065819573
0.0211606767107355
0.0189117077687229
0.0261164885110645
0.0245374968437204
0.0213896136689016
0.0247799006817786
0.0264228600286174
0.0306312599949479
0.0243388603653045
0.0257831832337558
0.0258235838734322
0.0252714417978268
0.0225511320595899
0.0248304014813527
0.0256720814746245
0.0299040484807733
0.025705748674369
0.023985354768115
0.0233625115731115
0.0256384142749084
0.0256956485144428
0.0259750862722115
0.0251872737985082
0.0241907246864912
0.0275574446595499
0.0283216900934349
0.02583368403333
0.0254902785960951
0.0218441208652678
0.0270490699436152
0.0266686305866699
0.0270827371433313
0.0247630670818921
0.0242479589260256
0.0248842690009212
0.0280085851359502
0.0290758353673937
0.0223221951014239
0.0242647925258836
0.0233692450130434
0.0196826866425397
0.0218845215049441
0.0264565272283619
0.0189958757680415
0.0254700782762427
0.0207129029543012
0.0245711640434365
0.0277156804982894
0.0258909182728928
0.0291701035266385
0.022015823583871
0.0241705243666388
0.0235510478916012
0.0225679656594764
0.0229181045366715
0.0255609797155216
0.0224265634205949
0.0227699688578582
0.0246081979631469
0.0218441208652678
0.0295168756838677
0.0258033835535798
0.0247260331622101
0.0233658782930775
0.0239281205285806
0.0266214965070333
0.0256653480346927
0.0221336587829342
0.0227228347782216
0.0249112027607055
0.0220663243834736
0.0214805151081521
0.0214502146284019
0.0231369413349114
0.0244566955643677
0.0221336587829342
0.0214535813483678
0.0226891675785055
0.023099907415201
0.0222548607019633
0.0235375810117091
0.0343178183654516
0.0219518559044047
0.0202718626378271
0.0211808770305595
0.0197803215217789
0.0229416715764614
0.0216320175069598
0.0236217490110278
0.0213795135089754
0.0265440619476465
0.0257831832337558
0.0192719468058442
0.0214906152680783
0.0238776197289781
0.0248001010016026
0.0243859944449127
0.0263420587492647
0.0229046376567794
0.0208206379934381
0.0226992677384033
0.0218744213450179
0.0219552226243707
0.0191776786465994
0.0192854136857363
0.0238574194091541
0.0255205790758453
0.0240190219678595
0.0238001851696197
0.0216387509468916
0.0185784024913858
0.0188881407289045
0.0206253682350166
0.020130460398974
0.0214199141486517
0.0245139298039021
0.0206388351149087
0.0255980136352321
0.0217094520663181
0.0229888056560981
0.0215141823078966
0.0222683275818554
0.0231537749347694
0.0217936200656652
0.0218744213450179
0.0195850517633289
0.023948320848433
0.0201775944785823
0.0188881407289045
0.021359313189123
0.022227926942179
0.0229080043767453
0.023524114131817
0.022120191903042
0.0243220267654181
0.0248270347613868
0.0193527480851969
0.0186524703307782
0.0193056140055603
0.021143843110849
0.0217936200656652
0.0208475717532224
0.0183393653732935
0.0198341890413474
0.0197904216816767
0.0209384731925013
0.0241570574867467
0.0199856914401266
0.0208509384731883
0.0200597592795191
0.0218878882249101
0.0206018011951983
0.0217868866257049
0.0243220267654181
0.0193157141654865
0.0226285666189767
0.0218979883848363
0.0208913391128647
0.0241334904469284
0.020558033835556
0.0193527480851969
0.0198038885615688
0.0217296523861705
0.0211135426310989
0.0197500210420003
0.0206018011951983
0.0194840501641238
0.0202482955980088
0.0239988216480072
0.0215276491877887
0.0193392812053048
0.0251670734786842
0.021908088544734
0.019598518643221
0.0200159919198768
0.0206388351149087
0.0197028869623921
0.0195446511236526
0.0177400892180799
0.0277224139382213
0.0177232556182219
0.0247226664422158
0.0226454002188348
0.0225847992593344
0.0180599276155249
0.0214300143085779
0.0191675784866732
0.0191103442471103
0.0204267317566007
0.0198611228011316
0.019069943607434
0.0179084252167456
0.0196288191229712
0.0194604831243339
0.0199587576803424
0.018588502651312
0.0214603147883281
0.0183999663327938
0.0213525797491911
0.0187534719299833
0.0205243666358115
0.0198038885615688
0.0193291810453786
0.0176895884184773
0.0183393653732935
0.0200058917599506
0.0171172460230764
0.0203324635973559
0.0176862216985114
0.0191608450467129
0.0177400892180799
0.0179723928962403
0.019386415284913
0.0249953707600525
0.0199284572005922
0.0198240888814212
0.0177737564178244
0.0203560306371458
0.0173226159414241
0.0199587576803424
0.0195412844036866
0.0173798501809586
0.0188039727295859
0.0198005218416029
0.0217801531857731
0.021588250147289
0.0222447605420371
0.0198577560811373
0.0216185506270676
0.018588502651312
0.0194537496843736
0.0189117077687229
0.018622169851028
0.0191440114468548
0.0166863058665285
0.0184605672923226
0.0199890581600926
0.0206994360744091
0.0171441797828606
0.0198072552815631
0.0198914232808818
0.017312515781498
0.0163799343489757
0.0203762309569981
0.0170162444238713
0.020558033835556
0.0212111775103097
0.0173798501809586
0.0198947900008477
0.0184471004124305
0.0193123474455206
0.0188006060095915
0.0193157141654865
0.0185784024913858
0.018305698173549
0.0218407541452734
0.0178377240973191
0.0183258984934014
0.0193527480851969
0.0169421765844788
0.0176525544987953
0.0175347192997322
0.0203021631175773
0.0185514687316015
0.0182114300143041
0.0171408130628947
0.0207768706337959
0.0175448194596584
0.0177232556182219
0.0194840501641238
0.0180228936958144
0.0169320764245526
0.0262242235502015
0.0202684959178612
0.0208980725528249
0.0194806834441579
0.0178478242572169
0.0188140728894837
0.0191238111270309
0.0208812389529669
0.018197963134412
0.021234744550128
0.0187837724097335
0.0176727548186193
0.018480767612175
0.0184336335325384
0.0196692197626476
0.0185077013719592
0.0170869455432978
0.0193089807255262
0.0177400892180799
0.0180498274555987
0.0165348034677208
0.0158816597929672
0.0163799343489757
0.017969026176246
0.0184370002525043
0.0172350812221396
0.0162183317902702
0.0202886962376851
0.0171980473024291
0.0183258984934014
0.0173158825014923
0.0221774261425765
0.0181205285750536
0.0172182476222531
0.0190194428078598
0.0182922312936569
0.0180127935359167
0.0173630165811005
0.0179925932160643
0.019069943607434
0.0198678562410635
0.0185548354515674
0.0167435401060629
0.0197567544819606
0.0176693880986534
0.0177030552983695
0.0185144348118911
0.0176592879387272
0.0183090648935433
0.0183393653732935
0.0167132396263128
0.0172754818618159
0.0173226159414241
0.0175077855399479
0.0183999663327938
0.0188645736890862
0.0169859439441211
0.017312515781498
0.0193089807255262
0.0184471004124305
0.017504418819982
0.0180262604158088
0.0196995202423977
0.0180464607356328
0.0205412002356695
0.0173192492214582
0.0175313525797662
0.0175515528995902
0.0175616530595164
0.0158984933928252
0.0217767864658072
0.0168310748253475
0.0170667452234738
0.0190160760878655
0.015534887635738
0.0187703055298414
0.0197466543220344
0.0161678309906677
0.0174774850601978
0.0178107903375349
0.0170162444238713
0.0175077855399479
0.0173057823415661
0.0173899503408848
0.0186726706506306
0.0170768453834
0.0181070616951615
0.0161812978705598
0.0171879471425029
0.0173057823415661
0.0182955980136512
0.0178343573773248
0.0166863058665285
0.0165819375473575
0.0167098729063184
0.0168142412254895
0.0164573689083625
0.0161981314704178
0.0166459052268522
0.0194301826445553
0.0183864994529017
0.0167368066661027
0.0172081474623553
0.0165415369076811
0.0173933170608507
0.018925174648615
0.015551721235596
0.0192551132059577
0.0173697500210608
0.0195076172039421
0.0173764834609926
0.0174673849002716
0.0174640181803056
0.0184403669724702
0.0173663833010664
0.0165415369076811
0.0169085093847343
0.0164540021883681
0.0171980473024291
0.0220764245433998
0.01885447352916
0.0166863058665285
0.01796565945628
0.0179353589765299
0.0160095951519281
0.0164270684285839
0.0183225317734355
0.0159994949920019
0.0187804056897676
0.016315966669481
0.0167199730662446
0.0161375305109175
0.0169455433044448
0.0164338018685442
0.015551721235596
0.0161981314704178
0.0168075077855576
0.0171340796229345
0.0164775692281864
0.018056560895559
0.016336166989305
0.0191036108071785
0.0205849675953402
0.0171643801026846
0.0169152428246946
0.017097045703224
0.0172014140223951
0.0180935948152694
0.0169253429845924
0.0176525544987953
0.0161274303509913
0.0167536402659891
0.0196793199225738
0.0185784024913858
0.0156156889150907
0.0159052268327571
0.0172081474623553
0.0155247874758118
0.0188713071290465
0.0167199730662446
0.0162385321100942
0.0180498274555987
0.0159018601127912
0.0165179698678628
0.0168984092248081
0.0172990489016058
0.018305698173549
0.0159422607524675
0.0177602895379323
0.0169152428246946
0.0166088713071417
0.0173596498611346
0.0162721993098387
0.0163563673091573
0.0159186937126492
0.016548270347613
0.017396683780845
0.0154103189967145
0.0161543641107755
0.01512751451898
0.016332800269339
0.0172317145021452
0.0159826613921439
0.0168176079454554
0.0176929551384717
0.0160600959515307
0.0160634626714966
0.0181036949751672
0.0160668293914625
0.0177333557781481
0.0171441797828606
0.0158479925932227
0.0169253429845924
0.0166863058665285
0.0165348034677208
0.0163866677889075
0.0171879471425029
0.0152992172376116
0.0166694722666421
0.0161240636310254
0.0161543641107755
0.0153699183570382
0.0172148809022872
0.0178545576971771
0.015356451477146
0.0160870297113149
0.0159052268327571
0.0169657436242687
0.0169758437841949
0.0160567292315648
0.0167940409056655
0.015215049238293
0.0166290716269657
0.0158984933928252
0.0167300732261708
0.0163597340291233
0.01924501304606
0.0160533625115704
0.0139794630081838
0.0160668293914625
0.0151342479589403
0.0157402575540857
0.0160163285918884
0.0179387256964958
0.0173865836209188
0.0157436242740516
0.0150366130797011
0.0162856661897308
0.0171778469825767
0.0159220604326435
0.0187029711303808
0.0160937631512468
0.0164607356283284
0.017416884100669
0.0168075077855576
0.0167031394663866
0.0180026933759905
0.0157200572342333
0.0154843868361354
0.0162014981903837
0.0150702802794456
0.016544903627647
0.0154406194764931
0.0169085093847343
0.0153732850770325
0.0163530005891914
0.0166257049069998
0.0161779311505938
0.0159590943523256
0.0164136015486918
0.0161105967511332
0.0157402575540857
0.0164506354684022
0.0151813820385485
0.0164001346687996
0.0156022220351986
0.0163024997895889
0.0170667452234738
0.0187905058496938
0.0166122380271077
0.018497601212033
0.0165651039474994
0.0181508290548038
0.0153059506775719
0.0161105967511332
0.0160196953118543
0.0153093173975378
0.0160769295513887
0.0155618213955222
0.0187501052100174
0.0162856661897308
0.0158513593131886
0.0178141570575008
0.0160903964312809
0.0149221446006322
0.0156325225149487
0.0164876693881126
0.0154237858766066
0.0152487164380091
0.0170297113037634
0.014471004124232
0.0150736469994115
0.0155079538759537
0.0152251493982192
0.0163664674690835
0.0139457958084392
0.0180834946553432
0.0150601801195194
0.0152251493982192
0.0159994949920019
0.0167671071458813
0.0198341890413474
0.0162856661897308
0.0148851106809218
0.0162688325898444
0.0151914821984747
0.0157503577140119
0.0161307970709572
0.0171340796229345
0.0156695564346592
0.0177434559380458
0.016083662991349
0.0175885868193006
0.0150433465196613
0.0166627388267102
0.0164742025082205
0.0143094015655265
0.0158580927531489
0.0172586482619295
0.013935695648513
0.0156560895547671
0.0152386162781113
0.0149827455601326
0.0167267065062049
0.0161543641107755
0.015319417557464
0.0156998569144093
0.0152790169177877
0.0147369750021085
0.0145821058833633
0.0162250652302021
0.0157267906741936
0.0147841090817451
0.0151982156384349
0.0168277081053816
0.0151780153185825
0.015107314199156
0.0158446258732567
0.0169522767443766
0.016120696911031
0.0138043935695862
0.0149827455601326
0.0147504418820006
0.0169657436242687
0.0155988553152042
0.0149659119602745
0.0149827455601326
0.0151174143590538
0.0153463513172483
0.0148009426816031
0.0145349718037266
0.0159658277922858
0.0173293493813844
0.0140164969278658
0.0182652975338726
0.0152116825183271
0.0140501641276103
0.0151241477990141
0.0162789327497705
0.0171138793030821
0.015464186516283
0.0154204191566407
0.0166122380271077
0.0145888393232951
0.0164102348287258
0.0162452655500545
0.0154338860365328
0.0175077855399479
0.0169590101843369
0.0149019442807798
0.0149928457200588
0.0147066745223583
0.0174741183402034
0.0157368908341198
0.0170768453834
0.0141780994865712
0.0148447100412454
0.0145080380439424
0.0148581769211376
0.0137471593300234
0.0144373369245159
0.0137437926100574
0.0140568975675421
0.0146662738826819
0.0148851106809218
0.0151982156384349
0.0159557276323596
0.0134306876525727
0.0167738405858131
0.0156358892349147
0.0153328844373561
0.0152251493982192
0.0155584546755279
0.0168344415453419
0.0132758185337991
0.0149053110007742
0.0149827455601326
0.0151544482787642
0.0170566450635476
0.0160062284319622
0.0147672754818586
0.0150635468394853
0.0150601801195194
0.0159557276323596
0.0144777375641922
0.0177569228179379
0.0141107650871106
0.0155449877956357
0.0143565356451631
0.0151174143590538
0.014471004124232
0.0147066745223583
0.0149659119602745
0.0150366130797011
0.0139457958084392
0.0139794630081838
0.0152251493982192
0.0163092332295207
0.01315461661477
0.0149726454002348
0.0162250652302021
0.0150803804393718
0.0147504418820006
0.0149221446006322
0.0149928457200588
0.0149524450803824
0.0163664674690835
0.0137269590101994
0.0153362511573221
0.0143531689251688
0.0152857503577195
0.0157099570743355
0.0140299638077579
0.0137168588502732
0.014912044440706
0.0146494402828239
0.014026597087792
0.01359902365121
0.0152689167578615
0.0134306876525727
0.0141242319670027
0.0161610975507074
0.015888393232899
0.0133061190135493
0.013814493729484
0.0156426226748749
0.0160230620318202
0.0160870297113149
0.01379429340966
0.014006396767968
0.0140501641276103
0.0138077602895521
0.016740173386097
0.0166560053867499
0.0145046713239765
0.016191398030486
0.016440535308476
0.0134475212524308
0.0131007490952015
0.0140097634879339
0.0130199478158488
0.014807676121535
0.0146965743624321
0.0154911202760673
0.0145922060432611
0.0151780153185825
0.0134340543725386
0.0159186937126492
0.0139255954886153
0.0126024745391931
0.0139457958084392
0.0153160508374697
0.0143700025250553
0.0142656342058842
0.0137437926100574
0.0139760962881894
0.0137774598097735
0.0135552562915677
0.0150130460399112
0.0129728137362122
0.0136192239710624
0.014915411160672
0.0145450719636528
0.013030047975775
0.0139457958084392
0.0136495244508126
0.0135586230115337
0.014380102684953
0.0139222287686209
0.0145821058833633
0.0151544482787642
0.0143094015655265
0.0133397862132938
0.0143868361249133
0.0143599023651291
0.014912044440706
0.0132758185337991
0.0137303257301653
0.016652638666784
0.0131344162949461
0.0119930982240533
0.0156055887551645
0.0132522514939808
0.0144575372443398
0.0135451561316415
0.0153059506775719
0.0145114047639083
0.0139861964481156
0.0146460735628295
0.0138649945290865
0.0158850265129331
0.0150904805992695
0.0147201414022504
0.0150534466795875
0.0150568133995534
0.0123870044609191
0.0150500799595932
0.014467637404266
0.0120839996633322
0.016083662991349
0.0171744802626108
0.0131344162949461
0.015676289874591
0.0152083157983327
0.0146864742025059
0.0135552562915677
0.013386920292902
0.014555172123579
0.015443986196459
0.0154742866762092
0.0148884774008877
0.0133027522935834
0.012481272620164
0.0151914821984747
0.0127775439777906
0.0147605420419268
0.013050248295599
0.0133061190135493
0.0117641612658872
0.012477905900198
0.0136831916505287
0.0131647167746962
0.0137673596498757
0.0135586230115337
0.012922312936638
0.0158345257133305
0.017612153859119
0.0137000252504151
0.0148581769211376
0.0131950172544464
0.0135384226917097
0.0134475212524308
0.0150871138793036
0.0140164969278658
0.0127438767780461
0.013030047975775
0.0137168588502732
0.0126395084589035
0.01359902365121
0.0140164969278658
0.0132926521336572
0.0124307718205614
0.0135215890918232
0.0142892012457025
0.0136293241309602
0.0116867267065004
0.014770642201853
0.014151165726787
0.0152621833179012
0.0155281541957777
0.0133364194933279
0.0156931234744491
0.0147437084420687
0.011289453749697
0.0122624358218957
0.0125553404595564
0.0138515276491944
0.0133296860533676
0.012622674859017
0.0129997474959964
0.0136966585304208
0.0130367814157069
0.0116227590270341
0.0117304940661711
0.0132051174143726
0.0121984681424294
0.0142824678057423
0.0141242319670027
0.0128650786970752
0.0126563420587615
0.0121951014224351
0.0140972982072185
0.0123701708610326
0.0139289622085812
0.0136158572510681
0.0121547007827587
0.0157200572342333
0.0128886457368935
0.0132387846140887
0.0123095699015323
0.0143094015655265
0.0129324130965358
0.0118718963050242
0.013811127009518
0.0123095699015323
0.013386920292902
0.012817944617467
0.0130603484555252
0.0129930140560646
0.0143834694049474
0.0139424290884733
0.013262351653907
0.0123802710209588
0.0124476054204195
0.0137572594899495
0.013137783014912
0.0141040316471788
0.0152116825183271
0.012410571500709
0.0142791010857763
0.0136730914906309
0.0126698089386537
0.0111514182308099
0.0116362259069263
0.0138313273293704
0.012834778217325
0.0131041158151675
0.0111749852705998
0.0133970204528282
0.0124375052604933
0.0122523356619979
0.0129324130965358
0.0118920966248766
0.0114106556687261
0.0117271273461768
0.0130233145358147
0.0126496086188013
0.0111009174312073
0.0132926521336572
0.0120974665432243
0.0134071206127544
0.0120132985439056
0.0122826361417481
0.0132690850938673
0.0133734534130099
0.0126260415790114
0.0124476054204195
0.0123701708610326
0.0119897315040873
0.0119998316640135
0.0118685295850582
0.0132387846140887
0.0123870044609191
0.0125721740594429
0.0130839154953435
0.014912044440706
0.0137370591700972
0.0139390623685074
0.0115756249473975
0.012181634542543
0.0127539769379723
0.0113298543893734
0.0137134921303073
0.0132084841343385
0.0113365878293052
0.0131074825351334
0.0142925679656685
0.0126092079791249
0.012481272620164
0.0135215890918232
0.0152453497180431
0.0132185842942647
0.0110739836714231
0.0137437926100574
0.0111480515108155
0.0115284908677893
0.0122523356619979
0.0111110175911051
0.0145450719636528
0.0119358639845188
0.0120839996633322
0.0115789916673634
0.0125890076593009
0.0123971046208169
0.0142050332463555
0.0114611564683287
0.0151679151586563
0.0122994697416061
0.0115453244676473
0.0125115730999141
0.0107204780742336
0.0115991919872158
0.0124745391802037
0.0127842774177225
0.01315461661477
0.0127876441377168
0.0119930982240533
0.0120166652638716
0.0112355862301285
0.0121143001430823
0.0115183907078631
0.0106565103947673
0.0134710882922491
0.0126664422186877
0.0132253177341966
0.0107070111943415
0.0113904553488737
0.012410571500709
0.0124375052604933
0.0126731756586196
0.0109393148725019
0.0110874505513152
0.0126731756586196
0.0125957410992328
0.011201919030384
0.0130334146957409
0.0124375052604933
0.0127943775776487
0.0116328591869319
0.0113298543893734
0.0117675279858531
0.0124577055803456
0.0122557023819638
0.0127371433381143
0.0129829138961384
0.0117843615857396
0.0117405942260689
0.0122725359818219
0.0108551468731548
0.0125250399798063
0.0106969110344437
0.0123432371012484
0.0118887299049106
0.0114476895884366
0.0119122969447005
0.0121580675027531
0.0112052857503784
0.0117742614258134
0.0128852790169276
0.0121883679825032
0.0110470499116389
0.0109056476727574
0.0110941839912471
0.011824762225416
0.0123769043009929
0.0120637993435082
0.0127001094184038
0.0118146620654898
0.0107204780742336
0.0115924585472555
0.0108888140728993
0.0132017506944067
0.0113029206295892
0.0115251241477949
0.0118483292652343
0.0122186684622534
0.0104174732766751
0.00991583200067225
0.0108753471930072
0.0119897315040873
0.0115587913475395
0.0112389529500945
0.0107305782341598
0.0103838060769306
0.0109056476727574
0.0107137446343017
0.0121109334231164
0.0126294082989773
0.0117742614258134
0.0117001935863925
0.0112254860702024
0.0115756249473975
0.0126866425385117
0.0106733439946254
0.0111413180708837
0.0114443228684422
0.0107642454339043
0.0112557865499525
0.0112793535897708
0.011504923827971
0.0113163875094813
0.0111951855904522
0.0112355862301285
0.0109056476727574
0.0110403164716786
0.0105959094352386
0.0109258479926098
0.0110941839912471
0.0114611564683287
0.0108349465533308
0.0106767107145913
0.0107440451140519
0.010845046713257
0.0123668041410667
0.0115554246275735
0.010420839996641
0.011824762225416
0.0122119350223215
0.0112288527901683
0.0104814409561698
0.0121681676626508
0.0107945459136545
0.0110571500715366
0.0115150239878972
0.0100673343994799
0.0108585135931492
0.0108517801531889
0.0114308559885501
0.00995959936034296
0.0106632438346992
0.0114106556687261
0.0115621580675054
0.0113668883090838
0.0116732598266083
0.0107709788738362
0.0108551468731548
0.0109224812726154
0.0115082905479369
0.0111312179109575
0.0108686137530469
0.0114948236680448
0.0110100159919284
0.0132084841343385
0.0104477737564252
0.0104747075162095
0.0110840838313209
0.0109797155121782
0.0127842774177225
0.0112625199899128
0.0117506943859951
0.0105521420755963
0.0118112953455238
0.00972729568218256
0.0115554246275735
0.0106699772746595
0.0104511404763912
0.0102390371180832
0.00996969952024074
0.0102121033582989
0.0109561484723599
0.011501557108005
0.0108719804730413
0.0105319417557439
0.0106262099149887
0.0115453244676473
0.00993939904049057
0.0107272115141939
0.011501557108005
0.0105184748758518
0.0114847235081186
0.011201919030384
0.0117473276660292
0.0123264035013904
0.00968352832254027
0.0105757091154146
0.0115251241477949
0.0109965491120363
0.0107709788738362
0.0114746233482208
0.013242151334083
0.0111009174312073
0.00933338944534512
0.0103972729568227
0.00935695648516344
0.010208736638333
0.0104881743961016
0.0105656089554884
0.010404006396783
0.00979126336167724
0.0107002777544096
0.0124678057402718
0.0116698931066423
0.0117237606262108
0.0115116572679028
0.012481272620164
0.00998989984009313
0.0115587913475395
0.00975759616193272
0.0121008332631902
0.0103400387172883
0.0108888140728993
0.0106935443144494
0.0106464102348411
0.0103703391970384
0.0100606009595197
0.00992593216059845
0.00991583200067225
0.0118516959852002
0.00987879808099024
0.010208736638333
0.00941419072469785
0.00967342816261407
0.0108416799932627
0.0108686137530469
0.0105858092753124
0.0102121033582989
0.0110840838313209
0.0113197542294472
0.0113231209494131
0.0100538675195878
0.0098417641612798
0.0102794377577595
0.0107709788738362
0.0102558707179696
0.00971046208232451
0.0104646073562833
0.0112389529500945
0.0106632438346992
0.0107305782341598
0.00996969952024074
0.00870717953034728
0.0106868108745175
0.0113130207895153
0.0100673343994799
0.00922228768624223
0.010313104957504
0.0103265718373962
0.0110874505513152
0.0104073731167489
0.0109123811127176
0.0101952697584409
0.0104073731167489
0.011824762225416
0.00995959936034296
0.0112086524703443
0.00972056224225071
0.00894958336840546
0.0109662486322861
0.0101515023987986
0.0108753471930072
0.00929972224560061
0.00980136352160343
0.00950509216397677
0.0115116572679028
0.00998989984009313
0.0104747075162095
0.00922565440620815
0.0097441292820406
0.011185085430526
0.00881828128945017
0.0099090985607404
0.0099191987206666
0.0105184748758518
0.0109393148725019
0.00973402912214283
0.00950172544398242
0.00982829728138768
0.00929298880566876
0.0111211177510313
0.00950845888394269
0.00994949920041677
0.00977442976181919
0.00900008416800802
0.00977779648178512
0.00941755744466377
0.0108349465533308
0.00929635552563468
0.0103467721572201
0.00996296608030889
0.00991246528070633
0.0108517801531889
0.00927615520581071
0.0107844457537283
0.0110032825519681
0.0115116572679028
0.00967342816261407
0.00919198720646364
0.00994613248045084
0.00984849760121165
0.0102828044777539
0.00979463008164316
0.010101001599196
0.0113399545492996
0.0106396767948809
0.00988553152092209
0.010653143674773
0.00842100833264681
0.0097542294419668
0.00982493056142175
0.00954549280365313
0.00937042336505556
0.00967679488258
0.0100639676794856
0.00970372864236424
0.00895968352833165
0.0106565103947673
0.00970709536235859
0.00886204864912088
0.00970036192239832
0.00903375136772411
0.00918862048649771
0.00972056224225071
0.00897315040822377
0.0105487753556304
0.0106295766349831
0.0100740678394118
0.00933338944534512
0.0100404006396957
0.0106834441545516
0.00998653312012721
0.00959936032322162
0.00991246528070633
0.00812810369498607
0.010404006396783
0.0100269337598036
0.00944785792441394
0.00917178688663967
0.00931655584548707
0.00968352832254027
0.00815167073480438
0.00953202592376101
0.00988216480095616
0.00997306624023508
0.00990573184077448
0.00985859776113784
0.00922565440620815
0.00997306624023508
0.00973066240214848
0.00896978368825785
0.00944785792441394
0.00925932160592424
0.00924922144602647
0.0096532278427901
0.00910781920714498
0.0103737059170044
0.00851527649189165
0.00908425216732667
0.00958926016329542
0.00951855904386889
0.00904048480768438
0.00961282720311374
0.0101582358387304
0.00780826529754108
0.0107171113542677
0.00899335072804774
0.00919198720646364
0.00899671744804209
0.00987206464102997
0.00867014561063684
0.00892938304858149
0.00946805824426633
0.00871727969027347
0.00811127009512802
0.00841090817272061
0.00900008416800802
0.0095757932834033
0.0103703391970384
0.00941419072469785
0.00923912128610027
0.00921892096624788
0.0097542294419668
0.010188536318509
0.00924922144602647
0.00908088544736074
0.00959262688326135
0.00923238784614
0.010188536318509
0.0083772409729761
0.00914821984682135
0.0101481356788327
0.00971719552225636
0.0100235670398092
0.010508374715954
0.00860617793117058
0.0101144684790881
0.00954549280365313
0.00869371265045515
0.00973739584210875
0.00940409056477165
0.00953875936369286
0.00893611648851333
0.00945459136437421
0.00789916673682001
0.00936032320512936
0.00960946048311939
