90.7510872517473
80.3865004949038
106.218177763463
265.072610157039
32.5093517574236
0.45293559458078
260.749061453352
18.6259458240863
232.521430141014
-15.5349744427174
170.999999609998
-43.4477757611449
-27.5571914335718
292.175808579724
-60.5599711668893
329.400656627053
394.61715218887
-44.9421082884855
307.155104264698
-8.53221636114813
76.0969900092246
45.4048657012719
285.26350334739
-8.52210776895076
27.3985676801491
374.602850912469
257.490508304575
-40.9176735742052
43.0214631552379
316.844954636494
-25.8413950860982
19.2775402595613
355.187591343992
5.82800888391908
3.54751770576165
61.6088126052555
206.225405513065
254.735196328237
-33.8404413302924
46.5665326067053
-45.6527504540534
313.64542321578
55.217730767697
-16.1618634566878
48.6067992493289
-11.8054942469449
41.9442565869944
44.19525404678
-2.27501783928815
-16.986614782685
52.6235390996751
-72.6557068525142
-28.5511820914566
262.914459348468
-18.3708112268373
192.327346504537
360.021724652243
15.5498943551609
277.375186709215
176.08249120866
349.077744388343
-151.893489007567
373.926112412108
-37.8449694792385
71.4892042582059
20.9710757610475
322.019919830299
25.8949962314724
254.634524698648
186.103401079629
69.6934389020442
12.6746668188768
268.819967887775
53.258251295615
4.74181226397346
279.745189145032
302.954462647765
-6.70988821476828
287.599790699856
32.713009980303
263.373016744661
292.511314937608
267.652654425104
-45.4618125257706
45.293985252038
43.0477753103283
24.936658193434
54.8907573584889
-9.27165114024763
-21.8908246276859
249.704413521381
138.75991385599
18.0835379386262
-44.0008003155802
65.7093269172721
7.58007240797422
26.2606700304566
55.3299778687514
17.0524743087142
22.4528308164453
-29.466294440752
13.2532202344667
-3.91672108648381
10.3933980582421
80.0401935432412
187.075475847497
416.662143929617
43.4206964975276
33.6804347396588
328.170023444091
217.447495774339
209.808372806206
44.5486253084788
360.46993913596
225.524378718804
280.791947316197
-59.9230447216495
1.89839656324618
174.211917650215
18.441594640262
207.705423938343
-66.5623124223077
-12.4354466679008
201.059411799805
344.439658977899
-15.5647792665006
88.4424086510916
296.134442695907
321.814422715174
146.172002748548
225.924909611122
59.1501725491105
-98.6084647255206
-44.6307788146251
-82.1407012206425
259.809945226251
384.133791643369
85.3984922886211
62.9693628253775
39.701590799385
161.502597759819
68.4177379158257
-2.70829119601389
101.953257473255
21.7576858399047
-15.1157907175651
60.1557847993212
73.5816302125986
-21.2980645891723
183.206202800049
39.8177930694226
-5.48320692357151
31.1091450674035
47.7516383085146
97.0763286048997
-22.7730206022426
170.326394571976
243.668940489925
7.19923757108941
-110.09766073971
111.039657173729
-56.5419219280767
359.048777287824
300.506522200972
-10.7477711668488
-102.197475469308
-61.0392889887625
-11.271259299921
-2.52748148757974
264.825013956675
3.41969169174464
-10.1795070588532
31.769316176796
364.539721822006
36.9886273679667
-25.996796906839
34.8644665043276
-13.593621714314
347.245305511324
-61.9491426418931
7.83387673985458
140.701682352034
75.6424461241916
-34.671923276268
253.481581338397
69.7559208218007
39.6098458307286
-66.2413103943345
190.217111818942
-2.9315454056277
50.2014061958048
34.1438142377394
-85.5319040135492
49.1278511973498
30.7873739204479
34.3586990666193
455.895263924614
273.711773748855
-2.40110216591466
204.076669681671
287.034299492405
30.3219859163994
327.919719968498
63.0803551025309
59.0180400310466
8.49167691128426
81.5261384737763
-0.947767068346177
62.1133912639467
336.273486147504
-51.6820430183527
350.674259551182
-63.368263004899
274.868341118582
1.33871988712337
106.905530466004
-78.8121481878745
-14.3833638480444
278.861459673561
-32.7712292807263
-68.4606413625763
-3.87672975617133
85.0417053878058
237.826923438856
-33.3702623372136
-81.1427485433724
56.201341787242
5.61885900483451
-36.7604535840373
-54.2150844329578
287.077665606839
-45.231633434866
-19.7465316035496
309.519278773181
19.2829953214663
-53.9377906570041
-27.3618890617818
-12.7715652195928
36.9253827489405
20.521991221953
-79.392476249894
52.7851678767616
30.4311038345493
294.404802002384
-4.08784375454672
272.665564718646
89.4503926874769
19.8495587424457
314.408448544374
203.178728067906
-5.79101171368505
39.3625760408486
291.861746410961
137.279480902613
100.770651603223
296.168676185669
-35.6265354124825
-86.5995291871554
98.7649653368636
-36.9268410428853
232.325275932033
251.563800180147
56.3095247812322
382.131980173562
-42.0464643575873
16.2044826784732
-45.3558090031431
299.800587922056
-39.6365048105141
-36.2154097971963
209.790843839325
-23.1155401491195
-36.3308432076772
304.310601852963
0.126243434885885
282.518773025972
-5.95911974683684
-21.7660382831045
66.3796401860338
238.160788995711
275.917262324054
56.3719529861052
318.597765939001
-16.9864647846212
-22.9254279679399
-70.690286071423
304.508722391053
273.681750429829
49.5488498051458
-72.9473977334454
149.409482683974
217.603761543411
20.7978935085968
194.421440588921
205.358722085319
-36.7840615464982
346.755292829843
68.3190621384738
4.72142593397179
12.1722527775461
-11.8154993498625
128.799121430871
-100.830045352654
-26.1461948661041
285.633867741106
36.7949482442493
246.013298527601
-68.3753461092756
-30.9137034716252
332.137724927629
-4.25632804226208
94.3604894942348
278.760103764656
38.59156661131
206.676585914722
-62.930640603449
-16.0974401975183
208.256704084987
-71.9969772217648
-0.498357160532061
299.516801356704
375.76309944235
-54.6903353434314
139.807085747933
303.630936148318
-10.6014984574782
256.119892738818
-111.446787488523
-42.7095806452751
52.9604053732032
-66.5569766227826
2.99242168263647
286.418141920954
-23.4203210939272
319.122447487318
-12.4677236076226
63.2262620814302
41.1788610015715
-24.3797305399117
88.0178162188076
220.410101105797
-45.5642410101638
144.542906946513
110.148082498484
219.902798490531
302.108568931827
319.522691501335
245.22303193973
-37.3889809980072
120.024996727543
-0.689145016798692
380.535653799669
243.027617300469
-23.576193130368
262.092368660305
299.303960325332
81.8650015886635
403.230034527955
-20.0422660251138
31.2940946579371
3.87914216219876
-30.3511087333426
-44.760000840678
96.4705755442043
-8.58876431223603
3.1019638158526
275.938867838124
23.7215929411202
-10.1742121852598
260.025966399148
42.8757306537997
-90.5157127473586
325.094471090684
-46.3955077516032
412.097813761476
9.86118444026593
238.677959186336
-37.3774498186851
-76.7346856143396
-33.8052897697993
63.8097599548415
120.098337156845
-100.842700424166
-20.2327427466625
271.954062821021
78.0693996846732
197.033348863827
184.058622111057
83.1582998434166
246.84584130714
-32.0836335269098
327.602472141901
-59.5914908085637
355.339591746022
170.302898629418
275.194643426797
-35.3178621433484
-38.4555052356369
304.770610124801
260.780847922063
-64.9792965035055
64.6743921318221
92.2574989350365
176.44839249508
294.784460348177
-64.2167510576486
151.83733685621
302.816369144458
-17.0473535297023
18.3738837968763
225.150591473159
-74.3923620675264
15.6701180489666
-30.7340466863353
179.656779318409
-4.27700665692139
403.001455538128
172.261901669413
6.49824472050628
266.018566760309
315.763260087301
-24.1329466618469
52.5895997774351
-19.0910100604288
319.435222974306
170.583428916344
180.563367983752
38.268109646067
51.0155394114094
-79.5262322856915
56.132414998373
30.2360291446748
-36.2175624760931
37.075644847569
85.733036161777
3.91396751557183
235.697830244382
61.2601712964881
11.0278019189362
149.658132554541
-5.9860687487
-23.1258557643486
102.685977486002
245.496943577471
-18.474644812292
287.139800904207
-51.1374000854586
326.296729717403
223.6737537169
350.185735195945
288.497513468251
1.85916490779203
-1.32543798923771
290.068751794723
277.027174467161
323.913346539509
-75.6509796001486
-85.1349644719068
289.676190874902
20.2572117860216
295.530383555486
270.671127312907
63.8540725483884
279.662160757676
48.9696718297496
271.521946461734
7.37931752739569
46.3652770925209
276.003654933819
41.2149087194341
337.206945435751
299.797450283304
247.73401951344
141.484211247969
31.7973190798944
-15.5736089490423
314.069524106889
313.84031933243
292.74865317944
305.106080621547
-9.93075482910092
26.8633502509396
6.63835852161973
37.500305532335
13.6581275005118
249.738693411378
7.90452688491531
318.644327643794
3.77266876952706
104.615201156747
37.6719657711316
27.656505434326
312.278383654989
24.4801104764576
11.8756569553939
346.6650789802
-96.4640150062709
-77.4313837821605
293.262328183736
336.653739277015
24.8122568528834
90.3992685661827
299.553700938227
-70.4101802803545
-6.44751507846366
102.262433609036
-23.9035998876011
-65.3084010832476
52.3702352884648
188.845976029706
-46.1860282757919
-0.636038691578429
255.852903588863
-35.529385869803
9.73478151249738
394.034451636472
50.8739506192145
254.872940127195
-17.2159288126815
-52.2899290542783
232.201976167507
-13.6702550260498
228.256493461251
-11.7910379650907
62.2442820277161
-19.3766474773275
9.69958155577837
-95.5269586509484
266.888300959944
276.926195499091
185.753284183735
-100.917110065917
303.677326958452
8.17667879236698
-3.58764201297117
209.366982789507
203.009564188549
61.4081348062947
17.4581769077169
327.076817338196
256.481044726102
35.6075042520511
21.0246703123063
54.2413564845722
23.1890546888188
