7.19364083891829
6.27858296899101
7.15510389177331
11.5504861810945
11.4418895248911
13.553734444127
13.8967738606043
7.67162113782532
6.69326448813558
6.14423977176622
7.91714263882144
5.04145359325711
7.12956913992081
7.272998490893
5.52609093233529
7.51842761238763
5.96765604314991
7.37884662644137
7.54268244450982
7.30989681789456
6.65749078714089
6.14430952852841
8.58979683794419
9.76571892276548
14.7348105582937
7.11491475393849
5.50411223312995
5.94634003459925
6.08998743420171
14.053077917453
10.0396429540128
5.39059433922327
7.12801583179408
12.5542153909838
13.9074144888666
7.09229568501603
7.75465834539513
11.5775399972125
10.6889817533185
12.3859498742388
7.93065635216163
12.7088768377762
8.91186349935739
13.8205851742037
6.67062629647348
6.04344554370922
6.13387953887
13.9557631506613
7.5487573854014
8.36774148760684
11.8755180357822
7.27373580697718
6.34017576293009
9.07208706973294
10.5769622769034
6.73161538018146
13.4210726452704
7.32893736140155
11.4193992866545
11.5854006648984
9.68191447442703
8.37571888028108
6.24445596519614
7.31698963424308
8.19968793681616
10.5447243511354
8.24567382282392
9.91152511323057
7.79484775478728
7.85563380234154
9.03248145785502
14.7390219435461
6.72617830240495
6.0076280684799
6.4524914509658
8.47834506968489
7.89392072678661
7.47727698975845
7.5261705977727
7.36167213700949
7.70462876416911
6.85146566088108
7.40090758622358
5.62846963397064
7.17614472612141
5.1201189129901
8.21305702172916
11.3698218284854
6.77994141581371
6.90125381994365
8.1031121739307
5.82017426463422
9.01104903779046
6.91985221509925
9.22538916504166
11.9914755482228
12.5127229847943
6.77626401478028
7.89064265969251
11.1497485326932
14.1268389640499
7.91074360376645
5.49106176601495
10.4483592715916
8.06153887756319
14.5911216322712
9.09819654541748
6.58019494215085
10.4706583002585
7.34442822106048
8.18298911325924
9.49489153347205
6.83769207094052
12.4008561079988
7.25674785488618
7.91689433295015
5.94431079465101
6.96463654937214
13.4961834402833
12.6948224636175
7.55765308073766
12.7804587128463
7.55134120240827
6.61719422233984
5.0490405084784
10.8490186955459
11.5785312815565
7.53537550276581
6.70174852678159
6.6434634521891
7.02166896649251
9.40379433510206
7.26768051262993
5.51758206322552
6.14186162292313
12.669225144295
6.7209055497674
5.33119600032069
8.00791830843246
14.8501707705635
10.0728814327723
10.7865501261669
8.48350838272137
8.99945014697478
10.6508130636631
14.6295360247545
5.98407336883317
12.9329103303332
12.1320718069904
13.6885303387251
10.855848092473
6.65193897269201
8.03272918126911
8.28977795255793
8.53898528729938
8.00134484487609
13.7913608691267
7.63105306864386
9.50949695216515
7.62538332120167
8.11996790927065
9.09919821716807
5.9398907522993
7.33820914380103
7.39481552713081
5.61951366614363
7.06547981101803
7.12745610620498
10.8415335444999
14.5352207757725
6.23195811456844
10.4294977452658
7.82521729983495
8.51356820741903
7.72190237702579
7.95491092251803
13.0161364695742
7.13879614518404
6.6596341885001
6.7718359436352
8.57913167911781
13.1495019332834
7.1099316156904
8.08381393407712
12.0897155527876
8.50712766020349
6.59893296898021
10.6477765598479
12.1576841106177
6.9338909520007
7.03036890341361
7.49613635823771
8.27099544309548
7.68814367708481
6.42991519791437
7.04752547061955
7.40329321668948
7.81356275955575
7.10988613240642
12.7838997602323
7.79650742053412
7.9288919901691
7.289331653889
6.26223419216724
9.45992323359441
8.05728893104815
5.99664597044281
8.53254928685648
12.893192471728
7.41385770224919
7.41778509871921
7.37901511420914
6.17458737988928
7.91908158368596
5.18847215722897
7.8344547258012
6.2543380982947
12.6288548816625
10.7269812814461
8.2189138728603
6.3221285883525
7.88567482970388
7.18748541839418
6.48797829450881
7.73758259527899
12.7256146386042
10.4188682824141
6.89394076845534
7.81058717510748
8.13301932763984
6.80095524387558
6.23939504357733
10.6347748169766
6.830751372421
7.28522856521671
6.65092639835815
11.1564471855886
11.0514936909692
9.92790361778699
13.1008688972845
6.57466153726394
7.92324602269836
14.2147646660042
10.2274798358841
9.19580635391215
6.84686232759579
7.93767736434742
5.51412115087659
14.7610573293322
7.15762773934909
7.1015589783036
14.3895612805052
12.2616121170053
6.95675710513868
13.46618004404
11.4283716073554
6.25757490215184
6.44001647678044
13.451628811511
7.10567660169966
13.5255865916535
7.67719355464012
7.12724355478777
11.2308647710797
6.72904346407024
7.68854662274933
12.3625167399035
7.94375027319874
14.2439510634958
6.4153095978739
12.6954477689046
13.4446104158297
14.2197282657262
10.1008560579881
5.71075397748339
7.19002527581845
7.05989393032092
5.65418476637219
11.9996538534153
7.37113954016622
10.1392402509874
10.0763382367466
6.81718716121367
6.9221627009271
8.05687277434629
7.67648333409007
9.79524564943096
7.93974134550185
7.19468525286916
11.9403319493522
7.99775294899224
7.52339903724846
5.09719404335667
6.76652296441293
8.02519222900647
6.43665143899825
13.0727458585856
9.6060174444823
9.29868467739494
13.6610797074836
8.32677778690325
8.64612192693054
6.85455476884515
7.81701985331491
8.37822451806605
13.6007310059084
6.85013086546659
6.29656449319143
8.34933846471555
5.45809163361505
7.52940650826463
7.42952253399726
5.91970938186985
6.83562099464223
6.04379961341607
7.64868632788314
7.47409021362369
7.42649067285884
7.09247957166194
8.14362464554222
7.44847279819082
7.54813856253514
13.8802788361847
7.3032769222874
5.69256372464582
7.93132279032524
5.3647967630209
8.11957568504618
14.959812824562
5.14144294643775
13.7607712096077
6.22585563931069
7.45569338158445
10.5665982431577
7.83077804853886
6.33445449652305
7.8498140089726
6.73380385810951
7.77366061067291
7.33453156637132
7.43044665268669
5.88818184399227
7.29940676717258
6.89571421497515
7.89108698235776
8.82066196475107
7.16361408378288
14.1394067392128
7.31673758307197
7.56264113278571
8.54438923047545
6.65330050175464
8.28795299668858
10.6396864072116
8.05037049246471
7.2027816723779
6.79022662231025
6.57691060027089
7.65021642041291
6.84802914032382
6.35286465757444
5.19822837840341
7.26013201293693
12.4959896552438
6.99778908658259
7.39778675376899
14.7229990306545
6.56913995365842
12.1020807084134
7.38715858563632
9.79702544174068
8.03009348815458
9.66554935031662
11.5457258521523
6.69690769447538
7.98342782179033
13.5269253912888
6.47600597912922
8.41064599038876
7.0981534678743
7.37690231416966
13.1580272295182
11.7618020458498
7.89970612965427
8.1230723920431
7.06152009453221
10.020700649191
7.67929061480624
8.31720158443281
9.99929635691508
8.13611521371778
6.95970084347771
10.4607666268913
11.7239682728125
7.55725595411368
7.59513174060541
7.51122280256562
13.0817445755408
8.07558696231406
6.50593043308025
12.6820583551496
6.31801442413554
12.201891013202
7.55023434286381
8.48114777699949
6.73095013947165
5.23744368702901
14.5619501063836
7.04897466238969
7.92747075302643
6.98600488670047
7.86229601109048
8.66251318547573
7.97973415095202
8.65223944188112
11.169324236389
12.8537704207827
7.42353436645108
6.91930732894765
8.01321911606706
13.20128433262
7.94119617381462
10.5175694054517
5.35865646399301
7.53093202434012
6.17447871981118
7.64828532800971
6.17182751404608
6.46971225142139
12.3341473929995
5.42409063731818
7.75493694902597
13.1888855302576
5.5814026068334
7.02788428433625
12.003652681819
6.44213703438038
7.84768257536536
6.50035417836529
7.02512323262648
7.17304379252385
6.89375877434735
6.64444031405213
8.17099476603399
8.03214990599108
7.00160419857901
8.43562088587688
8.53119248455354
8.19099799610631
7.11557347290614
7.7760443260553
7.0189424918315
8.02096112166841
11.4763793927198
9.78512841917063
11.4942364521151
5.27867234063988
9.78498360979373
10.9119510488583
7.05692562789206
7.68311684501139
6.98872428884568
7.5472698208551
8.00607082397767
10.1781414806385
5.58585288675681
12.4080714640977
7.74214156198775
7.28058706792126
14.7286434841355
6.40406906884085
10.2889781307164
11.493647469015
7.42274347685085
13.256380054098
6.22474972292582
9.1533680007026
6.3155802823057
6.95776556323742
6.61080842548647
7.14838890972222
7.34422096158546
10.9600233066796
6.35713285841153
6.81540147664973
7.19942632989516
7.51925304878305
10.2779799715922
11.695163797522
7.70435737398856
6.29258364642562
11.2673856850198
8.03854670322211
5.29228772952571
12.1846653662477
6.8093441093629
5.86649033838236
7.0897923801868
6.08701862453492
7.49859941584771
7.7431343233571
12.2572210694149
9.36334557887254
6.89874792274688
6.9031540516448
7.19872758772205
7.60471674593713
7.75219806146246
6.60672224815637
8.69150549890066
10.9862443860902
7.51338812009324
6.83633147867039
7.75627538716686
9.01792885959754
6.6618984377265
5.82921088998774
8.65555411087015
6.74236392515896
12.7411664710828
7.32407303488885
7.91270934399892
5.10234778297472
7.68675871037119
9.36682252053857
5.44699525193974
14.0453051895239
6.1659776150371
8.84048681927676
8.1332937986102
5.00270015883386
11.5025991317851
12.4456621201446
7.472662711673
12.8377411767622
7.1658880677577
7.92621663198236
14.401726153611
6.81332661165185
7.46957631883237
8.47385654702477
6.01980925179798
7.20231081243803
7.42504656959999
7.68586600340381
