8.89766938809865
10.6456569312348
10.6709544651124
9.86396515444829
7.36467721572259
7.59052352495581
9.40942092416464
7.31861711977106
8.92958926016328
8.75958673512332
8.44856577729149
6.3682392054541
10.1328145778975
9.53863227001094
7.96433717700532
7.53797239289622
10.9910285329518
8.32237774598099
8.64789916673681
9.15502146283984
9.42860449457118
7.53523188283816
8.21734281626127
11.2818626378251
9.74465196532279
9.33708357882333
8.2710150660719
10.0545417052437
10.5163445837892
8.48676794882587
8.19108576719131
7.73607356283142
12.5424130965407
7.54609292147126
9.39055045871561
7.86052773335578
11.1350231461998
9.79646241898831
7.61756165305951
8.06136941334904
10.8800412423197
6.88867014561063
11.6934407878125
8.12490278596079
8.8875254608198
10.879125494487
9.59550290379599
11.7584319501726
8.50797155121623
11.0571138793031
9.40334736133323
8.46099907415203
6.84735712482114
9.12394663748844
8.51248632270011
8.28185590438517
7.80858597761133
7.49236343742109
10.3485741940914
7.52602053699184
7.38719720562244
7.41144432286845
8.06963807760289
8.83137867182899
6.31391381196869
6.67773503913813
10.2639213870886
10.8803105799175
6.37914737816683
7.884125073647
6.85308054877535
7.77895884184835
6.97057234239543
9.4370886289033
8.91356030637152
10.351873579665
10.1036082821311
8.48676794882587
7.62838902449289
8.55031478831748
7.05665263866678
8.65327918525378
7.8869632185843
6.3682392054541
8.45080801279354
9.08609797155123
7.38934180624528
7.82183065398536
8.03864742025084
7.8104511404764
9.37798585977612
8.19375894284994
7.20953539264372
8.26420755828636
7.29205706590355
10.6087913475297
8.19348287181214
8.10624105715007
8.6724391886205
10.4992012456864
7.19655332042757
7.91738826698091
6.72648177762815
7.73607356283142
6.02065566871477
7.31822321353422
7.45232977022138
6.96969026176248
6.47122380271023
8.04721235586231
7.18752041073984
6.64330696069356
7.2210866088713
7.28756249473952
6.51324383469407
8.64205790758353
7.01924837976603
6.29572679067419
6.13719804730243
8.25688830906489
7.58324804309402
7.68382543556942
7.99043262351654
7.60020957831833
7.79481945964145
7.32693965154448
6.78724433970206
7.56013214375895
6.77906994360745
6.52188620486493
7.94149398198806
6.83303846477571
7.55103863311169
8.20390960356872
6.76607777123138
8.98162865078697
6.87663412170693
7.05665263866678
7.89121201919031
7.92021294503832
6.35798417641612
7.37407036444745
7.40461661476309
7.51563083915497
6.37800942681594
6.91539516875685
9.03640855146872
6.3682392054541
8.13359565693125
7.08651544482788
6.47148304014814
5.97110091743119
5.89650786970793
6.49274387677806
6.29411749852707
7.4983629324131
5.83109923407122
7.26231209494151
6.63912549448699
6.32369750021041
5.80950845888393
6.39333473613334
7.61042083999664
7.29980725528154
6.78359144853127
6.51324383469407
6.07542210251663
7.71644221866848
6.55850265129197
7.40384563588924
5.5160247453918
7.09761888729906
7.15125410318998
6.77276407709789
7.23247958926018
6.64156973318745
6.78385405268918
7.01533625115732
7.8499865331201
6.08481188452151
5.60614847235081
6.69041747327665
7.09257217405943
5.70925427152596
6.83308223213535
6.93962208568303
7.29964565272283
6.35611901355105
5.64792946721659
7.13596919451226
7.95906152680752
7.10587408467302
6.25097298207223
6.56845804225233
6.51394074572849
6.39688999242489
6.14114720983082
6.87397104620823
7.120502482956
6.55635805066913
5.44558286339534
6.40532025923744
7.05607356283141
5.53742698426061
6.56935022304521
5.49411413180709
4.90682013298544
6.98593131891255
5.58381701876948
6.16010520999916
6.30094183991247
6.43993350728053
5.84298038885618
6.98150408214798
5.7363395337093
7.43561737227506
6.40364699941082
6.69429593468564
5.54746317650032
5.42946974160424
6.17476054204192
5.97644390202845
6.64209830822321
5.94361501557108
7.1061871896305
5.14527817523779
5.54469573268244
6.7584891844121
7.06692450130461
5.9484125915327
6.23188031310497
6.59106556687149
6.4085253766518
5.57274387677805
6.46324804309401
6.34394158740847
6.22094520663245
5.6649381365205
5.63334483629325
6.52679151586568
5.43478242572175
6.6653387761973
6.21907667704738
6.3210512583116
6.63224728558203
6.33105715007156
6.70605588755157
5.65225570238195
5.37315461661478
6.65285497853716
5.22493140308055
5.71923659624611
6.09624863227
5.86259826613923
6.17008416799933
5.27318996717449
5.42486743540107
4.99381281036949
5.05558538843533
5.77674690682602
6.01964228600286
4.95367477485061
5.54403922228769
5.84557949667538
6.05727884858177
5.45833936537329
5.24264035013888
6.31817607945459
6.67643211850856
4.95840838313273
5.27062789327499
5.10664843026683
5.86201245686391
6.0040644726875
6.88371096709031
5.97083157983334
6.19199814830401
4.45251493981988
5.26861459473108
6.3802381954381
5.41622506523021
6.13030637151755
6.34577981651375
5.69356535645147
5.21528575035771
5.90697163538422
5.15425721740596
5.89061947647505
5.99727716522179
5.29611733019107
6.36485228516119
5.77422186684623
5.93958168504335
5.11636815082906
5.50502567123979
5.76386920292904
5.47746906826026
6.17267654237858
6.13601969531186
5.64792946721659
4.93198299806414
6.20593636899252
4.79228095278177
5.87345930477233
4.84325309317398
5.80878461408972
4.43862048649103
6.16878124736976
5.55931066408553
4.92260668293915
4.81367309149061
5.77980052184159
5.32948489184412
5.35645905226835
5.45833936537329
4.81834609881324
5.73303678141571
5.0034517296524
5.6043506438852
5.11511573099909
4.97554162107568
5.95321353421429
4.64124316135008
5.1724139382207
5.35651291978792
5.01273714333811
5.3136747748506
6.27041242319672
5.6102020031984
5.18261173301912
5.59271189293833
4.40741099234072
6.49526891675785
4.27683949162528
4.42641949330866
5.31634795050923
5.24372780069018
5.22181382038551
5.47403501388771
5.64077182055382
5.180127093679
5.64941755744468
4.14450719636395
6.15382964396937
4.7898501809612
5.55930729736554
5.81297281373622
5.913375136773
5.28307465701542
5.19412254860703
5.16305782341556
4.96083242151335
4.00513845635891
5.61793535897652
4.67723003114216
5.71355020621161
5.07562410571501
5.06774598097803
4.49955475128357
3.8129526134164
3.41986785624107
5.4232278427742
4.86394158740848
4.86837892433297
5.53734954970122
3.85414779900682
4.22579328339367
5.73320175069441
5.19720983082232
4.15891675784869
4.81041410655669
5.22402912212777
5.14270600117837
4.04389613668883
4.30616698931067
5.00399040484808
4.66304267317565
5.53798585977611
4.56071121959431
5.60801700193588
4.81260247453918
4.22429509300565
3.99279269421766
5.57275061021801
5.61436663580508
5.28134416294927
4.61674354010606
4.92549869539602
4.19680919114555
5.35118003535058
4.25577392475381
5.23463765676291
5.00101759111186
4.74371938389027
5.40437421092503
5.79458715596331
4.25401313020791
5.61086861375307
4.67894705832842
5.0649617035603
4.3753497180372
4.92329686053364
5.00050921639593
3.27908846056729
3.97570995707432
4.09843700025252
4.17297954717617
3.75873832169009
4.76481188452152
3.25076087871392
4.73739668378084
4.37416799932666
4.79228095278177
4.64124316135008
4.86887719888898
4.1577619728979
3.66244003030047
4.40668378082654
5.66419745812644
3.97308054877536
4.34944280784447
4.58880986448952
4.30316050837473
4.36479841764162
4.81260247453918
3.6814148640687
5.21372022557026
4.30584715091322
4.27109250063126
3.41986785624107
4.53326571837388
5.66680666610554
4.35635805066914
4.24610470499118
4.33994865752041
4.68127682854978
4.38084757175324
5.0659144853127
4.65505007995961
3.9777737564178
4.40083242151334
3.96350896389194
5.06873579665012
4.16677804898578
4.90349718037203
3.99515276491877
4.39733439946133
4.28207137446344
4.66304267317565
3.99279269421766
3.84819207137448
4.27100833263194
4.05946048312433
4.39928373032575
3.66691103442471
3.94361838229105
4.34782004881745
3.63422018348624
5.00502735459978
4.19680919114555
2.77602642875181
3.26292147125665
3.41986785624107
4.37416799932666
3.82133911286928
4.41783099065736
3.97869287097046
3.43499116236009
4.76001094183991
4.0822262435822
3.9689765171282
4.35548943691609
4.37393906236849
4.17289537917685
3.60794630081645
3.75192071374465
4.19022052015825
3.69179446174564
3.45368992509049
4.22555087955561
4.63397777964818
3.34948657520411
4.14450719636395
3.74006649271948
3.92970036192241
4.02780321521757
4.06747664338019
4.27928036360578
4.25577392475381
3.39780574025755
3.99260415789917
4.24822237185424
4.27437841932499
3.59006565103948
3.88238447942092
3.99160760878715
3.3036015486912
3.98632859186938
3.46339281205286
3.77801616025587
3.99260415789917
3.66628482450972
4.31281962797746
3.49481104284152
3.16115562663077
3.97308054877536
2.77602642875181
3.92970036192241
3.26292147125665
4.16092668967261
3.78312010773504
3.41619813147042
3.51934769800522
3.28307465701542
3.10559801363522
3.3985127514519
3.2768125578655
3.20147209830824
3.65067334399461
3.97869287097046
4.51986953960105
3.66244003030047
3.30161855062707
3.80206127430353
3.99757006985945
3.22547344499623
3.05638666778893
3.78483376820134
3.5813997138288
3.43499116236009
3.43489016076089
3.10554751283561
4.2574875852201
3.91275902701793
3.27908846056729
3.39741856746065
4.00171450214629
3.91824678057404
3.43573857419409
4.10124484471004
3.33335661981315
3.78392475380861
3.27413264876694
3.30487416884102
3.97869287097046
2.6241132901271
4.86733524114132
2.86953370928373
3.35245938894033
3.58797491793621
2.80987543136101
3.73580759195355
2.94224812726202
3.31754313609966
3.42710630418316
3.11529080043769
3.02690766770473
3.52924248800608
3.61529921723761
2.86937210672502
3.10146031478831
2.8515756249474
3.23777880649777
2.76414190724688
3.77715091322281
2.9459111185927
3.63738153354095
3.01081811295347
3.72859271105128
3.93334315293328
2.62421092500631
2.5169270263446
3.74469236596246
3.27908846056729
3.16319249221448
3.35726369834191
3.26292147125665
2.77720814746235
3.25105041663161
3.19960693544314
3.31772493897822
3.47657688746739
3.82513340627895
3.17044104031649
2.53046124063633
3.46875599696995
4.2812364279101
2.59774513929804
3.25836293241309
2.94995454928036
3.07099486575206
2.79771483881828
3.15124063631009
3.45537328507703
3.51429088460569
3.22813315377493
3.27908846056729
3.26422102516625
3.27908846056729
3.4630898072553
3.2043371770053
2.69888477400892
2.66465533204277
2.61649776954803
3.63369834189041
2.75266139213872
2.64621917347026
2.68186263782511
2.70734870802121
2.8587366383301
2.56400387172798
2.56743455938053
2.75949920040401
2.91793704233652
3.13336671997308
3.43415958252672
3.54063210167496
2.60991583200067
3.08232051174144
2.83895379176838
2.76527312515782
3.42326150997391
2.93787812473698
2.28525292483798
2.68916842016665
2.66478326740173
2.75551973739584
3.48617540611059
2.81192239710464
3.45323205117415
2.58234239542128
2.95052015823583
2.94995454928036
3.07724349802206
3.30648009426815
3.2515890918273
3.33627893274976
2.98441629492467
3.28310495749517
3.07553320427573
2.51864742025083
2.83509553067924
3.30057823415538
2.78581685043346
3.60560979715513
2.59426731756588
2.43724013130208
2.88243161350056
3.15105546671157
3.40287265381701
2.7933650366131
1.93730914906155
3.57527901691776
2.5340366972477
2.79734449962126
2.92629324130965
2.90925427152598
2.9485371601717
3.0448623853211
2.65864237017087
2.29818112953456
2.4946124063631
2.81242403838061
2.69178436158575
2.41713407962294
2.67271862637827
2.44639424290887
2.74465869876275
2.72815840417474
2.40040148135679
2.48228347782174
2.81924837976601
2.96118592711051
2.55410908172715
2.5324375052605
2.75101506607189
2.39161097550712
2.6127001094184
2.58858429425132
2.55283309485733
2.58152428246783
2.89613753051091
2.73528238363775
3.01607356283142
2.71229778638161
2.99264119181888
2.45988132312095
2.39825014729399
2.70788401649693
2.61763572089893
2.57847066745225
2.23269505933845
2.97040737311676
2.32669051426649
2.7783124316135
3.01367982493056
2.63830738153354
2.69025250399798
2.56400387172798
2.28525292483798
2.09657857082738
2.52118592711051
2.56512835619898
2.23269505933845
2.56400387172798
2.89301994781584
2.47159077518728
2.41885784024913
2.23705496170356
2.28419577476643
2.23447605420421
2.4470776870634
1.90987038128105
3.01741688410067
2.04103442471174
2.55843195017255
2.2360247453918
2.52001094183993
2.85302331453582
2.85038043935697
2.19685632522516
2.55814914569481
2.57866257049071
2.4543531689252
2.26500883763993
2.55976853800186
2.57070027775441
2.43484976012121
2.43724013130208
2.37779732345763
2.52615520579076
2.23003535055972
2.88337429509301
2.67869118761047
2.32996633280027
2.18801531857588
2.80924585472604
2.44616530595067
2.22928120528576
2.7497895800017
2.25148472350813
2.20353589765173
2.59774513929804
3.14553067923578
2.58152428246783
2.37797912633619
2.68810790337514
2.06616362259069
2.45371685885027
2.74285750357714
2.45260920797912
1.93320175069439
2.08549532867605
2.04958926016329
1.88610470499117
1.91602474539181
2.84693965154449
2.67229778638162
2.09919787896644
2.38067923575457
2.55637488426902
2.13604999579161
2.72314872485481
2.14744297618046
2.28460988132312
1.98910276912719
2.60140476390876
2.53394916252842
1.64806750273547
2.07239878798083
2.61896557528829
2.56573099907416
2.39825014729399
1.99026092079791
2.01760878713912
2.70477316724183
2.1715655247875
2.03005218415959
2.26203265718374
2.48277838565778
2.11593047723255
2.41157225822744
2.12254271525967
2.54899503408805
2.30409982324721
2.46319080885448
2.42733860786129
2.2589756754482
2.15793367561653
2.28536065987711
2.37860533625116
2.00386583620909
2.32516202339872
2.07836124905313
2.23671828970626
2.54632185842942
2.12209830822323
2.43724013130208
2.20003114215976
2.02879639760963
1.81833263193334
2.18754397777965
1.85360575709117
1.82389782004881
2.00548522851614
1.93339028701288
2.13604999579161
2.40477821732179
2.26274640181805
2.10959767696323
1.93424880060601
1.98999494992006
2.10362174901104
2.5280136352159
1.79735459978116
2.28565693123474
2.15580590859355
1.98291137109672
1.98584041747327
1.63556687147548
2.09056897567547
2.09963218584295
2.11980557192157
2.21821143001432
2.05164295934685
2.0141881996465
1.98910276912719
2.16677131554584
1.75313273293494
2.25591869371266
1.73443733692451
2.00951182560391
2.09434306876526
2.09629576634964
1.96325645989396
2.1345888393233
1.89266644221868
2.13257217405942
2.10912970288697
2.03710209578318
1.75884942344922
1.88098055719217
2.0390514266476
2.1764001346688
1.9498367140813
2.00502398787981
1.82807928625536
2.19685632522516
2.62665516370677
2.25148472350813
2.20749852706001
2.09556182139551
1.8463504755492
1.69721151418233
1.6584774008922
1.9020124568639
1.6398493392812
1.94252756501979
2.232624358219
1.76042841511659
2.20239794630083
1.86327834357377
2.14638582610891
2.04614510563084
1.94317397525461
1.93401649692788
1.95604494571165
1.88357629829139
1.9560247453918
1.72029374631765
1.86742277586063
1.81057234239543
2.17082147967344
1.98305950677553
1.72221951014225
1.76158320006735
1.83694049322449
1.90618718963051
1.82807928625536
1.75113290127095
1.7593375978453
2.29165979294672
1.55711556266309
2.22342311253263
1.84586230115312
1.69266980893866
1.73303004797577
1.89613753051091
1.78985354768119
2.13576045787391
1.94247033078025
2.11384647756924
1.65483124316137
2.14931150576552
2.00595656931236
1.85457537244341
2.0450138877199
2.24928625536572
1.60702718626379
1.68172796902618
1.61298291389613
1.72008164295934
1.75860365289117
1.79092416463263
1.82186768790507
1.76158320006735
1.54065566871475
1.87549280363606
1.76988216480095
1.49224223550206
1.81016496927867
2.08161350054709
1.79848581769213
1.91921639592627
1.9620511741436
1.78148051510817
1.70562494739499
1.71141907246866
1.73433970204528
1.6592753135258
1.86387088628905
1.76204780742361
1.76640770978875
1.65556518811547
1.63154027438767
1.79457032236346
1.64172796902619
1.571750694386
1.67483965996129
1.75477905900178
1.71093426479254
1.77702971130378
1.80466038212273
1.79123053615015
1.75335493645318
1.74704570322365
2.07397104620824
1.852875178857
1.65427910108576
1.83588334315294
1.29047807423618
1.75336840333307
1.75191398030469
1.55711556266309
1.73305361501559
1.86678646578571
1.71953623432373
1.73841679993268
1.83475549196197
1.87834104873329
1.62887383216901
1.43932413096542
1.77063294335494
1.666874000505
1.4770145610639
1.33424206716606
1.63063125999497
1.65157225822742
1.57993855736049
1.78657436242742
1.55681929130546
1.64960946048313
1.76467384900261
1.76929972224562
1.7039146536487
1.57767275481862
1.71141907246866
1.64162360070702
1.63867772073058
1.64675784866594
1.78173638582612
1.75393401228854
1.62569564851444
1.77110428415116
1.71491036108071
1.6293384395253
1.50066576887468
1.72830990657351
1.36789580001684
1.66172628566619
1.65213450046292
1.60579496675365
1.58209325814326
1.65483124316137
1.49492214460062
1.70647672754819
1.75141907246865
1.65016833599867
1.62561148051512
1.65037370591702
1.81851106809191
1.65309064893529
1.74290463765678
1.66905226832759
1.64934012288529
1.53762898745899
1.48088292231296
1.8838894032489
1.73464607356283
1.64091658951267
1.59498106220016
1.61904300984767
1.79789327497687
1.56484555172125
1.34633869202929
1.53070701119435
1.31415958252674
1.57499621244003
1.3136141738911
1.69191903038467
1.91289706253684
1.38311674101507
1.36348539685213
1.64420924164634
1.44057991751538
1.4924644390203
1.73829559801365
1.54353421429173
1.76795303425638
1.80094352327245
1.4829770221362
1.71388014476898
1.63748590186012
1.51322026765425
1.33378082652976
1.29513424795894
1.5534525713324
1.51986617288108
1.77406699772746
1.72434727716524
1.68847824257219
1.47530426731757
1.59198131470416
1.64256964901946
1.66612995539097
1.43434138540528
1.49639676794882
1.54233566198133
1.55705832842355
1.6293384395253
1.46506270515951
1.64678814914569
1.61333641949332
1.42939230704488
1.54825772241395
1.43073226159416
1.46381701876948
1.49004713407962
1.66394158740849
1.23819964649442
1.39121706927028
1.40799343489607
1.15931403080549
1.43259742445923
1.32243498022052
1.28145863142834
1.62880313104958
1.34953707600371
1.55764413769884
1.49719468058245
1.44817523777459
1.40347866341219
1.44057991751538
1.44925932160592
1.29287854557697
1.48383216900936
1.29976348792189
1.37578065819378
1.40105799175154
1.48391970372865
1.48059338439526
1.51010605167914
1.42071626967427
1.49647083578824
1.31548270347614
1.53743035098057
1.40249221446007
1.47585977611314
1.62084083831328
1.29855820217153
1.30024156215808
1.35043262351655
1.5293266560054
1.36297702213619
1.55540526891676
1.36159666694724
1.48124989479001
1.24804730241564
1.48502735459979
1.46400555508797
1.3096380776029
1.34913980304688
1.55834104873327
1.13994865752042
1.57271694301826
1.60637404258901
1.33445753724433
1.70493476980053
1.73732598266139
1.17921471256628
1.2980397272957
1.26940577392477
1.34544651123645
1.43912886120697
1.4615613163875
1.38893779984849
1.16819543809444
1.24643464354853
1.22044019863648
1.40049238279607
1.22566534803468
1.28740089218081
1.37471004124234
1.25919451224644
1.38311674101507
1.36396683780828
1.29974328760207
1.34515360659879
1.35562073899504
1.28261678309909
1.32409813988721
1.28597003619225
1.46626799090987
1.33833599865332
1.20757259489943
1.25543051931658
1.37927868024579
1.23467805740259
1.42237942934096
1.13123558623013
1.47618971467048
1.1968394916253
1.12097045703226
1.31105546671157
1.31637825098898
1.35848581769213
1.32608113795135
1.34339281205285
1.18443312852455
1.34492803636059
1.47380944364954
1.35461072300313
1.10580675027356
1.48757259489943
1.43388014476898
1.43932413096542
1.07243918862051
1.4666113963471
1.44906741856747
1.33367645821059
1.16632017506944
1.17745391802038
1.30013719383891
1.27914232808686
1.18874589681005
1.44690261762477
1.07009258479926
1.13832253177344
1.16785203265718
1.20414190724688
1.21277081053785
1.44232724518139
1.14365541621078
1.180874505513
1.24863311169094
1.45607356283142
1.14268243413855
1.20320595909436
1.06940914064472
1.2186996044104
1.258002693376
1.29377409308981
1.16128019526977
1.26384058580928
1.17596582779228
1.18863479505092
1.17079791263362
1.31808181129534
1.1912642033499
1.19685632522516
1.32762982913897
1.22566534803468
1.04725948994192
1.25216480094269
1.29152849086779
1.23936789832507
1.17130628734955
1.53357882333137
1.20917852032659
1.22481356788151
1.2828255197374
1.13994865752042
1.1968394916253
1.34724433970206
1.21895210840839
1.34421765844627
1.17445417052437
1.1262393737901
1.19813231209494
1.20079538759364
1.2018390707853
1.20251578149987
1.04468394916253
1.26241982998064
1.12492298628064
1.17845046713239
1.20589933507281
1.0298030468816
1.10091827287266
1.19655668714756
1.10625115731
1.27159414190726
1.33254860701962
0.956900092584817
1.20788569985692
1.1029012709368
1.14425805908596
1.27335830317315
1.07378250988975
1.33715764666275
1.06795135089641
1.18759784529922
1.09145105630839
1.19979210504167
1.25553825435571
1.12889908256881
1.04638414274893
1.17225906910193
1.09993182392054
1.13821816345427
1.30709620402322
1.16126336166991
1.16410824004714
1.09327245181382
1.1026117330191
1.16172460230621
1.07009258479926
1.12681508290549
1.2460777712314
1.16177510310581
1.09773672249813
1.18503913811969
1.13590522683276
1.08464018180288
1.2067746822658
1.17064641023484
1.12555929635553
1.22787728305698
1.13054877535561
1.14659456274725
1.08337429509302
1.1758143253935
0.985648514434814
1.24488258564094
1.02428162612574
1.01017843615858
1.18332884437336
1.00090312263279
1.09287854557698
0.990456190556358
1.11157057486744
1.06585725107314
1.03113963471088
1.13633616698931
1.04416210756671
1.1026117330191
1.20107819207138
1.21397272956821
1.04074825351401
1.09332295261342
1.12480851780154
1.07009258479926
1.03813567881491
1.09514434811885
1.211376988469
1.02279016917768
1.09696574362428
1.13054877535561
1.14641612658869
1.08849844289202
1.12983166400136
1.20812810369497
1.08375473444997
1.01015823583873
1.04818870465451
1.07009258479926
1.11763403753895
0.95566450635468
1.11063799343489
0.907715680498285
1.14268243413855
1.03283646157732
1.26992424880061
1.08521589091828
1.08678478242572
1.25479420924165
1.10576298291392
1.07559717195522
1.13409393148726
1.0813643632691
0.981561316387513
1.10182728726539
0.961384563588922
1.07859355273126
0.976507869707945
0.951173301910615
0.917758606177927
1.10970877872234
1.08243161350055
0.932821311337449
1.04369413349045
1.14360828213114
1.02101590775189
1.01660213786718
0.889239121286096
1.10987038128104
1.03283646157732
1.08753219425975
1.00857924417139
1.00306119013553
1.15330780237355
1.2168378082653
1.05232303678142
0.914587155963318
1.07056729231547
0.979793788401651
1.04396010436832
0.99241225486071
1.13958505176333
1.10151081558791
1.06364194933087
1.08977106304184
1.04418567460652
0.901430014308573
1.11144600622845
0.933935695648529
0.90169598518645
1.12463008164298
1.04081558791347
0.920199478158423
1.13673680666611
1.03488679404092
1.04900681760796
1.05065651039476
1.00551889571585
1.05498274556015
1.01015823583873
1.07907836040738
1.25640013466881
0.828038885615683
0.916418651628646
0.890632943354944
0.97252167325982
0.848427741772582
0.830311421597514
1.00731672418146
0.916826024745404
0.889064051847498
0.961384563588922
0.987180372022578
0.978766938809883
0.922603316219181
1.08695648514436
1.03813567881491
0.990456190556358
0.952624358219026
0.932521673259828
1.00456948068344
0.905059338439543
0.972259069101938
0.955826108913385
0.931410655668714
1.03135510478916
0.973498022052013
1.03893359144854
1.02166905142664
0.930047134079643
1.03488679404092
0.980854305193162
0.971757427825935
0.93760205369918
0.922195943102452
1.09212776702299
0.912351653901197
1.0605277333558
0.97950761720395
0.831385405268918
0.920997390792024
0.884609881323115
0.989547176163626
1.03177594478581
0.949005134247955
0.906816766265479
0.995768874673843
0.936305866509571
0.915408635636737
1.17902954296778
1.12490278596079
0.886360575709119
0.854952445080386
0.981460314788336
0.835247033078019
0.983231209494164
0.94219425974245
0.941497348708026
0.943766517969863
1.02920713744635
0.854875010520999
0.873546839491638
0.84363353253093
0.893841427489264
0.854952445080386
0.94847319249223
0.884354010605165
0.868449625452399
0.878913391128691
0.822557865499533
0.915408635636737
0.916418651628646
0.966434643548524
0.924842185001268
1.0089024492888
0.850794545913658
0.830129618718956
0.936376567628997
0.876193081390454
0.826634963386937
0.910395589596845
0.953163033414711
0.832947563336432
0.946129955390973
0.874105715007175
0.879149061526817
0.888983250568145
0.873014897735885
0.835193165558451
0.947426142580611
0.932477905900186
0.974511404763916
0.874694891002434
0.919795471761631
0.922761552057921
0.887717363858258
0.990092584799271
0.848084336335319
0.833870044609057
0.838751788569994
0.960361080717121
0.987587745139308
0.884155374126777
0.898043094015662
0.951025166231801
0.791590775187274
0.865446511236428
0.857905058496755
0.849131386246967
0.873654574530775
0.889441124484478
0.879526134163797
0.780541200235689
0.804593047723273
0.859288780405706
0.967044019863664
0.881222961030232
0.802195943102447
0.894881743960951
0.880287012877716
0.846219173470246
0.872533456779735
0.829668378082658
0.88932665600538
0.847017086103875
0.803980304688167
0.887794798417644
0.854413769884701
0.83595404427237
0.852848245097221
0.914880060600979
0.901544482787642
0.734999579160018
0.826634963386937
0.884354010605165
0.849276155205786
0.938362932413099
0.924384311084935
0.862106725023153
0.803485396852125
0.840842521673267
0.832311253261508
0.752041915663682
0.858046460735636
0.853770726369845
0.921707768706341
0.836846225065244
0.842061274303518
0.88471088292232
0.893390287012892
0.886865583705088
0.899278680245772
0.830368655837049
0.809680161602557
0.803879303088962
0.883030889655771
0.723586398451317
0.83637488426902
0.83971803720226
0.860504166315962
0.878738321690093
0.838926858008591
0.760829054793362
0.914782425721739
0.73852116825185
0.803980304688167
0.814181466206549
0.833563673091504
0.863786718289703
0.801031057991764
0.794600622843205
0.835247033078019
0.818800606009603
0.865638414274912
0.773134416294937
0.836590354347294
0.818881407288956
0.974272367645824
0.877724938978218
0.695302583957584
0.830513424795896
0.817692955138455
0.704012288527906
0.840108576719132
0.735447352916424
0.784527396683785
0.828156720814746
0.784978537160185
0.881088292231311
0.868702129450384
0.839058160087546
0.849255954885962
0.896514603147892
0.786500294587995
0.857905058496755
0.800509216395938
0.891481356788148
0.772622674859036
0.891100917431203
0.893561989731523
0.766485144348138
0.788634795050939
0.867799848497611
0.788402491372779
0.831038633111689
0.752358387341133
0.845175490278592
0.770282804477745
0.721502398787976
0.75646241898832
0.766407709788751
0.811578991667375
0.82018769463852
0.704012288527906
0.723721067250239
0.818184496254531
0.677947142496436
0.73475717532196
0.838738321690101
0.736932076424552
0.932319670061446
0.805781499873746
0.816733439946148
0.839354431445173
0.745813483713505
0.814875010521007
0.783880986448963
0.77873327161015
0.736709872906317
0.901110175911128
0.775743624274071
0.800549617035614
0.73103021631178
0.788937799848497
0.714974328760206
0.783365878293068
0.801165726790686
0.702113458463089
0.950681760794566
0.89016160255872
0.841640434306896
0.805976769632196
0.748032152175739
0.695996128272043
0.891504923827966
0.757930308896562
0.782328928541375
0.732326403501389
0.72513508963894
0.716358050669129
0.806848750105218
0.812006565103957
0.872738826698082
0.786874000505009
0.729249221446025
0.838839323289307
0.735770558033835
0.738376399293003
0.736932076424552
0.78002945879976
0.732935779816529
0.757900008416811
0.701100075751214
0.703648682770819
0.774174732766596
0.687003619223987
0.742712734618294
0.68252924837978
0.820288696237697
0.767650029458821
0.733151249894803
0.752870128777033
0.770148135678824
0.686374042589023
0.715718373874267
0.687501893779995
0.789712145442309
0.761367729989075
0.679404932244779
0.759913306960698
0.746998569144012
0.681839070785287
0.723811968689517
0.724663748842687
0.763545997811633
0.711469573268261
0.77873327161015
0.693925595488594
0.656036528911727
0.84213534214291
0.700362764077113
0.743685716690521
0.859133911286932
0.723721067250239
0.755836209073323
0.755550037875594
0.818403333052771
0.74402575540779
0.61794545913645
0.765919535392641
0.754361585725121
0.68062368487503
0.741221277670235
0.737760289537931
0.706076087871395
0.673055298375573
0.639755071121954
0.724707516202358
0.700780237353769
0.714098981567219
0.587570911539444
0.792008248463929
0.832499789579998
0.704318660045459
0.736083662991348
0.685562663075501
0.693962629408304
0.687239289622084
0.688548943691615
0.794284151165726
0.735464186516282
0.72516539011869
0.691565524787478
0.681613500547087
0.636213281710297
0.625907751872745
0.708947900008411
0.686081137951362
0.826904300984779
0.664076256207409
0.731750694385994
0.68915495328676
0.759196195606449
0.709752546082001
0.707442976180459
0.650707011194356
0.782137025502919
0.698053194175571
0.710314788317476
0.621026007911809
0.78767864657857
0.692134500462942
0.707527144179778
0.634644390202851
0.735312684117503
0.697167746822657
0.654534971803741
0.736164464270701
0.727323457621424
0.82878629744971
0.65175069438601
0.734999579160018
0.656036528911727
0.64372443397022
0.633863311169108
0.654534971803741
0.763141991414869
0.678001010016004
0.645421260836628
0.576534803467723
0.666291557949677
0.695302583957584
0.694117498527078
0.68208484134334
0.653996296608028
0.628237522094111
0.685916168672691
0.710553825435568
0.6652882753977
0.667887383216907
0.724650281962795
0.683155458294777
0.726239373790094
0.686687147546508
0.68252924837978
0.663965154448277
0.549055635047552
0.729158320006746
0.698605336251177
0.639970541200256
0.658817439609464
0.655851359313203
0.675294167157659
0.720849255113222
0.591836545745309
0.61794545913645
0.68539769379683
0.577490951940092
0.707264540021896
0.664076256207409
0.575363184917109
0.675879976432981
0.705624947394995
0.729494992004049
0.660662402154713
0.617295682181634
0.681095025671254
0.699662486322694
0.671301237269603
0.679973907920214
0.630466290716271
0.624338860365299
0.669234071206148
0.576585304267326
0.661221277670251
0.606266307549873
0.633354936453173
0.594704991162359
0.6652882753977
0.648740846730078
0.682377745980972
0.638381449372957
0.622675700698608
0.598788822489695
0.542312094941508
0.67408214796734
0.663332211093348
0.638849423449216
0.664116656847085
0.635715007154289
0.684077939567374
0.631126167830985
0.693625957411001
0.659376315125002
0.68386920292906
0.541520915747839
0.640539516875691
0.582258227421931
0.644081306287347
0.59455348876358
0.61160592542717
0.609912465280701
0.649222287686229
0.630516791515873
0.659170945206654
0.620329096877384
0.633371770053031
0.574854810201174
0.60414527396685
0.709954549280383
0.595102264119191
0.629611143843107
0.583022472855816
0.626331958589361
0.702167325982657
0.605592963555267
0.664113290127091
0.575736890834122
0.540477232556185
0.664587997643309
0.657191313862484
0.6303619223971
0.619046376567638
0.595371601717034
0.577346182981245
0.618231630334151
0.587570911539444
0.585739415874087
0.589927615520594
0.60331706085347
0.647178688662564
0.632843195017273
0.60589933507282
0.64584883427321
0.623985354768138
0.551644642706862
0.538073394495427
0.579275313525812
0.567289790421682
0.541537749347697
0.632954296776376
0.573484555172143
0.589590943523291
0.650905647672772
0.641573099907419
0.518761888729898
0.560377914316973
0.576585304267326
0.628237522094111
0.630055550879575
0.617881491456956
0.641610133827129
0.599940240720485
0.551193502230461
0.565576129955389
0.709348539685209
0.612161434222713
0.503315377493493
0.592631091658944
0.583914653648691
0.561993939904056
0.606266307549873
0.644077939567381
0.589809780321531
0.515560138035539
0.630560558875516
0.625059338439542
0.570814746233481
0.576026428751788
0.574269000925852
0.545204107398376
0.664752966921981
0.576164464270704
0.590365289117074
0.576629071626968
0.592836461577321
0.49975675448195
0.513277501893782
0.549567376483481
0.566421176668626
0.527054120023564
0.54908593552733
0.604239542126095
0.566626546587003
0.627113037623104
0.587870549617037
0.551489773588088
0.584739500042105
0.527808265297551
0.520253345677986
0.541534382627731
0.562926521336607
0.578484134332143
0.585725948994195
0.564155374126756
0.476799090985622
0.525195690598451
0.613770726369836
0.53286171197712
0.660356030637161
0.575683023314554
0.535184748758525
0.542591532699277
0.641731335746158
0.496911876104718
0.482135342142925
0.571013382711897
0.524249642286009
0.563125157814994
0.601317229189476
0.544581264203345
0.558580085851361
0.555886709872908
0.531326487669389
0.515560138035539
0.615642622674869
0.480088376399294
0.629654911202778
0.589978116320196
0.570814746233481
0.507247706422021
0.574269000925852
0.567289790421682
0.571461156468331
0.509456274724357
0.528899082568813
0.560445248716434
0.492440871980477
0.501180877030549
0.513654574530761
0.555917010352658
0.542675700698595
0.518761888729898
0.550725528154203
0.549129702886972
0.551193502230461
0.529750862722011
0.541537749347697
0.582443397020455
0.458591869371276
0.616033162191741
0.457110512583114
0.486030637151771
0.533760626209926
0.479913306960697
0.526882417304961
0.505951519232383
0.478482450972137
0.573067081895459
0.632735459978136
0.498248463934033
0.661675784866588
0.455507953875951
0.60455264708358
0.522902954296796
0.425941419072473
0.464820301321453
0.549277838565786
0.54819038801449
0.568952950088374
0.522997222456041
0.543833852369346
0.542729568218164
0.51594394411245
0.473354936453177
0.589944449120452
0.469223971046205
0.491259153269937
0.589301405605596
0.594614089723081
0.490033667199725
0.562310411581535
0.484677215722598
0.527097887383235
0.429954549280382
0.499073310327418
0.517219930982236
0.482859186937134
0.53882417304942
0.425348876357219
0.524582947563346
0.544416294924673
0.493723592290223
0.486363942429108
0.549890581600891
0.498248463934033
0.486458210588353
0.48357629829141
0.487094520663248
0.443074657015416
0.465042504839658
0.560943523272471
0.547638245938913
0.445949835872398
0.460494066156059
0.524744550122051
0.438950425048404
0.457413517380701
0.492336503661306
0.509149903206804
0.47368487501052
0.5264245433886
0.531474623348203
0.540861038633125
0.446121538591029
0.480411581516705
0.556243582190064
0.497198047302419
0.48962292736303
0.475957410992351
0.513277501893782
0.494174732766623
0.510722161434217
0.52292315461662
0.468079286255374
0.4885388435317
0.449818197121459
0.514284151165725
0.419692786802472
0.46123137783016
0.541446847908446
0.485808433633537
0.495046713239645
0.462477064220195
0.50061526807508
0.417208147462333
0.500406531436767
0.4300387172797
0.469520242403831
0.508187021294503
0.444784950761715
0.429954549280382
0.474896894200839
0.486458210588353
0.500184327918532
0.47977527144181
0.469442807844473
0.48535392643717
0.538251830653991
0.414531605083766
0.419750021042006
0.529367056645071
0.447495160340054
0.49159582526724
0.448377240973002
0.49710714586314
0.519627135762988
0.399206295766362
0.442229610302178
0.480431781836558
0.425833684033336
0.434482787644157
0.473132732934943
0.457908425216743
0.425688915074488
0.482865920377094
0.455302583957575
0.427611312179124
0.463796818449623
0.442020873663836
0.46279690261764
0.478718121370264
0.505611480515114
0.430772662233835
0.504375894285005
0.436085346351319
0.513795976769643
0.493460988132313
0.422955138456359
0.461362679909115
0.49277754397778
0.506416126588675
0.453986196448113
0.424352327245202
0.399337597845317
0.455299217237609
0.405566029795466
0.488360407373136
0.404492046124062
0.395708273714348
0.409925932160604
0.432038548943694
0.43943523272452
0.463675616530594
0.448003535055989
0.426318491709452
0.416026428751792
0.410006733439957
0.471654742866775
0.370882080632953
0.413555256291573
0.461184243750523
0.459978958000164
0.494167999326663
0.434196616446428
0.447889066576892
0.435849675953222
0.453986196448113
0.471590775187281
0.469223971046205
0.466618129787065
0.388449625452409
0.407057486743554
0.457689588418503
0.423200909014412
0.487781331537747
0.441916505344665
0.449771063041851
0.411717027186285
0.454208399966348
0.442865920377074
0.449013551047898
0.477246864742028
0.434927194680597
0.435199898998405
0.430355188957179
0.412228768622185
0.405579496675358
0.467025502903795
0.403586398451324
0.455181382038546
0.425123306119019
0.421224644390207
0.405899335072803
0.454797575961635
0.397822573857439
0.434984428920131
0.406249473949998
0.405067755239457
0.398425216732619
0.415087113879309
0.403643632690859
0.427816682097472
0.405333726117334
0.414864910361075
0.426271357629844
0.389324972645397
0.427661812978727
0.378211430014318
0.46556771315548
0.410289537917691
0.41340712061276
0.431462839828299
0.405104789159168
0.423429845972578
0.43424038380607
0.405902701792797
0.333757259489943
0.451309654069519
0.457076845383398
0.421167410150673
0.406276407709782
0.39240215470079
0.434560222203515
0.427123137783013
0.418588502651289
0.347274640181809
0.397041494823668
0.399216395926288
0.438452150492395
0.410040400639673
0.428944533288444
0.390634626714927
0.457777123137788
0.406781415705751
0.434018180287865
0.421076508711394
0.416113963471105
0.431631175826965
0.384793367561656
0.436405184748764
0.388449625452409
0.398926858008593
0.450154869118762
0.39087366383302
0.400761720393916
0.36818197121454
0.386059254271544
0.429452908004379
0.400391381196869
0.412632775018949
0.423318744213447
0.427416042420674
0.393913811968702
0.355236932918103
0.349877114720982
0.404152007406793
0.38367561653061
0.410427573436579
0.41687147546503
0.404152007406793
0.393688241730501
0.430557192155561
0.31777543977779
0.37564935611482
0.388351990573199
0.346958168504329
0.372080632943351
0.468197121454438
0.412740510058086
0.424921302920637
0.343517380691878
0.369511825603922
0.319630502482966
0.492114300143101
0.396708189546331
0.357822573857419
0.405710798754313
0.413097382375241
0.368993350728061
0.409191987206469
0.437559969699521
0.37165305950677
0.444865752041068
0.3790901439273
0.395206632438345
0.333757259489943
0.392068849423453
0.388793030889673
0.397226664422192
0.4088519484892
0.421615183907079
0.383046039895646
0.371548691187627
0.353846477569249
0.333582190051345
0.343170608534649
0.380760037033923
0.393694975170433
0.345544146115657
0.375299217237625
0.333895295008858
0.392331453581363
0.414218500126253
0.356879892264971
0.355479336756162
0.368064136015505
0.338918441208648
0.389328339365392
0.413077182055389
0.363276660213785
0.390419156636654
0.381335746149318
0.402569649019455
0.356216648430262
0.433213534214303
0.384281626125755
0.328027102095803
0.407862132817115
0.387611312179104
0.353294335493644
0.330191903038468
0.376255365709966
0.376847908425219
0.344305193165553
0.389604410403166
0.335093847319257
0.341510815587924
0.369006817607954
0.355546671155622
0.333918862048648
0.438236680414121
0.309887214880916
0.36140476390878
0.392674859018598
0.372589007659286
0.360677552394577
0.373208484134352
0.379999158320004
0.40511825603906
0.383446679572444
0.417346182981248
0.338019526975842
0.33868277081055
0.331844962545262
0.402128608702981
0.362064641023494
0.305399377156817
0.339635552562925
0.419012709367905
0.316677889066597
0.35095446511238
0.332420671660628
0.314098981567213
0.338379766012963
0.363253093173995
0.355209999158319
0.360549617035616
0.338736638330118
0.345005470919972
0.30854389361167
0.284219341806249
0.34094183991246
0.372147967342812
0.325603063715192
0.357341132901269
0.32054625031563
0.373575456611405
0.342470330780259
0.372935779816515
0.37169682686644
0.334326235165406
0.306210756670311
0.354132648766949
0.334635973402925
0.345877451392994
0.333373453413031
0.360010941839931
0.353361669893104
0.346732598266158
0.35575877451393
0.363468563252269
0.320805487753574
0.415464186516289
0.326067671071456
0.368865415369072
0.39829728137363
0.301537749347716
0.35754313609965
0.296635805066927
0.36930308896558
0.323374295093004
0.3625124147799
0.295137614678907
0.308971467048224
0.327481693460157
0.322293577981668
0.347065903543466
0.332646241898829
0.317182897062537
0.316014645231888
0.314290884605668
0.356523019947815
0.310799595993615
0.324343910445265
0.323071290295445
0.310594226075267
0.344816934601482
0.33721488090228
0.327868866257063
0.29547428667621
0.303110007575128
0.302628566618978
0.333094015655263
0.340255029037962
0.339053110007569
0.329653227842783
0.301918188704661
0.333895295008858
0.358048144095619
0.329622927363033
0.311674943186603
0.313186600454515
0.321199393990412
0.335982661392137
0.332979547176166
0.323815335409478
0.342881070616954
0.364067839407454
0.313011531015917
0.302709367898331
0.352156384142745
0.350190219678495
0.29674690682603
0.302066324383475
0.311917347024661
0.32051594983588
0.318832589849336
0.330202003198394
0.293211850854306
0.327084420503326
0.317987543136098
0.338164295934689
0.311913980304695
0.289212187526317
0.339595151923248
0.32230704486156
0.290306371517545
0.291609292147143
0.281950172544413
0.318199646494406
0.298948741688406
0.294639340122899
0.300460398956318
0.303783351569734
0.342524198299827
0.296150997390811
0.333602390371198
0.341211177510331
0.31640518474876
0.301537749347716
0.301598350307216
0.31267822573858
0.313469404932249
0.317182897062537
0.312166484302679
0.326165305950695
0.306692197626461
0.313227001094191
0.286855483545168
0.301026007911787
0.320549617035624
0.278014476895891
0.334141065566882
0.307604578739159
0.284239542126102
0.328764413769903
0.294949078360418
0.313600707011204
0.289417557444665
0.306958168504337
0.316714922986279
0.268944533288447
0.355071963639432
0.319546334483647
0.300605167915165
0.291292820469664
0.284885952360924
0.33431613500548
0.309335072805339
0.316401818028794
0.325239457958105
0.288548943691609
0.283475296692217
0.301248211430021
0.28043178183654
0.298793872569661
0.316041578991673
0.282778385657792
0.2852125241983
0.283081390455351
0.294662907162717
0.28364699941082
0.316324383469407
0.28320932581434
0.327410992340731
0.268900765928805
0.295679656594558
0.289417557444665
0.284343910445244
0.280579917515354
0.315620738995051
0.286973318744231
0.308860365289121
0.295491120276068
0.309321605925447
0.277236764582113
0.321270095109838
0.301537749347716
0.301537749347716
0.311041999831673
0.286825183065417
0.298898240888832
0.28457284740341
0.283764834609883
0.298672670650632
0.304069522767463
0.297622254019018
0.314008080127934
0.299157478326748
0.319984008080127
0.287225822742187
0.280751620233985
0.288720646410241
0.330882080632961
0.290659877114734
0.277842774177259
0.269483208484132
0.287713997138297
0.28951855904387
0.300460398956318
0.293541789411677
0.296662738826711
0.313903711808791
0.262668967258662
0.284222708526215
0.284559380523518
0.300773503913831
0.281320595909449
0.293164716774697
0.262645400218844
0.298440366972471
0.279051426647584
0.254982745560142
0.249013551047909
0.321653901186778
0.311917347024661
0.266729231546179
0.302847403417218
0.262160592542728
0.293124316135021
0.260110260079131
0.301403080548795
0.283296860533625
0.282737985018116
0.284229441966176
0.282054540863584
0.302413096540704
0.271092500631255
0.295794125073655
0.28040148135679
0.276108913391141
0.316196448110446
0.26813652049492
0.279044693207652
0.287754397777974
0.283101590775203
0.285687231714519
0.306880733944951
0.245714165474283
0.276209914990318
0.280579917515354
0.302807002777541
0.271897146704816
0.300608534635131
0.284239542126102
0.2613525797492
0.331073983671416
0.244569480683452
0.304082989647355
0.281610133827115
0.273455938052365
0.293211850854306
0.267981651376147
0.270900597592799
0.246579412507373
0.277889908256896
0.247953034256369
0.274331285245353
0.278607019611144
0.294215133406283
0.286687147546502
0.275162865078698
0.267109670903125
0.267076003703409
0.228422691692629
0.297713155458297
0.291188452150493
0.263918020368664
0.29981062200153
0.245515528995895
0.27294756333643
0.274906994360748
0.266658530426753
0.260339197037297
0.299036276407719
0.261359313189132
0.267894116656862
0.27645568554837
0.270772662233838
0.276024745391823
0.251932497264534
0.278381449372944
0.276209914990318
0.283529164211785
0.262480430940172
0.269160003366721
0.268944533288447
0.253481188452156
0.306271357629839
0.257211514182302
0.268230788654165
0.245623264035032
0.283855736049162
0.261807086945538
0.29626546586988
0.271927447184595
0.242542715259674
0.27422018348625
0.285158656678732
0.279112027607113
0.262019190303846
0.284811884521503
0.215006312599968
0.272156384142761
0.271031899671755
0.245508795555935
0.240105209999172
0.265702381954384
0.242259910781939
0.244845551721255
0.274250483966
0.248841848329278
0.250878713912982
0.236879892264966
0.25758858681931
0.24146873158827
0.279351064725205
0.266793199225674
0.251545324467656
0.228375557612992
0.260632101674958
0.281148893190817
0.231658109586732
0.263998821648016
0.262604999579168
0.246626546586981
0.25914064472687
0.282084841343334
0.247794798417658
0.261655584546759
0.240714586314283
0.278856156889162
0.277694638498446
0.229651544482806
0.253434054372548
0.267076003703409
0.249666694722663
0.285582863395348
0.291770894705849
0.215103947479179
0.257669388098662
0.245720898914243
0.268230788654165
0.226783099065756
0.238394916252844
0.301396347108835
0.295046713239628
0.238674354010612
0.246838649945289
0.263362511573121
0.259871222961038
0.273028364615783
0.28906741856747
0.249353589765178
0.213255618213964
0.224584630923317
0.221945122464433
0.229809780321517
0.24066408551468
0.245656931234748
0.265008837639925
0.254201666526399
0.237384900260935
0.233035098055723
0.250373705917013
0.259069943607443
0.23493392812054
0.249707095362339
0.257184580422518
0.243657099570754
0.231658109586732
0.21332631933339
0.230264287517883
0.233583873411334
0.227567544819465
0.258228263614171
0.23706506186349
0.234910361080722
0.296174564430601
0.233429004292589
0.231661476306726
0.293417220772682
0.233445837892447
0.265621580675031
0.255009679319926
0.258527901691792
0.217871391297024
0.247936200656511
0.26876946384985
0.273873411329021
0.207421092500653
0.224005555087956
0.231378671828992
0.23623684875011
0.264894369160857
0.255198215638416
0.24366046629072
0.267325140981399
0.227405942260759
0.21677384058583
0.267490110260098
0.237378166820974
0.212349970541197
0.25194933086442
0.191378671828971
0.234809359481545
0.235331201077344
0.238633953370936
0.227493476980072
0.240852621833199
0.205751199394001
0.220157394158747
0.25388519484892
0.230136352158922
0.222177426142594
0.241684201666544
0.220426731756589
0.19796734281627
0.227389108660901
0.258531268411758
0.239778638161766
0.23992677384058
0.244222708526223
0.231314704149497
0.24283225317734
0.213834694049325
0.241084925511331
0.218500967931988
0.210939314872491
0.23579244171367
0.211414022388709
0.222116825183065
0.231866846225074
0.246562578907515
0.230247453918025
0.231072300311439
0.244754650281976
0.228695396010437
0.21527565019781
0.214622506523028
0.23008585135932
0.234752125241982
0.221951855904393
0.226941334904467
0.20866677889066
0.207939567376485
0.229520242403851
0.242495581180037
0.222604999579175
0.219733187442131
0.23904469320766
0.231718710546261
0.235984344752126
0.20064725191483
0.215551721235585
0.223880986448961
0.216507869707954
0.212545240299647
0.241781836545755
0.191119434391055
0.208804814409575
0.215942260752456
0.197812473697496
0.221096709031229
0.226429593468566
0.202818786297456
0.240616951435072
0.217622254019034
0.211137951350906
0.194610723003109
0.219261846645907
0.228166820974678
0.227873916337018
0.219137278006912
0.21677384058583
0.21811379513511
0.197331032741346
0.225614847235079
0.204801784361592
0.215053446679576
0.234297618045616
0.204852285161195
0.191163201750697
0.210518474875869
0.22141991414864
0.205246191398032
0.234772325561835
0.23490362764079
0.203492130292062
0.213723592290222
0.211282720309754
0.225449877956407
0.226436326908527
0.22964144432288
0.206865583705081
0.209057318407559
0.227469909940254
0.219376315125004
0.212329770221373
0.199842605841269
0.251855062705175
0.2018895715849
0.228873832169029
0.185072805319436
0.199842605841269
0.212323036781413
0.219770221361841
0.193597340291234
0.215302583957595
0.198118845215049
0.191163201750697
0.210053867519576
0.21134668798922
0.200125410319004
0.18580001683361
0.189476475044188
0.213797660129615
0.217140813062883
0.200337513677312
0.210720478074251
0.199404932244761
0.215009679319934
0.202525881659795
0.205643464354864
0.193698341890411
0.201973739584218
0.22422102516623
0.187631512498967
0.18276660213786
0.193142833094868
0.210794545913643
0.223392812052879
0.216251998990003
0.220679235754574
0.200458715596341
0.211582358387346
0.212871812137024
0.191637909266916
0.203963471088287
0.234492887804066
0.196590354347279
0.216874842185007
0.195795808433644
0.213137783014901
0.215157814998747
0.206320175069436
0.211070616951446
0.204360744045118
0.210649776954796
0.213127682854974
0.192203518222385
0.207633195858932
0.207235922902129
0.195775608113792
0.18994108240048
0.195795808433644
0.191173301910624
0.189358639845125
0.195795808433644
0.193200067334402
0.189957916000338
0.200691019274473
0.188836798249326
0.180911539432714
0.204481945964147
0.18595151923239
0.200125410319004
0.203273293493822
0.200337513677312
0.192163117582709
0.183443312852461
0.211821395505439
0.178265297533898
0.200997390792026
0.224012288527916
0.226096288191229
0.191930813904548
0.195974244592207
0.196344583789255
0.186261257469909
0.178921807928646
0.202027607103787
0.180622001515019
0.206842016665263
0.187409308980733
0.171477990068183
0.215063546839502
0.192018348623861
0.185645147714837
0.209996633280042
0.198415116572676
0.187214039222283
0.199862806161093
0.196529753387779
0.210744045114069
0.209397357124828
0.178561568891524
0.204926353000587
0.178110428415124
0.230422523356623
0.201169093510657
0.184120023567061
0.199054793367566
0.185473444996234
0.193536739331705
0.178012793535913
0.182248127262028
0.184419661644654
0.184221025166238
0.198351148893209
0.181850854305196
0.198081811295339
0.19340543725275
0.186618129787064
0.19079959599361
0.183742950930053
0.199960441040332
0.17266980893865
0.174699941082395
0.200458715596341
0.169299722245597
0.191903880144764
0.22053110007576
0.161657267906747
0.19188367982494
0.179884689840918
0.206337008669323
0.185416210756671
0.196485986028108
0.179403248884768
0.18595151923239
0.180369497517063
0.18140308054879
0.194452487164398
0.223827118929393
0.216884942344933
0.173174816934619
0.165165390118688
0.197112195943106
0.190634626714939
0.181123642791022
0.188638161770911
0.179258479925949
0.206532278427744
0.173067081895482
0.197879808096957
0.178538001851706
0.191839912465298
0.192119350223066
0.189998316640015
0.180497432876024
0.195449036276415
0.176342900429262
0.185917852032674
0.183652049490803
0.166919451224658
0.171481356788149
0.201334062789329
0.188695396010445
0.180356030637171
0.169747496002032
0.166400976348797
0.177618887299047
0.19780910697753
0.180255029037966
0.163704233650378
0.167565861459479
0.189998316640015
0.178921807928646
0.174969278680265
0.18273630165811
0.184668798922644
0.185911118592713
0.178386499452927
0.189362006565119
0.191419072468648
0.197637404258899
0.177342816261273
0.173228684454187
0.18248043094016
0.174154532446778
0.179103610807175
0.187836882417315
0.187214039222283
0.190301321437602
0.18923407120613
0.177514518979905
0.17989815672081
0.169171786886636
0.174905311000771
0.172504839659979
0.182466964060268
0.185692281794474
0.191614342227098
0.180009258479942
0.17266307549869
0.160526049995809
0.193466038212279
0.185948152512424
0.18531857587746
0.156654322026782
0.179268580085846
0.177521252419837
0.174848076761236
0.167198888982426
0.177878124736992
0.186739331706093
0.165724265634225
0.164690682602469
0.199869539601053
0.153264035013905
0.169090985607284
0.164714249642287
0.17483124316135
0.169222287686239
0.157667704738657
0.197415200740693
0.183699183570411
0.170033667199732
0.173363353253109
0.149846814241243
0.180150660718795
0.172215301742284
0.19009258479926
0.157721572258225
0.172339870381279
0.177618887299047
0.16559296355527
0.164896052520845
0.178440366972495
0.165145189798835
0.185715848834292
0.17260247453919
0.165619897315054
0.195162865078714
0.166400976348797
0.178921807928646
0.170686810874514
0.177110512583113
0.171898830064805
0.187469909940262
0.178716438010269
0.173454254692359
0.172504839659979
0.172063799343505
0.162411413180706
0.157809106977538
0.190483124316131
0.165737732514117
0.177655921218758
0.171669893106639
0.177144179782857
0.174134332126926
0.165801700193583
0.153742109250061
0.170528575035775
0.159270263445848
0.174821143001452
0.17617119771063
0.162374379261024
0.152031815503761
0.163636899250918
0.15820637993437
0.164700782762395
0.162219510142251
0.175114047639084
0.170491541116064
0.1562873495497
0.165212524198296
0.170784445753725
0.148146620654842
0.186039053951703
0.16693291810455
0.162387846140916
0.161613500547105
0.168713912970304
0.17636646746908
0.152230451982177
0.159936874000522
0.176090396431277
0.159213029206313
0.187540611059688
0.174548438683615
0.171474623348217
0.153344836293257
0.154216816766279
0.173127682854982
0.153910445248727
0.164316976685484
0.156529753387758
0.166781415705742
0.174598939483218
0.179036276407714
0.154196616446427
0.183025839575805
0.191173301910624
0.162933254776533
0.160765087113873
0.184884269000946
0.150675027354595
0.163364194933081
0.157667704738657
0.157748506018009
0.149749179362004
0.152546923659628
0.153297702213621
0.144938136520494
0.16438094436495
0.16450887972394
0.16782846561739
0.171851695985197
0.158468984092252
0.177467384900268
0.151621075667038
0.149537076003725
0.158415116572684
0.152533456779736
0.160472182476241
0.165757932833941
0.164061105967505
0.174282467805739
0.152540190219696
0.151540274387685
0.162724518138219
0.154822826361425
0.174332968605341
0.138898240888835
0.16453918020369
0.143709283730345
0.163323794293404
0.161845804225237
0.167862132817106
0.150304688157576
0.166916084504692
0.158492551132071
0.162030973823761
0.159213029206313
0.151301237269593
0.160324046797427
0.164108240047142
0.154489521084088
0.151799511825601
0.164673849002611
0.139766854641863
0.172289369581705
0.156314283309484
0.174827876441384
0.160505849675957
0.152422355020633
0.15064809359481
0.152661392138725
0.159748337682032
0.168424375052609
0.167118087703074
0.144843868361249
0.129195353926434
0.179285413685733
0.166855483545163
0.147759447857936
0.157216564262285
0.142769968857834
0.142056224223552
0.14752377745981
0.167532194259763
0.150560558875526
0.157940409056494
0.148580927531356
0.151079033751387
0.137817523777471
0.129242488006071
0.155415369076678
0.151102600791177
0.148941166568477
0.154166315966677
0.136299133069627
0.164690682602469
0.142039390623694
0.157172796902614
0.162047807423619
0.169532025923758
0.159936874000522
0.14462503156301
0.151068933591461
0.143621749011032
0.143726117330203
0.151058833431534
0.147419409140639
0.156539853547685
0.15692702634459
0.142958505176352
0.162357545661138
0.162684117498543
0.153378503492974
0.141520915747833
0.149072468647432
0.141399713828804
0.167926100496601
0.148937799848511
0.164929719720561
0.148395757932832
0.152711892938299
0.153476138372184
0.146395926268838
0.142732934938152
0.137278848581786
0.157590270179298
0.152284319501746
0.136773840585818
0.160845888393254
0.155869876273044
0.152644558538839
0.14622085683024
0.139517717363873
0.139989058160097
0.132225401902218
0.149399040484809
0.142157225822757
0.142584799259339
0.142810369497511
0.146836966585312
0.134373369245026
0.158179446174586
0.133265718373877
0.135757091153948
0.148937799848511
0.15731083242153
0.128383974412941
0.154600622843191
0.149072468647432
0.135410318996719
0.143557781331538
0.148934433128545
0.138706337850351
0.150597592795236
0.130777712313773
0.17178099486577
0.143968521168262
0.151540274387685
0.143500547092003
0.144379261004985
0.129313189125497
0.125424627556612
0.161923238784624
0.131471256628231
0.143870886289051
0.141089975591285
0.144901102600812
0.150998232472034
0.136716606346283
0.148072552815421
0.147028869623767
0.150974665432216
0.150503324635991
0.134198299806428
0.142551132059594
0.131774261425818
0.132723676458227
0.160058075919551
0.127027186263803
0.125246191398048
0.131760794545926
0.135612322195101
0.129282888645747
0.132999747496001
0.128862048649097
0.130265970877872
0.139005975927972
0.144433128524554
0.13264624189884
0.143039306455705
0.148830064809374
0.134858176921142
0.134066997727473
0.130555508795567
0.152291052941678
0.125845467553233
0.128811547849523
0.131713660466289
0.147220772662251
0.150429256796571
0.145072805319415
0.125202424038378
0.134928878040569
0.136810874505528
0.128878882248983
0.13962545240301
0.130366972477077
0.139470583284236
0.132679909098556
0.150092584799268
0.148591027691282
0.148755996969953
0.136366467469088
0.131424122548623
0.135120781079053
0.123424795892618
0.13002693375978
0.143103274135171
0.132077266223376
0.14924753808603
0.132299469741611
0.158573352411423
0.132989647336103
0.136043262351649
0.12856577729147
0.122778385657767
0.133599023651215
0.124768117161864
0.141456948068338
0.129033751367729
0.128181971214559
0.134551805403589
0.13633616698931
0.121798670145608
0.124316976685463
0.130313104957509
0.131629492466971
0.136891675784881
0.122650450298806
0.132545240299635
0.131488090228089
0.133370086693049
0.140002525039989
0.138921807928625
0.136992677384058
0.122714417978301
0.134531605083765
0.129154953286758
0.132077266223376
0.127246023062042
0.128212271694309
0.140049659119597
0.129013551047905
0.124791684201682
0.127027186263803
0.146015486911892
0.138676037370601
0.125566029795465
0.130255870717974
0.135955727632364
0.126165305950678
0.129050584967615
0.128690345930494
0.135615688915095
0.125266391717872
0.136329433549378
0.127219089302258
0.129222287686218
0.136645905226828
0.126936284824524
0.135440619476469
0.119031226327763
0.1241385405269
0.127666863058664
0.115341301237265
0.129703728642369
0.122714417978301
0.119610302163125
0.141228011110172
0.127020452823842
0.122943354936467
0.133508122211936
0.121101759111184
0.118566618971471
0.129225654406213
0.132387004460924
0.11798754313611
0.128784614089739
0.128299806413622
0.125946469152439
0.123071290295428
0.119600202003198
0.138329265213372
0.133174816934599
0.116788990825683
0.132774177257801
0.130629576634959
0.129195353926434
0.129313189125497
0.126673680666613
0.123542631091652
0.126778048985784
0.137558286339555
0.123751367729994
0.125781499873767
0.118704654490358
0.144183991246535
0.12547849507618
0.12805403585557
0.122330611901361
0.133147883174814
0.12910781920715
0.132067166063479
0.121946805824422
0.134996212440029
0.125559296355533
0.128801447689597
0.129171786886644
0.126902617624779
0.128548943691612
0.121751536066
0.137315882501468
0.122078107903377
0.115230199478162
0.131679993266573
0.125165390118696
0.121657267906755
0.116624021547011
0.116122380271037
0.125205790758372
0.121401397188805
0.128336840333304
0.125677131554596
0.124037538927695
0.122078107903377
0.119617035603085
0.132518306539851
0.126353842269168
0.118216480094276
0.124007238447945
0.130101001599201
0.130595909435243
0.116610554667119
0.121492298628056
0.126434643548521
0.12279858597762
0.128215638414275
0.118573352411431
0.130808012793551
0.127249389782008
0.117132396262946
0.116829391465359
0.131424122548623
0.118792189209671
0.118832589849347
0.133023314535819
0.125162023398701
0.126007070111939
0.122650450298806
0.123327161013378
0.122778385657767
0.121751536066
0.119610302163125
0.120014308559888
0.118566618971471
0.118704654490358
0.119031226327763
0.129410824004708
0.117435401060533
0.118923491288626
0.130010100159922
0.129848497601216
0.118041410655678
0.123589765171289
0.116802457705575
0.11298796397611
0.122812052857512
0.114758858681938
0.126717448026255
0.125771399713841
0.112833094857336
0.125205790758372
0.119037959767695
0.126858850265137
0.1160146452319
0.116778890665785
0.119307297365538
0.117115562663088
0.118721488090245
0.128976517128194
0.115768874673847
0.119886373200927
0.120552983755573
0.11122716943018
0.11231798670147
0.123219425974241
0.130919114552654
0.112028448783775
0.114822826361433
0.117671071458631
0.126646746906829
0.11892012456866
0.125394327076862
0.120243245518054
0.120650618634812
0.122869287097046
0.122906321016757
0.121128692870968
0.117331032741362
0.11785960777712
0.11651965322784
0.120579917515357
0.118102011615179
0.116432118508556
0.121138793030894
0.12879134752967
0.109863647841109
0.129636394242908
0.114412086524709
0.116122380271037
0.116671155626648
0.120795387593631
0.110799595993598
0.11795724265636
0.110853463513166
0.127559128019527
0.114109081727122
0.114408719804743
0.117671071458631
0.114822826361433
0.10877956400978
0.121384563588919
0.117435401060533
0.117671071458631
0.120398114636828
0.116667788906653
0.11403501388773
0.116829391465359
0.110843363353268
0.114758858681938
0.124253009005997
0.112469489100249
0.11677552394579
0.123411329012725
0.117509468899925
0.116748590186006
0.116563420587511
0.112796060937626
0.122643716858846
0.108944533288451
0.121233061190139
0.121455264708374
0.117435401060533
0.119037959767695
0.112631091658955
0.117600370339204
0.111254103189964
0.112742193418057
0.111250736469998
0.130087534719308
0.121408130628737
0.116637488426903
0.118603652891181
0.108826698089388
0.107119771063054
0.122313778301503
0.110866930393058
0.109045534887656
0.116751956906
0.11760373705917
0.116186347950503
0.114560222203522
0.111358471509135
0.109069101927446
0.111254103189964
0.122014140223882
0.116048312431616
0.113482871812153
0.110870297113053
0.114876693881001
0.110446090396437
0.115869876273052
0.112772493897836
0.117287265381719
0.118546418651647
0.112028448783775
0.109466374884278
0.116634121706937
0.117802373537586
0.11536823499705
0.105167073478668
0.104187357966509
0.111580675027369
0.111742277586075
0.120704486154381
0.114560222203522
0.110722161434239
0.116832758185353
0.111318070869459
0.104914569480684
0.110843363353268
0.121398030468811
0.114890160760893
0.109601043683199
0.117489268580101
0.109796313441649
0.109819880481439
0.117145863142838
0.108826698089388
0.113065398535497
0.116667788906653
0.11432118508543
0.117243498022049
0.11122716943018
0.111254103189964
0.111695143506438
0.112917262856655
0.120563083915499
0.11018011951856
0.109032068007764
0.113220267654242
0.116280616109776
0.114944028280462
0.110705327834353
0.10314030805489
0.116950593384416
0.122970288696251
0.10989394832086
0.107742614258058
0.108032152175753
0.100709536234319
0.108826698089388
0.109045534887656
0.104042589007662
0.121435064388521
0.111119434391043
0.111254103189964
0.116401818028805
0.104635131722915
0.110193586398452
0.112940829896473
0.108631428330966
0.0940669977274808
0.120953623432371
0.108924332968598
0.117435401060533
0.106719131386257
0.108978200488195
0.115711640434313
0.11295766349636
0.110382122716942
0.115873242993018
0.113354936453163
0.100948573352412
0.10160508374716
0.122162275902696
0.106119855231043
0.106995202424059
0.102995539096042
0.107678646578592
0.114624189883017
0.111281036949748
0.111573941587409
0.111371938389027
0.109069101927446
0.112772493897836
0.109601043683199
0.107119771063054
0.109489941924096
0.109819880481439
0.112577224139386
0.103911286928707
0.107692113458484
0.109789580001689
0.105486911876113
0.106783099065751
0.114274051005822
0.10600202003198
0.102099991583202
0.112139550542878
0.11492382796061
0.105146873158844
0.110520158235857
0.109392307044857
0.109365373285073
0.100595067755251
0.101305445669567
0.106099654911219
0.10403585556773
0.108449625452408
0.104369160845067
0.112280952781759
0.105049238279605
0.10753724433971
0.107335241141328
0.112482955980141
0.0968243413853997
0.0903434054372667
0.108234155374134
0.108634795050932
0.118038043935712
0.104490362764096
0.110732261594137
0.10530847571755
0.109496675364028
0.109267738405862
0.109409140644743
0.108927699688593
0.111139634710895
0.108826698089388
0.114566955643483
0.105167073478668
0.103476980052193
0.101840754145286
0.113152933254781
0.108604494571182
0.104625031563018
0.0914914569480629
0.106719131386257
0.111095867351253
0.101635384226938
0.101157309990754
0.0973327161013344
0.104810201161513
0.10030889655755
0.0940669977274808
0.100036192239713
0.0970229778638156
0.110230620318163
0.0939289622085653
0.0972485481020158
0.105281541957766
0.110156552478742
0.0991339112869412
0.102039390623702
0.104163790926691
0.106577729147375
0.0972081474623394
0.113277501893776
0.101221277670248
0.104045955727628
0.102584799259319
0.103106640855145
0.0997432876020525
0.104574530763415
0.105523945795824
0.105008837639929
0.110301321437589
0.103483713492125
0.109311505765504
0.106587829307301
0.104897735880826
0.102625199898995
0.0968041410655758
0.0982686642538511
0.102137025502913
0.100655668714751
0.103638582610898
0.105658614594745
0.109220604326254
0.0958412591532749
0.10705580338356
0.102113458463094
0.101877788064996
0.108389024492908
0.107513677299892
0.105429677636579
0.0996456527228418
0.103884353168922
0.104490362764096
0.0950635468394978
0.0940063967679521
0.0989251746485991
0.0950063125999634
0.101278511909783
0.0948918441208662
0.10932160592543
0.0945888393233076
0.101127009511004
0.106739331706081
0.0888384816092866
0.103157141654748
0.115745307634057
0.0892020873664023
0.0978814914569455
0.103029206295787
0.100874505513019
0.0947167746822686
0.102180792862555
0.0942454338860443
0.101992256544065
0.0972081474623394
0.105523945795824
0.101083242151333
0.0967098729063309
0.0925183065398585
0.0976660213786715
0.0982181634542485
0.0969118761047127
0.104200824846401
0.116119013551042
0.101069775271441
0.0912086524703284
0.101510815587915
0.0962317986701464
0.0972788485817659
0.0961408972308675
0.0978949583368376
0.0970970457032365
0.0944440703644602
0.10094183991248
0.0969893106640995
0.0969051426647525
0.0938986617288151
0.0980801279353614
0.0992753135257942
0.103372611733022
0.101500715427989
0.1053993771568
0.0964910361080911
0.0997264540021945
0.0931781836545724
0.0942117666862998
0.0956527228347852
0.0987938725696438
0.0977333557781321
0.0886667788906834
0.0947167746822686
0.0920839996633447
0.101376146788994
0.0924543388603638
0.0938986617288151
0.0974471845804317
0.0937673596498598
0.100790337513672
0.0916867267065129
0.0945888393233076
0.0920099318239238
0.0945888393233076
0.0974101506607212
0.0875826950593535
0.093673091490615
0.09246443902029
0.096087029711299
0.0951140476391004
0.0989049743287751
0.100436831916511
0.0923028364615845
0.0902727043178118
0.0960600959515148
0.0972687484218682
0.0904309401565513
0.0938010268496043
0.092696742698422
0.110217153438271
0.0829568218163388
0.100968773672264
0.0919459641444291
0.0957604578739222
0.0968479084252181
0.096814241225502
0.100207894958345
0.0926900092584901
0.0913029206295732
0.0901178351990666
0.0915116572679153
0.110334988637334
0.0883334736133463
0.0921951014224476
0.0997735880818311
0.102487164380108
0.0871147209830951
0.0903972729568352
0.0910403164716911
0.0841587408467319
0.0959658277922699
0.0935316892517619
0.091895463344855
0.092572174059427
0.0915688915074497
0.0944070364447498
0.0946763740425922
0.0892020873664023
0.0883671408130624
0.095181382038561
0.0861383721909021
0.0871147209830951
0.0985144348119036
0.0878116320175195
0.0902424038380616
0.0941881996465099
0.0941982998064077
0.0904309401565513
0.0934172207726647
0.0928179446174511
0.0927068428583482
0.0873907920208694
0.0924139382206874
0.0922658025418741
0.0903737059170169
0.0920435990236683
0.0932017506943907
0.0963092332295332
0.0868958841848269
0.094736975002121
0.0984875010521193
0.0826437168588541
0.0872695901018403
0.0915823583873419
0.0901481356788167
0.0956661897146773
0.0941006649271969
0.0895690598434555
0.0897003619224108
0.0811791936705788
0.100450298796403
0.0866130797070923
0.0915082905479494
0.0892222876862263
0.0917675279858656
0.0884715091322335
0.0915352243077336
0.0828827539769463
0.0981743960946062
0.081650534466803
0.0898754313610084
0.0925351401397165
0.0850172544398617
0.0861316387509419
0.0819501725443956
0.0826874842184964
0.0910908172712936
0.0866164464270867
0.09093594815252
0.0892458547260446
0.0903737059170169
0.0889765171282022
0.0864784109081711
0.0886903459304733
0.0899663328002873
0.0912019190303965
0.0938582610891388
0.0834281626125915
0.0950803804393558
0.08417557444659
0.0942757343657945
0.0874311926605458
0.0849633869202933
0.0899797996801794
0.0915991919871999
0.0910403164716911
0.0903467721572326
0.0870675869034585
0.0890202844878445
0.0877712313778432
0.0957671913138824
0.0865962461072343
0.0895387593637054
0.089303088965579
0.0947571753219449
0.0813172291894659
0.0864245433886026
0.0911918188704703
0.0944003030048179
0.0841587408467319
0.0886836124905415
0.0855626630755069
0.0806876525545022
0.088734113290144
0.0913870886289203
0.0921210335830267
0.0823844794209379
0.0790547933675612
0.0838086019695368
0.0954271525965851
0.0813677299890685
0.0824417136604723
0.0828255197374119
0.0847176163622692
0.0849936874000718
0.0773108324215173
0.0918382291052922
0.0863235417894259
0.0851418230788852
0.0895286592037792
0.0856737648346098
0.0837985018096106
0.0868756838650029
0.0837042336503657
0.0827480851780251
0.0857916000336729
0.0872493897820164
0.0776172039390701
0.086427910108597
0.0864346435485288
0.082734618298133
0.0898787980809743
0.0881819712145386
0.0820713744634247
0.0827851190977356
0.084832084841338
0.0840712061274473
0.0873604915411192
0.0872695901018403
0.0811522599107946
0.0840914064472713
0.0875793283393591
0.0886566787307572
0.082946721656441
0.083818702129463
0.078155879134755
0.0815225991078137
0.0836537328507916
0.0843371770053238
0.0831217910950386
0.0879867014561171
0.0886802457705755
0.0823777459809776
0.085788233313707
0.0870675869034585
0.0814316976685632
0.0964506354684147
0.0863134416294997
0.0823811127009719
0.0855289958757623
0.0837985018096106
0.0834719299722337
0.0804115815167279
0.0843270768453976
0.0848623853211166
0.0776340375389282
0.0786238532110133
0.0794116656847166
0.0880439356956515
0.078704654490366
0.0771189293830616
0.0856400976348937
0.0878587660971277
0.0800681760794646
0.0819804730241742
0.0844045114047844
0.081438431108495
0.0824484471004325
0.0795598013635299
0.0796271357629905
0.0830813904553622
0.0810377914316973
0.0833574614931365
0.0816976685464397
0.0830140560559016
0.0829500883764069
0.0809603568723105
0.0832160592542834
0.0794621664843191
0.0823743792610117
0.0875389276996827
0.0804991162360125
0.0837210672502522
0.0828962208568385
0.0782400471340736
0.081226327750187
0.0812936621496476
0.0797416042420878
0.0755904385152917
0.0817044019863715
0.0805799175153652
0.0869026176247871
0.081297028869642
0.0801186768790672
0.088417641612665
0.0768058244255485
0.0806943859944624
0.0796944701624511
0.0800412423196804
0.0847378166820931
0.0787214880902241
0.0829972224560436
0.082394579580864
0.0796877367225193
0.0800513424796065
0.0764523188283874
0.0760079117919474
0.0811859271105106
0.0770919956232774
0.0801153101590728
0.0784790842521659
0.0800749095193964
0.0818357040653268
0.0813980304688187
0.0795025671239955
0.0787484218500083
0.075866509553066
0.0794520663243929
0.0780380439356918
0.0811152259910841
0.0820141402238903
0.0828356198973097
0.0817178688662636
0.0786238532110133
0.0783713492130289
0.0806977527144284
0.080677552394576
0.0815865667873084
0.0827581853379513
0.0819165053446795
0.0800681760794646
0.0831015907751862
0.078704654490366
0.0800378755997144
0.0807112195943205
0.0756746065146103
0.0755803383553655
0.0834281626125915
0.0759978116320212
0.0793375978452957
0.0775128356198991
0.0862898745896814
0.0788325898493554
0.0849095194007248
0.0766846225065194
0.0809839239121288
0.0808088544735313
0.0793039306455796
0.0757453076340369
0.0784353168925236
0.0808290547933836
0.075987711472095
0.0780212103358338
0.0789941924080608
0.0824013130207959
0.0806809191145703
0.0790345930477372
0.0778663412170886
0.0812296944701814
0.078600286171195
0.0814047639087789
0.0728263614173841
0.0766644221866954
0.077371433381046
0.0743043514855799
0.0773343994613356
0.0792668967258692
0.0793005639256137
0.0759978116320212
0.0772434980220567
0.0795261341637854
0.0812364279101132
0.0808526218331735
0.0762469489100397
0.0791625284066981
0.0778697079370545
0.0764287517885691
0.0760348455517317
0.0772569649019488
0.0779538759363732
0.0786171197710814
0.0813710967090344
0.0798022052015881
0.0752268327582044
0.0751763319586019
0.0776172039390701
0.0762368487501135
0.0790547933675612
0.0814821984681373
0.080337513677307
0.0763647841091029
0.0835931318912628
0.0743312852453641
0.0790110260079189
0.0786272199309792
0.0806102179951154
0.0761291137109765
0.0782703476138522
0.0748160929214805
0.0769371265045038
0.0783309485733525
0.0702777543977788
0.0747655921218779
0.0818020368655823
0.0780447773756521
0.0794655332042851
0.0747319249221619
0.0755803383553655
0.0777047386583831
0.0759910781920894
0.0785733524114107
0.0742033498863748
0.0739306455685664
0.0762334820301476
0.0781895463344995
0.0706245265550081
0.0775195690598594
0.0783376820133128
0.0743582190051484
0.0749911623600781
0.0762402154700794
0.0769270263445776
0.0721765844625963
0.0745871559633144
0.0786979210504342
0.0750551300395728
0.0786272199309792
0.0733111690935289
0.0756914401144684
0.0760718794714421
0.0710588334315503
0.0756039053951838
0.0769303930645719
0.0834685632522678
0.0766980893864115
0.0758530426731738
0.0735064388519504
0.077815840417486
0.0755567713155472
0.0757015402743946
0.0749608618803279
0.0759809780321632
0.075758774513929
0.0754086356367338
0.0770919956232774
0.0805799175153652
0.0714830401481379
0.0750416631596806
0.0705470919956213
0.0786575204107578
0.0741797828465565
0.07452992172378
0.0733111690935289
0.0749608618803279
0.0754692365962626
0.0743009847655856
0.0723011531015914
0.0800580759195384
0.0727219930982415
0.0770414948236748
0.0755567713155472
0.0682880228937108
0.0706245265550081
0.0771626967427039
0.0714998737479959
0.0782030132143916
0.0733347361333188
0.0728734954970207
0.0758530426731738
0.0721765844625963
0.0711834020705453
0.0789403248884923
0.0806203181550416
0.0735131722919107
0.0716143422270932
0.0750450298796466
0.0737926100496793
0.0720856830233174
0.0724694891002571
0.0757486743540312
0.0768125578655088
0.0786810874505477
0.0727724938978156
0.0721395505428859
0.0739070785287481
0.0749844289201178
0.0759607777123108
0.0779370423365151
0.0763008164296082
0.0732404679740739
0.0744524871643932
0.075546671155621
0.0714830401481379
0.0745265550037857
0.0761425805908686
0.0743447521252563
0.0755904385152917
0.0711733019106191
0.0707389950341053
0.0773983671408303
0.0725704906994338
0.0709813988721635
0.0725098897399334
0.0772030973823803
0.0722270852621989
0.0710453665516582
0.0745804225233542
0.0698064136015546
0.0719510142243962
0.0747689588418439
0.0755803383553655
0.0715167073478824
0.0716715764666276
0.0762873495497161
0.071035266391732
0.0726007911792124
0.0771155626630957
0.0653354094773135
0.0751359313189255
0.0756274724349737
0.068335156973319
0.0715874084673089
0.0688300648093616
0.0692980388856199
0.0762166484302611
0.0708803972729584
0.0689445332884588
0.0705470919956213
0.0727354599781336
0.0716985102264118
0.0665204949078486
0.0717725780658327
0.0781861796145051
0.0731967006144316
0.0706110596751159
0.0700656510394708
0.0673015739415916
0.0759776113121973
0.0667191313862645
0.0782299469741758
0.0721765844625963
0.0773478663412277
0.0727219930982415
0.0726613921387127
0.0692879387256937
0.0741629492466984
0.0737724097298269
0.0637732514098275
0.0743784193249724
0.0692711051258357
0.0685371601717009
0.0673015739415916
0.0671500715428124
0.0717725780658327
0.0677426142580657
0.07016328591871
0.0699478158404361
0.0668672670650778
0.0710588334315503
0.0696650113626731
0.0731697668546474
0.0691027691271984
0.0679210504166292
0.0668908341048677
0.0741764161265905
0.071584041747343
0.0687930308896512
0.0692845720057278
0.0768529585051851
0.0661905563504774
0.0691263361669883
0.0708265297533899
0.0706884942345027
0.0743851527649326
0.0720890497432833
0.075065230199499
0.0692778385657959
0.0706783940745765
0.0668773672249756
0.077603737059178
0.0724863227001151
0.0671601717027386
0.066224223550222
0.0676146788990764
0.0652142075582844
0.072452655500399
0.071392138708859
0.0724661223802912
0.0704528238363764
0.0682846561737165
0.0703989563168079
0.0671265045029941
0.0661097550711247
0.0692879387256937
0.079361164885114
0.0764927194680638
0.0655980136352241
0.0684900260920926
0.0652377745981028
0.068426058412598
0.0701666526386759
0.0667123979463042
0.0674564430603652
0.0687054961703666
0.069543809443644
0.0671904721824887
0.0680254187358003
0.0657225822742191
0.070378755996984
0.0619484891844309
0.0715975086272351
0.0665002945879962
0.068850265129214
0.0688536318491799
0.0650122043599026
0.0652209409982447
0.0668504334651914
0.07105209999159
0.0681870212945057
0.0678503492972027
0.0670726369834256
0.074338018685296
0.0631133742951135
0.0666921976264803
0.0665070280279565
0.0652142075582844
0.0665945627472411
0.0661097550711247
0.0684395252924901
0.0702777543977788
0.0632143758942902
0.070590859355292
0.0661871896305115
0.0652041073983867
0.0715604747075247
0.0665406952276726
0.0663050248295747
0.0671265045029941
0.0668167662654753
0.0716749431865935
0.071796145105651
0.0678873832169131
0.0670894705832836
0.0696953118424517
0.0692879387256937
0.0657562494739636
0.0681567208147555
0.0645307634037522
0.0700824846393573
0.0687324299301508
0.0662949246696485
0.069951182560402
0.0630931739752612
0.0655441461156556
0.0624164632606892
0.0645677973234626
0.0636251157310141
0.0615040821479624
0.0665002945879962
0.0702440871980627
0.0671231377830281
0.0657394158741056
0.0663992929888195
0.0705100580759392
0.0645240299638203
0.0675170440198656
0.0657899166736797
0.0672510731419891
0.0634399461324904
0.0660558875515562
0.068762730409901
0.0671197710630622
0.0673116741015178
0.0665002945879962
0.0632413096540745
0.0610125410319142
0.0640055550879595
0.0666450635468436
0.0679479841764135
0.0665204949078486
0.0644297618045755
0.0666416968268777
0.0636587829307302
0.0660525208315903
0.0644196616446493
0.0710824004713402
0.0653993771568082
0.0670625368234994
0.0656148472350822
0.0687122296102984
0.0655273125157976
0.0619754229442151
0.0668066661055491
0.067237606262097
0.0667191313862645
0.0631807086945742
0.0717490110260144
0.0619754229442151
0.0667460651460488
0.0628541368571689
0.0616219173470256
0.0601405605588923
0.0632143758942902
0.0674429761804731
0.0632716101338247
0.0624467637404393
0.067749347698026
0.0650122043599026
0.0655273125157976
0.0637160171702931
0.0657831832337479
0.0631908088544719
0.0689377998484986
0.0619484891844309
0.0617363858261228
0.0688334315293275
0.0663151249894725
0.0634904469320929
0.0670861038633177
0.0646755323625996
0.0612111775103301
0.0687054961703666
0.0642950930056543
0.0636789832505826
0.0616084504671335
0.0633086440535351
0.065779816513782
0.0630595067755451
0.0631840754145401
0.0641200235670567
0.0666383301069118
0.0644937294840702
0.0629686053362661
0.0704191566366603
0.0641368571669148
0.0642378587660914
0.0653051089975634
0.069399040484825
0.0643624274051149
0.0566694722666625
0.0649011026007997
0.0641570574867387
0.0665541621075647
0.0595480178436105
0.0648438683612653
0.061093342311267
0.0625612322195082
0.062638666778895
0.0624332968605472
0.0619215554246466
0.0565179698678548
0.0645509637236046
0.0619484891844309
0.0631470414948296
0.0623255618214102
0.0646721656426337
0.0631335746149375
0.0592921471256602
0.0678705496170551
0.0641974581264151
0.065369076677058
0.0651266728389999
0.0616454843868439
0.0614199141486438
0.0671702718626364
0.0619518559043968
0.0626824341385372
0.0603863311169164
0.0654431445164505
0.0578006901776007
0.0639247538086067
0.0614838818281385
0.0630999074152214
0.0592719468058363
0.0635510478915933
0.0599015234408
0.0584706674522408
0.0652411413180687
0.0593224476054388
0.0622245602222051
0.0661737227506194
0.058480767612167
0.060241562158069
0.061022641191812
0.0643893611648991
0.0618508543051917
0.0638170187694698
0.0649415032404761
0.0630460398956529
0.0628238363774187
0.0648876357209076
0.0642378587660914
0.0651031057991815
0.0607028027943954
0.0609889739920959
0.0619417557444706
0.0660424206716641
0.0616926184664521
0.0562822994697569
0.0645677973234626
0.063167241814682
0.0581407288948697
0.0630056392559482
0.0648809022809473
0.061214544230296
0.0634736133322065
0.0558782930729933
0.0587972392896177
0.0636958168504407
0.0615175490278546
0.061571416547423
0.0620562242235678
0.0552823836377456
0.0631133742951135
0.0579858597761245
0.0657394158741056
0.0656720814746166
0.0555584546755483
0.0585346351317355
0.060241562158069
0.0577131554583161
0.0587366383301173
0.0628002693376004
0.0614367477485018
0.0619417557444706
0.0595480178436105
0.0601742277586084
0.0625645989395025
0.0604570322363429
0.062618466459071
0.0583225317734275
0.0680018516959819
0.0576660213786795
0.0586726706506226
0.0589891423281017
0.0616488511068098
0.0603492971972059
0.061022641191812
0.060241562158069
0.060773503913822
0.060026092079795
0.0576693880986454
0.0610495749516247
0.060241562158069
0.0613929803888595
0.0596961535224239
0.0618205538254415
0.0582787644137852
0.0603156299974899
0.0576963218584297
0.0605041663159795
0.0602314619981428
0.0587265381701911
0.058480767612167
0.0592854136857284
0.0591541116067731
0.0586794040905829
0.0602449288780349
0.0594874168841102
0.0582349970541145
0.0598341890413394
0.0579589260163402
0.0629214712566295
0.05573015739418
0.0594234492046155
0.0575852200993268
0.0566257049069918
0.0588174396094701
0.0531344162949381
0.0540333305277443
0.0587029711303728
0.0609620402323117
0.0538616278091126
0.0556796565945774
0.0596927868024579
0.0611909771904777
0.0534003871728146
0.061450214628394
0.059032909687744
0.0553833852369507
0.0619383890245047
0.0568512751451919
0.0577232556182139
0.0650391381196869
0.0560634626714887
0.0632177426142562
0.0597062536823501
0.0601775944785743
0.0622683275818474
0.0549255113205902
0.058692870970475
0.0581171618550798
0.0609115394327091
0.0552823836377456
0.0581407288948697
0.0560230620318123
0.0595210840838263
0.0550164127598691
0.0591776786465914
0.055447352916417
0.0562957663496491
0.0536596246107308
0.0568411749852658
0.0551376146788982
0.0567940409056575
0.0552554498779614
0.0545551721235711
0.0544306034845761
0.0551039474791821
0.0556190556350487
0.0576357208989293
0.0551443481188585
0.0639954549280333
0.0601607608787162
0.0568984092248286
0.0576357208989293
0.0582349970541145
0.0552823836377456
0.0548682770810558
0.0572182476222736
0.0560567292315568
0.0575852200993268
0.0558446258732488
0.0534643548522808
0.0574034172207689
0.0585144348118831
0.0587097045703331
0.0562654658698705
0.0573360828213083
0.0520705327834321
0.0550164127598691
0.0534003871728146
0.058160929214722
0.05464607356285
0.0603257301573876
0.0565684706674574
0.0566492719468101
0.0576963218584297
0.0608745055129987
0.056528070027781
0.0565752041074177
0.0562587324299386
0.0560163285918804
0.0624164632606892
0.0568546418651579
0.0545686390034632
0.0540131302078919
0.0549221446006243
0.0558782930729933
0.0544205033246499
0.0550164127598691
0.0551914821984667
0.0566762057065944
0.0538279606093965
0.0543026681255867
0.0544710041242524
0.0560028617119883
0.0553833852369507
0.0529761804561986
0.0538986617288231
0.0547874758017031
0.0539558959683575
0.0534306876525648
0.0581104284151195
0.0597331874421343
0.0538447942092546
0.0537841932497258
0.052905479336772
0.0534239542126045
0.0528583452571354
0.0575919535392586
0.0536798249305548
0.0556493561147988
0.0548548102011637
0.0557873916337144
0.0532825519737514
0.0549019442808003
0.0557436242740721
0.0557032236343673
0.0557537244339699
0.0551241477990061
0.0540703644474547
0.0538313273293625
0.0552823836377456
0.0538515276491864
0.0543026681255867
0.0558176921134645
0.0528953791768458
0.0542622674859103
0.0544609039643262
0.0536730914906229
0.0553934853968485
0.056406868108752
0.054666273882674
0.0551712818786427
0.053030047975767
0.0540871980473128
0.0565651039474915
0.0534205874926386
0.0530670818954775
0.050744045114044
0.0531411497348699
0.0531411497348699
0.0560903964312729
0.0530805487753696
0.0535855567713099
0.0523600707011269
0.0538043935695782
0.0575683864994687
0.0564910361080706
0.0530637151755116
0.0505824425553385
0.0530401481356932
0.0536394242908784
0.0555786549953723
0.0524038380607692
0.0585481020116276
0.0526799090985719
0.0492323878461605
0.0569522767443971
0.0541073983671367
0.050828213113391
0.0521412339028871
0.0542286002861658
0.0539525292483916
0.0538481609292205
0.0563125999495071
0.0535249558118096
0.0545787391633894
0.0560802962713751
0.0541679993266655
0.0528751788569934
0.0550130460399032
0.0547437084420608
0.0560701961114489
0.0538919282888628
0.0533734534130303
0.0504848076761277
0.0545955727632474
0.0514274892685762
0.0550601801195398
0.0560769295513808
0.0573327161013424
0.0521648009426769
0.0571542799427789
0.0541275986869891
0.0530367814156989
0.0559254271526015
0.0506497769547991
0.0506262099150092
0.0569792105041813
0.0529627135763064
0.0533094857335357
0.0529896473360907
0.0532859186937173
0.0515217574278211
0.0525923743792589
0.0531007490951936
0.0527304098981745
0.0502154700782853
0.055447352916417
0.0524240383806216
0.0535518895715938
0.054753808601987
0.0521681676626713
0.0534340543725307
0.0540131302078919
0.0577804898577767
0.0534205874926386
0.0528448783772433
0.0498080969615557
0.0512961871896493
0.0526428751788615
0.0524173049406613
0.0508921807928573
0.054541705243679
0.0528953791768458
0.0551881154785008
0.0534138540527067
0.0531916505344725
0.0533061190135697
0.0531041158151879
0.0521648009426769
0.0533094857335357
0.0528482450972092
0.0523196700614506
0.0487408467300838
0.0513668883090759
0.0556762898745831
0.0521681676626713
0.0532758185337912
0.0505420419156621
0.0503804393569567
0.0541545324467734
0.0533734534130303
0.05489521084084
0.048346940493218
0.0493603232051214
0.0516597929467366
0.0523870044609112
0.0515453244676394
0.0530603484555172
0.0501750694386089
0.0509595151923179
0.0531512498947961
0.0528448783772433
0.0475288275397645
0.0526563420587536
0.0519392307045052
0.0523129366214903
0.0493165558454791
0.0492121875263081
0.0548278764413794
0.0521008332632107
0.0509325814325337
0.0485691440114522
0.0493131891255132
0.0536528911707705
0.0512524198299786
0.0540669977274604
0.0524509721404058
0.0510773503913811
0.0523668041410588
0.0525385068596904
0.0533633532531042
0.0510403164716706
0.0512254860701944
0.0519089302247266
0.0515352243077132
0.0519594310243292
0.0543060348455526
0.0489529500883918
0.0508719804730333
0.052269169261848
0.0526092079791454
0.0503737059170248
0.0542151334062737
0.0512658867098708
0.0508921807928573
0.0515082905479289
0.0524004713408033
0.0508450467132491
0.0501986364784273
0.054433970204542
0.0491448531268475
0.053440787812491
0.0533869202929225
0.0480237353758071
0.0494209241646502
0.051949330864403
0.0530031142159828
0.0490539516875685
0.0494781584041846
0.0494916252840767
0.0486735123306232
0.0545013046040026
0.0511379513509098
0.0517607945459133
0.0517843615857316
0.0497979968016296
0.0516261257469921
0.0488283814493684
0.0494613248043265
0.0524745391802242
0.0473739584210193
0.0525923743792589
0.0497373958421008
0.0532926521336776
0.0479732345762329
0.0480136352159093
0.0500336671997275
0.0508921807928573
0.051488090228105
0.0484849760121335
0.0505723423954407
0.0519526975843974
0.0479934348960569
0.0526496086188217
0.0506430435148673
0.0475288275397645
0.0510268495917785
0.0484412086524912
0.0488620486491129
0.0492424880060582
0.051275986869797
0.0505824425553385
0.0515453244676394
0.0506868108745095
0.0504141065567012
0.0500976348792221
0.051841595825266
0.050828213113391
0.0508046460735727
0.0518146620654818
0.0515857251073157
0.048559043851526
0.0491717868866317
0.0488216480094366
0.0484008080128149
0.049319922565445
0.0488687820890448
0.0462225401902288
0.0503939062368488
0.0491852537665238
0.0479294672165622
0.048346940493218
0.0496767948826005
0.0504410403164854
0.0481449372948362
0.0526900092584981
0.0500606009595117
0.0504006396768091
0.0473806918609512
0.0481584041747283
0.0490808854473528
0.0461754061105921
0.0512322195101547
0.0469396515444771
0.0471281878629952
0.0471046208231769
0.049747496002027
0.0518651628650844
0.0462124400303026
0.0478789664169881
0.0504309401565592
0.0479732345762329
0.046353842269184
0.0501077350391483
0.052801111017601
0.0479597676963408
0.049070785287455
0.0524779059001901
0.0458926016328576
0.0506969110344357
0.0485119097719178
0.0466029795471741
0.0489495833683975
0.046141738910876
0.0493468563252293
0.0490741520074209
0.0517439609460553
0.0488317481693628
0.0460138035518867
0.0505891759952988
0.0495791600033613
0.0490573184075629
0.0507945459136465
0.0478015318576013
0.0459464691524261
0.0483334736133259
0.0464009763487923
0.0488216480094366
0.0490977190472393
0.0479261004965963
0.0476163622590775
0.0438826698089372
0.0491381196869156
0.0457040653143679
0.0506767107145834
0.048663412170697
0.0475725948994352
0.0513736217490077
0.0490741520074209
0.0475422944196566
0.0463336419493317
0.0481685043346545
0.0522018348623874
0.0420646410235008
0.0469194512246531
0.0484950761720597
0.0486768790505892
0.0483536739331782
0.0475422944196566
0.0513904553488942
0.045821900513431
0.0482930729736495
0.0486432118508731
0.045040821479688
0.0463370086692976
0.0477240972982145
0.0449499200404091
0.0497037286423847
0.0480877030553017
0.0512692534298651
0.0428389866172836
0.0482526723339731
0.047101254103211
0.0476129955391116
0.0498686979210561
0.0488990825688234
0.0478419324972776
0.0487442134500498
0.0478587660971357
0.0468117161855162
0.0469194512246531
0.0460070701119548
0.0462225401902288
