TIME,HV,SPREAD,CORRECT,TOTAL,%CORRECT,OBJ1-MEAN,OBJ1-STDEV,OBJ2-MEAN,OBJ2-STDEV,OBJ3-MEAN,OBJ3-STDEV,OBJ4-MEAN,OBJ4-STDEV,OBJ5-MEAN,OBJ5-STDEV
100,0.0,0.5433004965124392,0,251,0.0,9169.394422310757,995.1157612537262,6135.167330677291,55.68368877565099,3063.203187250996,42.877878909778055,15388.18326693227,220.51928545561063,61115.06044233961,575.3078412263606,
200,0.0,0.7932329394927269,0,287,0.0,8497.22299651568,799.0506294726931,6147.933797909408,70.45570289369678,3055.2996515679442,49.51162992809298,15361.372822299652,280.5545473431002,60979.617551275755,706.1877871074129,
300,0.0,1.0005575890755432,0,294,0.0,8085.102040816327,583.7932810763145,6155.231292517007,76.08892649435984,3052.8707482993195,50.22673382369704,15331.159863945579,298.2884138629583,60879.08467449087,738.9753305290194,
400,0.0,1.0276837488758492,0,297,0.0,7868.86531986532,509.0906549845268,6154.956228956229,79.62408377552836,3051.6430976430975,54.537176284976596,15328.79797979798,293.27366173817836,60899.28405609862,755.3752855917961,
500,0.0,1.0296983907491595,0,292,0.0,7731.921232876713,455.11374157274463,6152.7054794520545,78.31130080000783,3049.0616438356165,56.77517818177041,15344.815068493152,278.68782563381234,60908.815727013454,760.4872546093842,
600,0.0,0.9603697988615387,0,296,0.0,7683.35472972973,448.85611277739065,6157.043918918919,77.19360595838423,3046.6216216216217,59.238627076518945,15332.037162162162,275.53100202778114,60850.22849176887,768.5451010257339,
700,0.0,1.0023851543195181,0,296,0.0,7622.381756756757,483.3780480844022,6158.847972972973,77.23402832318345,3044.9662162162163,60.46468877275136,15329.31418918919,283.23067299109965,60829.40900593539,775.0833897438544,
800,0.0,0.9351411915492394,0,296,0.0,7499.763513513513,497.0476873838174,6157.148648648648,78.19724409888332,3047.1114864864867,63.262305739832875,15319.152027027027,280.6187911417144,60849.51645912805,784.7842046230679,
900,0.0,0.9925715412190858,0,296,0.0,7463.6621621621625,520.1877072081388,6160.655405405405,80.19315472891805,3044.608108108108,67.4232431587384,15312.52027027027,291.60404405295037,60799.41462075153,801.3340697241334,
1000,0.0,1.0218296287282702,0,295,0.0,7468.3525423728815,546.4042997311813,6165.067796610169,81.40558936517097,3042.3050847457625,67.58609179893327,15301.97627118644,299.8555405518718,60735.946846821615,817.5077798809087,
1100,0.0,0.9751713153660088,0,298,0.0,7544.432885906041,594.2592850302731,6176.379194630873,84.96134436869083,3035.231543624161,68.95911208265343,15279.288590604026,305.49659858829904,60604.01243567651,856.7145474949099,
1200,0.0,0.9032506352565,0,296,0.0,7404.469594594595,546.2397123972547,6168.128378378378,82.73510974100917,3041.929054054054,70.31789568210387,15285.800675675675,301.5382479877859,60688.090382716,827.316083311692,
1300,0.0,0.9437937964842195,0,295,0.0,7363.389830508475,526.883366534264,6169.654237288136,85.03081659128635,3040.6745762711867,71.64911579574434,15285.511864406779,304.4913831319512,60658.328433473485,846.8398440546317,
1400,0.0,0.9694077068105854,0,298,0.0,7437.228187919463,568.7171141999904,6183.355704697987,89.83094292270674,3029.479865771812,74.63639779954582,15274.382550335571,307.2885118161221,60495.430127723455,908.4033784365256,
1500,0.0,1.0201029959795225,0,296,0.0,7338.378378378378,504.3507186178518,6175.3378378378375,87.79202651522164,3034.1047297297296,75.2661887358384,15292.628378378378,309.2737194120961,60566.80427393973,889.7373020677202,
1600,0.0,0.9900585905753211,0,300,0.0,7327.86,511.49571558974657,6178.473333333333,88.3961685946977,3032.77,76.3165148138549,15283.776666666667,312.4727616751401,60526.01355033615,897.3970899847541,
1700,0.0,0.9287774392166328,0,299,0.0,7313.030100334448,520.3419981902209,6179.782608695652,89.3937378480107,3031.866220735786,76.92963924313156,15283.304347826086,314.8433559891772,60494.0402803008,911.937502754062,
1800,0.0,0.9181629293246072,0,300,0.0,7347.573333333334,555.7250560803927,6186.68,92.98310384150443,3028.19,77.74252740081624,15259.373333333333,319.1504879450374,60417.95663185356,953.0530342789641,
1900,0.0,0.9578404400680838,0,297,0.0,7271.350168350168,520.6697499310264,6181.616161616162,94.3738935970865,3031.6094276094277,78.1521587105576,15263.262626262625,320.1870219219451,60460.69502854454,977.6701748360497,
2000,0.0,0.8953794110394278,0,298,0.0,7238.939597315436,508.86075188394267,6184.11744966443,94.27058173903062,3030.8120805369126,78.04080580593174,15245.278523489933,329.2432949307856,60424.293603468475,976.4393973193961,
3000,0.0,0.9201553967867261,0,297,0.0,7193.508417508418,499.4726182622949,6184.400673400673,95.84729928741507,3031.2861952861954,79.15263933995115,15236.0101010101,330.1178392282936,60412.85426040517,991.2264899314849,
4000,0.0,0.9072952912991585,0,294,0.0,7148.557823129252,490.7061776449677,6183.7040816326535,94.89344642184973,3030.8197278911566,78.405830807969,15240.28911564626,333.1232761192396,60398.308763318295,990.5631144838767,
5000,0.0,0.9141942342607654,0,298,0.0,7103.620805369127,468.8553824307136,6185.0,94.25440370322049,3028.2348993288592,78.04596728995526,15249.174496644295,337.6957097295035,60373.332092935896,985.0208108677616,
6000,0.0,0.9021381050109328,0,298,0.0,7052.248322147651,435.0692285580819,6186.147651006711,95.38328725605348,3026.9395973154365,77.09666452172075,15246.130872483222,339.05282544592217,60354.45196881574,983.2563441295333,
7000,0.0,0.8927592890354774,0,294,0.0,7052.289115646258,453.2382294143105,6188.972789115646,97.12604515433995,3025.299319727891,75.70753922916704,15235.163265306122,358.08094020625794,60319.02192180383,991.9597657156615,
8000,0.0,0.9238894875596302,0,295,0.0,6970.471186440678,405.59712626052425,6183.874576271186,96.72912308058574,3027.098305084746,75.55063739431048,15251.305084745763,358.50356848741836,60368.030566035675,983.8628000360301,
9000,0.0,0.9024591708786273,0,297,0.0,6889.252525252526,345.89645431316245,6179.410774410774,94.73428879311679,3028.03367003367,74.8707002902452,15268.912457912458,350.05304900475835,60412.40334713979,958.242747804949,
10000,0.0,0.8962536950069366,0,298,0.0,6849.939597315436,308.2928797543343,6179.325503355704,93.42156431166153,3029.6879194630874,75.11262185174459,15256.271812080537,342.82416190222744,60410.1230180811,937.2518788247924,
11000,0.0,0.814881159348237,0,298,0.0,6827.120805369127,299.2856576402385,6179.147651006711,94.85318049589549,3029.6241610738257,75.0254074646436,15257.822147651006,350.2178975310832,60397.17614606526,943.0749969178836,
12000,0.0,0.7661419802521519,0,300,0.0,6796.5633333333335,287.68108382180594,6181.156666666667,95.35571363176004,3026.0266666666666,74.49326114190166,15267.546666666667,344.209095108708,60368.50282485392,930.7582439359828,
13000,0.0,0.8587668248796345,0,298,0.0,6799.496644295302,306.70541195140805,6183.375838926175,98.1364942148405,3024.748322147651,75.34796515427281,15259.929530201342,350.143956589316,60346.02988218128,966.8198501960392,
14000,0.0,0.8667313319281826,0,300,0.0,6771.006666666667,310.557992365713,6182.76,97.18481911629341,3024.2766666666666,74.67994011483644,15261.87,356.05635289000713,60339.0580254907,956.2766140328552,
15000,0.0,0.9308466889915462,0,299,0.0,6709.923076923077,275.5091318055689,6176.277591973244,96.6146356699622,3024.7023411371238,74.9135624168545,15291.284280936456,354.60740379065004,60400.37853841835,943.4877502462788,
16000,0.0,0.8514457014315617,0,298,0.0,6692.238255033557,271.99523833606355,6176.124161073825,95.62890393908903,3025.6543624161072,74.81837963116922,15282.503355704697,359.2119940928318,60398.439969442195,925.5040061980634,
17000,0.0,0.8594671919062798,0,296,0.0,6715.4527027027025,296.8995606502592,6185.2128378378375,97.84840024131464,3019.972972972973,76.41935741982348,15264.655405405405,367.2152364802065,60306.589052264455,946.8780876589092,
18000,0.0,0.8822209660038582,0,296,0.0,6676.885135135135,284.7795739251356,6182.597972972973,98.67670319101633,3019.804054054054,77.33536644048158,15278.425675675675,364.32027770378784,60324.78320208621,947.3033106762379,
19000,0.0,0.9001001494181778,0,300,0.0,6725.866666666667,311.3965460452138,6195.566666666667,102.52306515554875,3010.99,79.26199110124178,15258.77,374.46720875576443,60183.38460652775,968.0098945793677,
20000,0.0,0.8945467993551498,0,299,0.0,6662.591973244147,283.10989286951434,6188.167224080267,100.69118387934152,3016.9397993311036,78.94947616831094,15259.682274247492,354.0850700650739,60245.85015542153,934.1860294846343,
30000,0.0,0.816835879601481,0,300,0.0,6692.113333333334,325.39716320555453,6199.02,106.88863176222249,3009.6233333333334,79.79453691965526,15239.826666666666,368.62380546507785,60130.02748297007,986.4828570832892,
40000,0.0,0.8638271517498479,0,296,0.0,6422.780405405405,273.87680159861964,6192.64527027027,119.78790030178648,3015.8682432432433,88.83818157201276,15214.317567567568,373.4604530089509,60189.681794549084,1131.0053258323908,
50000,0.0,0.9638784586840051,0,296,0.0,6309.956081081081,363.8113393487016,6209.4121621621625,133.8923493088129,3006.0033783783783,94.37416540926156,15137.094594594595,420.40116519880314,60027.414531660885,1269.3894089982389,
60000,0.0,0.9434851675386343,0,296,0.0,6168.550675675676,368.3760620719695,6224.239864864865,147.27233884599963,3000.837837837838,98.85066227983953,15065.405405405405,427.22186839585635,59853.69201377148,1408.3792123320836,
70000,0.0,1.0084441486919908,0,296,0.0,6011.320945945946,317.94403144081036,6235.611486486487,157.65951082807248,2997.4763513513512,100.90485608374833,14990.496621621622,459.8106249309572,59709.80777634917,1546.529377017128,
80000,0.0,0.9519398088011373,0,297,0.0,5839.700336700336,286.8981584108722,6234.393939393939,167.68148526891574,2994.6363636363635,98.68039638422574,15004.3367003367,519.973809007491,59714.80096059403,1669.7386985617873,
90000,0.0,0.9052560346809357,0,298,0.0,5721.10067114094,269.26066422996684,6241.48322147651,169.8165454673198,2987.973154362416,100.45189481502676,14982.869127516778,512.6275054876204,59581.00778830839,1675.5019910224196,
100000,0.0,0.9970236232907345,0,295,0.0,5580.366101694915,278.5822853276255,6242.830508474576,177.45434863337113,2987.1389830508474,109.22856306294761,14971.95593220339,526.2481158293696,59538.492699256574,1733.0661226604352,
110000,0.0,1.0056256772476466,0,297,0.0,5476.218855218855,294.92580117153074,6249.986531986532,183.13925398613796,2982.2626262626263,109.6187687478272,14948.077441077441,528.1485902630234,59460.88373794488,1791.090576940707,
120000,0.0,0.9800476444391821,0,297,0.0,5397.367003367003,299.021316068622,6249.212121212121,192.09852652605184,2982.5353535353534,117.18608584835279,14929.777777777777,557.5391920011399,59417.764884034026,1876.2191840680287,
180000,0.0,1.099844671882686,0,296,0.0,4958.408783783784,367.0957766675743,6250.6621621621625,259.1895256176833,2983.25,151.79217099598938,14851.398648648648,776.230298438801,59323.300728418195,2535.3910387962255,
240000,0.0,1.1163648440277334,0,298,0.0,4583.48322147651,337.83732044818356,6234.755033557047,290.8594365041684,2981.1677852348994,168.12359238938953,14876.71476510067,899.2672795768578,59387.52491025527,2972.8233906023715,
300000,0.0,1.230403656276351,0,296,0.0,4283.101351351352,364.11889652829683,6247.726351351352,340.16349822081526,2967.7027027027025,189.00403826157225,14859.527027027027,974.9605289719801,59215.6635945583,3439.4389529702153,
360000,0.0,1.1854204867317024,0,299,0.0,4116.394648829431,425.7222210194022,6287.51839464883,397.14279989418264,2943.5484949832776,221.60118178529183,14741.772575250836,1110.29704744373,58759.67035074707,4032.3361720675034,
420000,0.0,1.1973449536295875,0,297,0.0,3932.114478114478,440.3322594124499,6263.501683501683,435.60010175660483,2953.892255892256,240.85816377667976,14753.26936026936,1231.4160205472942,58947.34387055485,4453.2610510157365,
480000,0.0,1.1985966356846,0,298,0.0,3788.4194630872485,484.64334969099883,6260.637583892618,468.7667915884995,2944.3221476510066,258.03120794698884,14748.842281879195,1339.3043967191713,58952.23544502022,4794.781643185496,
540000,0.0,1.2435057168936658,0,298,0.0,3678.2348993288592,498.20730825983793,6251.224832214765,513.664443834563,2943.0604026845635,279.09539222684043,14774.164429530201,1482.605283270994,59073.91039325579,5246.573952742286,
600000,0.0,1.2928562363007172,0,298,0.0,3593.3053691275168,524.4079282448654,6274.560402684564,542.4118009296603,2922.1140939597317,293.4074755593524,14759.01677852349,1570.9994157058145,58770.4125665957,5537.637189381144,
1200000,0.0,1.2661804172482376,0,297,0.0,3088.680134680135,611.0221182570306,6214.2356902356905,738.8827390228239,2908.5016835016836,410.8882889838817,14957.521885521886,2195.56431170381,59175.23588576435,7652.865163841627,
1800000,0.0,1.3167823135676826,0,300,0.0,2993.89,767.5472957631558,6276.123333333333,898.1308672954568,2848.713333333333,511.4427023843651,14825.14,2661.487549047212,58379.453390049326,9203.022544262325,
2400000,0.0,1.2409587712423773,0,298,0.0,2834.94966442953,823.305647218272,6259.862416107382,995.6779710379601,2851.6476510067114,561.1442229386624,14782.802013422819,2922.0277971604746,58441.9585205272,10178.205089017465,
3000000,0.0,1.2420999568109956,0,300,0.0,2750.0833333333335,892.329884659007,6244.196666666667,1090.9774048938364,2859.9733333333334,618.6423840062115,14755.58,3241.9350101855325,58462.16228233649,11175.615383578273,
