187.783669289255
193.360775957168
201.232919059618
-2.34783753109903
-12.9309978239793
83.1726105187765
-5.08700847880101
134.567318822129
-0.179533189865269
-8.92739043373549
115.245962636128
3.35228473917313
-22.5552399767229
-1.42847835337712
208.01617507913
136.178614712863
-10.3951604761083
-4.57276065631058
135.13794064934
-9.60679725011528
101.056106835561
224.330744051216
-8.09182326017572
8.8937955044153
-13.5524179869815
-10.6835754421406
-7.14222886710186
-0.689086210623645
-24.3367988805097
7.80621213832564
186.653465895386
-0.990913025982055
-1.17562072467223
-10.5067575637819
190.925073056116
-3.42019011944841
-6.91986304373032
-6.28694893968158
-4.80268685400627
97.1089280077945
-15.6726836842585
211.271987293712
0.923314389806332
-8.75763577142923
126.286347781987
0.212204180541987
-3.47005671069482
-5.79582285671005
202.441056790821
-2.38843775151407
2.07862601088575
215.181786655938
-21.9757613914782
-12.7031378941891
-5.57486642486731
-1.41918907502765
-6.0603690400763
13.4727817158042
-9.07730510855873
172.211989524168
-24.119880954629
18.369451443045
-11.0916998506708
-5.51658838227341
5.20121594836976
-1.86352645313075
-9.95775816785839
207.620623202945
-0.0245925023550671
1.4094150598648
-5.85855910990673
-5.06247923007372
-1.18439767004735
-13.8017169485716
59.0269015952407
13.6258437107436
45.3272455693966
-3.42533345320474
93.412129556234
195.088673466083
-6.95465608527974
-4.83757776491123
3.83688669604618
2.43855145602928
1.1091711344179
79.3949187018843
-2.04835684483462
-6.85788618680672
-2.76815249200618
216.691925297824
-15.2219251127555
-18.4553047232202
-12.6004708043516
7.66784093543754
-6.36581999198319
-5.05478003066403
49.2201826333438
-12.3244315167255
1.47520152866102
96.2419982646565
-15.9381282498433
3.30623218071586
4.03361459557295
0.0309000196024097
-8.07155887496473
135.182178658231
-1.51800777691173
-22.4251255276332
104.273829174179
-3.04202344249605
-10.9834602844758
17.5564417950226
6.10643634641441
4.88303834318266
193.599781413455
-1.68421607586838
-5.3872473089615
196.658643917357
-17.6474386174657
-8.64348830575425
0.574003194326256
156.73302736783
86.3645974001425
-2.77359695068093
-1.23624547425793
-6.04094349264574
132.524018382677
168.383260515467
135.832774351831
-2.05019901482192
-5.08212266084032
118.291153706653
-0.339285670845626
-14.8133933336371
-3.05261245764529
160.846180467696
2.67666334375695
130.93804971444
169.450249192399
-17.1327700395489
3.85993157317978
-9.25103097637308
-7.0144721503141
-7.9778265542264
2.98217883767882
196.652374437257
-6.94348880369579
-2.9619226799238
92.1036992963263
114.570215193957
-6.25334990341867
192.309189025704
154.449826007635
-0.916106753406459
104.15796283053
18.3891111699345
-0.918009300602334
-11.0346344934435
133.62858905745
-2.18624294818511
-22.3594689462196
-7.7686179649405
-5.72701506105563
-17.6495013283458
-19.5563537909066
144.136951138663
-7.79914950991933
-7.1274443456602
192.740273073252
-14.9996190840023
147.058336656439
-2.01180003241937
-0.285390904820455
98.6373394863616
100.34136906438
-4.45525859158564
93.4389951312184
209.34961055057
123.447607610948
9.82195120784465
-16.3430905588649
1.13402723271735
219.787191845994
-3.43755134206337
-11.4692858221394
-12.8138399350016
4.5502750312008
-9.75844134530238
128.860016455128
4.19527869200579
133.775641289362
188.570990893989
143.465435101056
3.8543243733707
-7.9802618572784
40.7015355869677
-0.841752851502321
2.75115162956821
160.67627606175
-4.34367469976603
211.781023422158
-2.77558394672333
74.6500567898941
42.210666409215
221.233964951863
143.447189821618
-4.65267524177641
33.4550885777874
104.944751895888
-2.11111142634373
188.819645739135
161.679861872113
186.01908131467
15.0814865792261
-18.2191667279524
-15.222545789177
-15.5999990694193
118.293945600715
0.416554061404703
-8.66286391959758
27.0749131737296
156.886842875346
2.92855195001471
40.3548763695523
37.464382129906
-6.06823935586039
36.5694319343652
129.828802792343
147.572372008371
-3.19293396099818
6.38092179887115
11.43303837203
-17.6553232288557
148.646733279213
3.59729565078406
-7.19265777221627
-6.7965766127179
-4.73317904309756
209.553431084515
1.62118050773379
-3.34506352702001
177.667186662863
5.68389072035909
99.2014750452862
109.477773528071
186.022268434032
198.292611447513
-4.2385730706922
-7.06657802361803
-2.86024123289146
-18.8913937928036
0.316499742824901
-23.7654865986225
-9.45492150529812
-6.27035718771088
-4.5502577442657
133.469657682878
-13.5299311695284
168.736544875247
109.184471525082
-12.2862825037544
173.945369860798
-4.78804454009985
-8.58917707128404
157.149267366774
88.7881636178807
-7.61815229254321
0.919743579901806
3.70371544482769
213.622536498626
-0.963393246285203
191.677353996251
214.984472809631
-1.1596477733678
-8.53873056742134
1.04311823360793
1.21705890060844
42.8940287164948
-3.48066493011918
208.68368068984
-0.697647924402721
5.95888834002763
2.21492753868773
21.1931553684045
-8.77457595149088
-2.68688839224658
140.800553948759
-15.1845721007363
82.5529969575897
-12.3869011796729
3.01016960667399
6.1827443754486
6.77114171596475
-4.6900607527938
139.038441431714
163.422674778793
105.178718028929
5.43534180554267
57.5616157219904
-24.5053709419286
2.28901687992567
209.249739645141
172.785696679331
-10.2542764421233
205.759093297324
134.685426997951
140.469049910038
1.13443343171443
-5.46076573986426
-3.30750630787561
-6.63409241615504
-6.36121656946364
43.0652223100646
2.20234185474575
-12.9065786424942
135.730059507246
63.1912548242445
-2.61524491595364
-16.1302745479057
1.5238281371928
186.985509278563
-12.4580836646665
-3.71981746622797
2.99786412026854
102.190944437258
-6.30481599161426
-6.87488404085003
0.620079509960339
-6.3451034244356
-7.3826382751631
164.225877600806
1.19354988508183
210.525079527819
-11.7821580823647
-6.18308125174277
34.4702567377618
175.926637614839
-20.5744346571003
162.48961666984
136.685809425629
-8.12444358462278
-1.5206752491488
18.4718286666705
-4.24373064201572
7.52330640900911
15.3958880203759
148.844032186906
94.9131387068627
-6.83844857232591
-7.99766363373396
48.4522926860265
-5.4806871103487
-3.98644641950838
137.392626209147
19.4836866229765
-1.37523337797789
-2.97261290512767
118.68056467623
192.369120558726
164.526927313494
107.717248225985
-10.439761765642
-11.8826380412746
43.6913815279077
35.3955342698988
-8.74722286663867
149.664489387319
115.540141508381
-7.94777217012143
101.21669339821
-3.80492307207192
215.591486636077
170.022639040185
115.228394255429
-1.13722126635586
136.962021624414
124.783366298167
97.5294801832052
-24.0410080087431
-6.05433793661768
-8.52464635351297
131.274921078367
98.8834343943004
187.323308328195
72.2041698678232
135.673753864701
98.3889510748715
1.07467511534995
154.790461532374
0.42580755472018
36.7817042410078
-1.09784789825279
-7.50565949106004
224.857828508228
0.878233713786241
4.05571529695568
-6.42127388127905
-7.30549736346542
-6.27098051717545
-2.92620905964649
-14.7039602612506
-8.67129453461984
80.5160444995335
-5.09099698496718
-9.18856571472418
209.327521843886
45.8612759487267
-7.48009071336298
-22.788930974185
-19.3858109814037
127.899571201581
184.758623071229
15.7203020336341
20.4383820559095
186.549826155652
-14.3000773813264
132.054502646611
87.0313828511573
-23.5395387166601
1.20562791642726
-15.993440457326
151.873043823159
145.009043533101
111.013519216631
88.8710911290853
-1.31254783208502
-24.5843383938405
-20.3963027908958
156.925055299406
171.992296879215
225.541006581595
223.13181999849
3.8012942602326
109.857149062677
132.341108053255
180.634580323851
217.5247805574
-5.05492643611911
-0.84811533683106
113.045539872942
-8.51260021852642
208.989074568156
16.6897486709438
-11.6473718105953
84.324958367756
-24.5782721615387
12.7871989788791
116.216032170317
-11.7921244279887
64.0674126666555
3.61337905615351
118.423945653485
-7.66470410500621
157.684686735912
-5.43802836534832
114.965383478483
5.79375808722454
1.01553115394725
-7.19135166782775
196.879552664292
-5.78255980785066
195.599519788744
-2.65315045012206
-20.0235908070617
-5.52275793810587
112.72074753737
139.90244745256
0.94449534514121
-5.37694288933064
-6.1747103730527
-0.979947529592664
207.427188846237
0.464901494549705
0.475197417031532
106.66661295677
107.969381250048
-5.84456396400689
3.66279872354118
-11.3973318735327
-4.54751046738862
44.8286644337107
225.650935475556
21.7989171706584
42.5934796702789
0.586972086025378
174.244230027521
117.910440942691
-13.0588817278746
10.3709637369228
-6.95395166834758
182.152971188738
115.556766103571
-5.19890562372659
-8.2086768861187
78.8859833228511
168.294144826095
191.977985243816
139.609427309003
-5.66720024563072
5.8331985854931
-8.36171643673733
130.291703732825
0.854848734773739
97.5070170451992
-4.86244923666465
81.9467039803941
92.3330879070256
-7.43150632715648
-9.27022727846733
117.366148252235
-8.65882621205628
-0.503725065277052
-1.41807083404377
3.94274266243271
-7.40612864304083
0.271855708134726
-3.07635203715563
63.1994211604017
118.70081651129
157.750196191127
-19.0372886224336
3.54194685982595
-18.2731840085651
-2.73137759820204
0.630888983631706
180.381459981997
173.828503259676
83.7142020103647
-21.9622556168018
-24.5850470154508
198.537391441532
-3.28348442211595
-0.388506369270767
199.288820327102
146.862786918899
-22.2119675049925
-18.6936440225782
-20.8812118864737
209.349136424292
111.969170933336
188.891507745453
-10.2597164704007
-3.59324941705638
-0.0636844823750099
33.7203798216097
