-2.19088090800998
53.5214806347011
-3.98815584727425
-2.26791015030136
-4.97965009146727
5.57224736938268
22.0351484037178
-7.92600520628941
213.133919573033
5.46265872759358
21.6460038482488
-6.93554098497918
204.591319962842
27.6211102673791
-6.10737716144313
7.93522772792782
-2.78053986160458
-3.57333356498107
28.256424842203
-0.890839258420497
197.282696024714
2.16652386135895
214.602569209097
18.6435124430541
0.480473195031912
4.29812070202857
212.367169952784
1.68227838967135
-9.32396920418042
20.7956040216892
8.28613293803484
7.39052015465004
6.23357335740439
-13.6610600436739
14.3723583738036
5.80013864273681
-13.3540306042174
7.68639257322498
216.905576202512
41.9076832149372
2.45475721803998
23.4768229832332
-10.6794634501391
205.952421713765
20.1777751472974
213.845448410163
-11.6006091676257
207.001670190237
198.429105699611
-5.9477369445666
61.1351451371596
3.03724193655216
213.57512851575
-4.11523954478884
-24.5957839957689
8.13454241786178
-5.17249876587455
-14.0561494235067
-13.3811010210193
-17.9568387127249
-5.4410230652116
-1.41997004309085
6.59325268590076
-1.13557705510944
52.1274590160265
-2.71897138229197
2.03432147368054
-3.72377778663286
29.6809238403638
-13.6357231633389
-3.81843842346433
-4.73471567336671
-16.0297123244198
1.88137093946945
-17.4835016477585
-0.685784681241377
-0.948909101266732
-8.25072222140198
-12.8840409629035
23.5994966387243
200.663631028396
3.37090954741365
11.738044470817
-10.3135195364775
-16.3205063182892
57.2880438195452
24.542703188316
1.21048507368594
-4.43517218065236
11.2282496888038
12.5676753884751
-0.660443053979924
-4.56611758777878
1.81252094321335
-6.01288805153482
-6.38066346723067
-6.74054547737552
-7.9994163288674
212.626864648771
9.33434072697319
-19.7538258627698
1.92278685863318
8.66575116446423
-9.17550160846493
-14.4271719415694
4.53847600461089
-12.9879534168356
54.0621793722285
1.81819237995647
-9.85727668684905
0.598788516054102
-6.51935524751304
0.0376385577095321
1.54035881396537
216.508078331684
4.96274438389915
52.6451303489588
0.866836646213237
-0.749619103622388
8.56565125824053
-11.6366095539775
-0.688439901323529
-9.48043652897933
-18.0428208951644
1.12418171150602
-9.47442637794081
25.3099635668561
-2.32818753003507
3.9046128166943
0.716872442389024
-12.9082882696255
9.85563355744332
-3.18922709427957
-10.8555745387284
4.68645429962884
45.7423204972159
-6.55394025933848
14.8960991423532
46.4553303380765
-11.5127997594699
-5.80372014116922
-13.2535696821035
-7.2187963460969
-5.23137025188302
8.82325048737691
-3.0831836728051
-7.28016496486707
19.4481338320378
22.0539517552957
22.2445206228935
-7.76748984571615
-0.672611015030935
-2.12930101631066
-11.2650574386898
30.354565548461
47.8305807100236
-22.2260004308136
4.37716421540429
-2.04807603264549
212.208837528238
-9.28803802792371
209.320758941862
-9.51290810800953
-9.99560045312732
-4.4080723574759
23.3029087321761
31.530133893926
3.41153821446783
-7.08569505970756
-8.23176891196885
2.04013742657731
-10.4135247170522
-6.00050905053789
-3.45996496309778
-0.724419453611822
2.48865087813579
20.1797890296235
-7.70048584653072
16.3175442341331
217.158602492081
18.0573629504503
202.564579354718
25.943625628539
208.545543167521
0.597521153119954
-8.43399021546699
-11.7970941917729
-4.59282096600509
23.8795104664759
17.2332215891087
-8.88052302192358
-1.69633212921386
8.61752690825925
8.54154386367363
-7.28301063830276
12.5736787228988
8.13377540633109
42.7728535869322
-11.0554991548461
-4.8642942836346
2.12955988346347
-17.3985742878305
27.3784909285236
-10.3537166247197
51.0079078067114
-13.4409712458757
-7.37458456471739
21.8426067084181
-5.5019575101245
5.15122137369557
20.2040191752465
6.03113100532076
-5.32258093216227
-4.63721734039991
6.30646506438863
11.8521429740776
-3.5231530961138
6.0127686801912
-4.72793762492838
-12.4188667593629
-9.60990576391425
21.2368576252661
4.04975113357128
-4.28013867045233
-7.33494456464478
58.4264799571388
-0.555302714376764
207.844442555615
208.158510115455
-4.77005490898495
-9.73032287459459
-8.64168709469133
-2.14857279320751
28.0412854656592
1.7180538831994
26.4803262235505
-13.0223552017707
3.82500500107425
-15.4899408565741
8.42747001964043
7.19346240904199
2.42286811001862
7.37938967765269
207.590689148583
45.6740616487665
10.136209625105
-4.0481662291405
-2.03612377465092
27.2878461137039
-1.7380102368945
6.15503315264122
42.9240732663438
-7.62345462634441
7.51702949957067
-3.51516048497754
-13.6700206657779
-1.70701908994675
9.91716090921965
19.213902875217
1.1590187776591
-1.47283470505853
53.3185275111362
41.7791598623137
4.36161864404638
-4.87915317311537
-3.37734527838075
-7.40017901274334
5.82235025945133
3.07260495557038
19.2502128625931
-6.13172219218626
6.69261094805316
-10.5914525146841
200.692591956006
-9.98797197790174
4.34521838959545
16.3547581847342
18.3762097554291
13.3865656674153
-0.868362265714993
-5.27219595261103
-13.9141986538738
-1.73442303019312
-11.8952651109557
4.65815703517307
19.7871301442267
-2.43170267178306
-6.02462183609466
21.729799570251
47.5580088403996
28.1447489941121
-11.8662969720133
6.02651302794937
-6.72900509287852
-9.85308879808474
-2.45939328006533
-3.50496996263863
-9.44588267701295
-8.02777140368485
-9.9341327852466
4.34385991253173
3.52852979042618
-2.02380870232023
-7.26639472263981
-6.39539607236682
18.7202362130549
213.006192933115
-9.13792262373775
3.06821416392316
-3.66882467921145
-4.0699741151713
-8.17256675141716
-3.1422080911208
20.7461607993649
19.5012356451588
28.6907075693239
20.645097682715
-10.1140369084676
5.79883962131934
-11.4039668150242
-15.3126924036131
-1.86097196807711
15.1502842083903
1.381864828305
-8.4928061314335
14.8467461165751
-6.71818172685348
8.52946410756568
4.87839680856711
47.8357986567051
208.983018546737
-13.6192627780873
47.3543320144777
15.3332399814981
12.6685577428959
-0.507695203161081
2.55374087835862
-5.42663813426083
213.104770196436
-1.45017567618789
-3.41316662693345
6.58280045891355
49.4951085934954
204.063693146501
5.40346442378926
50.6976202692823
-8.01485495746272
-3.82544524077806
214.612825918691
2.36781556052847
-7.60693615891962
13.8013684941043
205.027806027512
4.23325198623468
-3.78815700318726
6.04592370311879
18.6853508770018
3.79235646293346
7.47872125716605
0.529537177103848
2.41964114546479
10.1840527109841
40.3882144188311
43.2893601099319
-5.13251787800153
10.7613293806349
3.35137848412572
0.345074938612074
46.793065592046
7.66357869670316
-10.7186422917165
-9.06024684878633
3.25353680206047
-9.88855432022669
-2.70242870268958
-8.83979940187894
29.5649141927057
27.6465378989184
47.7752355187535
-11.8796076311869
-13.2968257318891
4.73995365716531
-10.4535416405243
-20.5223556259188
-0.81257416004807
2.27060284169568
-2.38877412676623
-7.17598188830586
6.91358091118252
206.170651606853
210.18193956011
3.54068355648805
-14.9627922165162
20.2218160669586
-3.58527763757681
207.780918181213
-5.59510719558897
-10.3236643163109
203.946735556983
-6.74289691463497
21.6125583681919
207.368192199813
-9.08180569187134
207.281229239204
-2.98709998158015
1.82944312725262
-5.75357207670673
45.5164103979275
-14.734670803911
51.641799649331
-12.1332066533954
-18.8725280459543
-8.1189959009202
-9.38226938356906
59.4266963929208
212.773648453066
217.199953934569
2.86035420412685
-17.4991684253696
-7.62549272578862
-7.1120988088094
2.01169465020568
219.76939967486
13.6136551224437
40.2142568645345
-11.910507031722
215.074562544975
9.83502839780841
-10.7563824813232
-5.23737524456254
21.1187337785093
4.85664159652009
7.80577555997715
-8.09436443716167
-4.94293458243145
-0.946787941674426
214.017808134838
-8.81027758497675
226.049332962327
49.8796919455788
16.3302090888655
1.39625149844766
-1.28073564316597
-0.802907269825342
13.7096610245925
3.51594690679621
-9.19840236128001
-1.16356849310264
-6.51544221121747
12.7966823501054
30.6610216473988
-3.62546099046856
3.80146134102489
-7.40227407896132
6.83617973609163
0.369635096601088
-5.02766354478923
19.8625480192926
-8.87028595112054
2.43711476470855
52.3661454659406
2.29355138568685
51.0926024599376
-10.38770272785
27.9177882053483
-4.12915625180961
221.071496102574
2.53032186597375
-12.9384368492861
6.15942331509458
2.51240885768417
-23.0286130015066
4.35198533812254
217.636837921137
-3.51830565419209
0.210129197193114
213.571367981466
23.7218129714262
-4.35694601115728
34.3131348037199
-14.0002589461514
25.7035047006867
20.9046883583791
-8.2469324060257
-16.4052489372505
-10.3609523375565
5.26145492776332
-11.6754920402757
55.0684610521046
-13.396841730157
63.2829020553782
43.1982508181445
-4.35721809177594
38.2718074523986
-4.85237854366176
2.89060952653114
213.557821571184
41.6105153375368
7.26091762066469
15.6673962123363
211.847202634042
-3.10256172881957
56.5947664687265
200.874270519375
26.6027003707534
-8.10700301814374
4.97325905500067
0.263661827615938
209.887442158903
23.7720041287717
-7.35922360698688
-0.518633265688793
19.4338858925669
-3.52973714310644
59.3183459636858
-2.29378709012728
8.15381473250693
4.94434208698881
-8.50458236414198
-19.7464365648702
-3.43938774533921
-2.98257433626062
7.88001663321277
48.8560018739025
-2.76623544273314
2.92191570754577
-6.49971715004393
30.5634614701819
12.1220231539445
-0.0252625904508297
7.48186736965629
46.4987544193712
27.2625630880267
4.14088395393235
2.14836686549438
5.45655203646837
7.50523356908156
206.63251740028
-3.19412662929168
47.3762514528729
-0.337122184422377
55.2970665382516
-0.0814610655078862
-10.9704011266282
-4.46883193186256
