5.89226686709798
5.32571736547837
6.16523479355856
7.78008140932053
10.7195127960961
14.2779585758748
5.45677810374392
6.16459916730764
6.74482149222086
5.71500120756371
5.5242717496623
6.06402208130704
5.83677640910094
6.04400703217223
5.7328574675586
10.4583787464748
13.9481681665725
11.7047216067777
5.90813057082425
14.2866391744005
5.86466086078261
11.0588296439479
12.6975997368411
14.1707690605999
5.83501231088162
5.3387007164402
5.53392688167899
13.4719518904554
9.33496979812869
5.65960062719524
5.94322686998978
5.9450540557919
6.15589728237234
6.14194047120286
5.74835579704277
6.05986542896664
5.95130117279646
10.184411620782
5.96889838337988
13.9207007437562
5.79505051593387
5.3876119593772
14.5841875138033
14.735973035243
6.14813224746487
9.44749914462092
5.20862156727809
6.90968629172262
5.6132221495933
9.02695528226615
12.2017288266129
9.8658133067887
5.71002353507966
10.6034548501335
5.7064542879716
14.5919614756998
11.4793255743048
13.1013494600652
10.8730992990341
5.78680695756962
8.67249422752735
5.86286481995679
6.04654361757199
12.7791309745445
12.76721544963
12.350158207254
14.118596976406
6.1901431653976
11.3042976419173
7.50697131445707
9.89238743077842
13.9687101934151
5.09697645161284
6.09155027136533
11.8052270036553
6.02536052453858
12.5165442208783
13.0654931122624
10.5286878588366
11.9760712343888
9.74151571355126
12.275040916828
5.06795133406618
6.15047997822218
6.35482046721334
6.05351678893601
5.67051098658279
12.3474978888041
6.06259036795812
14.8532634581524
12.1544294237949
10.0488483043976
6.06200885294626
5.91199129900633
5.67843398499047
5.65925075338327
5.67674523215452
11.4212720594289
14.0204334075441
11.2696057292216
13.5681855001802
10.660137252043
6.11347224592148
5.88907343794706
9.8365288735006
5.72111605258108
5.92821443484161
5.59661019361235
9.88593025293384
7.46191866963175
5.75580901260818
6.15610943340897
5.31467207767924
6.53303365904568
5.63795484172525
5.49336655849332
10.9269375143496
5.91709293906455
14.1142512854411
14.3063150280829
5.5912807686376
6.57340634760139
9.31390794784045
5.85721297123288
5.51693230095613
7.61583312047391
6.00770963164583
5.77501443209282
5.83071854784208
11.401030769779
7.53892937586147
5.74524376486995
5.02341532384521
5.84415670484102
13.3520379886202
5.80738784726467
5.92334338713538
14.5940472043975
12.6583922868475
14.0255349783952
14.9272938250699
5.82819065192677
5.60454201269719
5.93014366408584
6.0085594678101
11.8870215622991
5.84202167651626
9.90591410518134
5.76007346387848
14.4192276618978
5.74503636764076
5.8839216816011
5.94570607879371
5.50380781162838
5.50225379100385
5.37293472350631
5.92251904811165
10.0548443568581
5.0448316035511
6.56459778137498
9.40318368947899
6.01249335723329
5.80079642793032
5.7148778668781
13.806154863222
5.97123801640957
12.8714861899006
6.10072133690143
5.66280074082938
5.8820720287544
6.76682265527524
9.39667878227531
5.89961807579037
5.77424890509173
5.72765199398709
5.14129415221358
5.81816955794745
6.02742974030322
6.11276990131297
5.71468633482991
5.9694162577175
11.7046519450383
5.85217238815497
5.68884063459139
9.66075830078729
13.5767786090879
6.89731271636271
5.52204205284284
5.48768162434681
7.80435298598073
6.79603718165316
13.7231019266304
7.5272607221668
5.60713623385094
5.3256684877823
5.0102879333184
5.9729800035001
6.08266667539907
13.5234948870102
11.462129144819
5.19928078522845
6.0142774360504
5.69291308180112
14.5475875206698
6.45377419448075
14.5908766624857
5.6700626058793
5.19194073905723
5.8430540693302
5.60130805321772
9.62235589757177
5.31936336816573
5.61552996491317
10.8466212228393
12.8352589322159
5.87000381945372
5.117444962772
14.9752045867668
9.62182105665216
12.2100771404657
9.77223654800079
6.70038395982367
9.90561791667847
10.1095009817402
14.7623270911165
14.50145546308
5.87351105167692
10.2098773656739
9.57528514457079
11.7133450997177
5.24248828268338
5.55694103090923
5.57422095133246
11.045667198337
5.81188311327708
5.91066666096825
5.52040063786583
10.1692451050458
12.1639491749349
5.07283983561875
5.74296178380552
6.20477574087747
5.71961258661142
5.86262961874783
9.97739648933234
5.77596692216718
5.68668926643018
5.78344724790365
6.20679819428008
5.93123811514141
13.6844400925703
5.17028611620889
5.75070591667388
5.55503523494756
7.99153258861433
5.96849771930228
5.78316459310127
5.51733060847955
8.93674459425731
5.32713803266894
5.85897787475184
6.19485000299252
10.0531041142152
5.84206692549289
6.86975492131172
5.7903795410958
9.60353771556404
5.73335282440892
12.8308457909207
5.5202604564259
5.98521237452048
5.07164783354033
11.1163696644125
5.77831659279727
5.81346919111825
5.78329627073093
5.12300653480121
5.40903082443617
5.97903200969362
7.75037509254206
5.94049080086739
5.87384854174429
12.164867991928
14.9555533641605
5.7446463572918
5.72472567192643
5.22793734681192
5.54225179210556
11.4256873773369
12.2165280153691
7.8625695261428
14.5779478531162
5.9392718296466
5.97678479211148
14.1546741789816
5.23930323849977
5.38707962916881
5.4940425901083
9.19319855664605
7.48790969706634
10.8186222694678
6.04833856826899
5.76412926023894
8.03814037038193
9.57576372293171
14.1884725712067
5.95452225753885
5.96424400844118
6.04385536174879
6.79601569759712
5.70753551209772
5.57434921113008
5.60757998985962
5.85382296856788
9.88648179505937
12.7571603698749
5.85769576588894
11.1237959153776
14.2633844775675
6.27784080016667
14.2861451707958
10.7229967532847
5.69382788357539
5.65097010643653
6.58721632233234
11.6851664774464
5.97678651757401
5.97151681334356
5.77085965467056
5.77348111809049
13.2003572398855
5.70287235188824
5.78547174855236
5.53778321235464
5.76503422746544
13.7404621488885
13.1773740203039
5.62732937326575
6.11555480399737
13.4449027473655
5.87415771937709
5.53625195938535
14.231589525172
5.48449369547011
7.31422451672751
13.2704194730898
5.99304527326956
5.71303935712453
10.6862608597365
13.9857250248975
10.5903906292683
9.27371551986035
7.46639035514373
5.91460564865421
5.72108166907344
5.61971227864404
5.84811377774132
5.00061062157268
13.8536219507313
5.82732598740953
5.63947100969593
9.09626017844058
5.79204900579147
6.10564661449361
12.186824255032
9.40568651198002
6.00691378391846
5.72036810459803
5.46570705291326
5.11484487010535
5.86187034626601
11.8179403465459
11.4178872273253
5.78439104192812
10.2402023670254
6.05188499091847
6.01253126851234
7.78967959351333
7.64766426208467
5.86943610265206
5.41604873268459
5.45154198252645
6.45824168173588
5.71748062178095
12.3545606062059
5.97577766436527
5.75329539697598
14.1611336023198
12.1568779765486
12.8818643516583
14.7948522592371
8.86134857619267
5.77510821173297
5.00678488802865
11.4067050723222
5.67260418495967
8.36520904317008
5.48008503592632
5.48063290920689
14.464063609972
8.74903349861935
12.8330484423203
10.691870429568
6.09051772701554
14.0257376336728
6.29043940278066
5.45100249366367
11.9468812321812
12.2741641605441
5.83231602674188
5.87087692099898
5.67202689976099
5.79709596098463
5.50876089523615
9.59525226592291
12.7431854693533
11.2961270766031
13.1176591187267
5.91301693228829
13.6941751280795
6.13613598796213
14.5622552833279
10.2924257190363
6.01792912309932
11.0463290409639
9.87448705178146
12.5540677165335
5.06641951911832
7.3102359550648
6.43467049660638
14.2360473261315
5.37137951710416
5.44850229338997
5.56629107590919
6.77983626146349
5.55713023453295
14.7483162154831
6.1570601747072
6.19753538119756
14.9335241590188
10.6283192238939
11.9639243315034
5.3205394774923
6.07688495070387
12.9387132106215
12.4677750685882
5.78134596709868
5.9225365637305
9.40754051913253
11.6649478187933
5.5252132319168
7.95639352821828
5.72249612666052
12.2246141197391
6.63278018735599
9.07232224667302
5.62334929164284
6.08265830685973
5.18817375164776
14.4338656389712
5.47279694057257
12.5200044875762
5.75358178752095
5.79629163115086
5.61909509615106
5.83326987764744
11.4534277509061
5.75182238321032
5.83970919918122
5.63928282722605
14.1615435710487
5.89765440670654
5.41954915111414
5.48890190704698
5.13736827088496
6.12859980913579
5.19362190508072
5.59705186261464
7.21660525247056
5.04946442064313
5.14799462288794
5.40603216203345
5.55319357892059
13.971378733313
14.4387830940488
5.85371295510797
5.94433292999986
10.2231462299982
5.78566502729034
9.66222346738901
13.3508091128184
5.31224852436446
5.94666722398965
10.202817457352
10.0191988262715
5.17965013356235
12.6702336919008
5.21298919651025
11.316668601702
12.7350900251574
5.879070318093
11.0152367027564
9.006174072913
5.44052361156107
5.98623845309293
5.63785162753657
5.61831700079753
5.92465591927806
11.9296751573795
12.1562973221967
5.64908437518833
7.42909087629028
10.0543958253345
5.77610783624866
11.301981538425
5.70379858614317
5.97313952434896
14.7611870151503
5.21237141289623
9.44109467222806
14.8625210656719
10.8590601559951
6.03808233863084
14.0387706403575
5.80581502325552
13.1949464862015
5.63359131776411
5.85638597886088
12.5779989419803
6.08232753761309
9.52036526019551
14.2336198908043
5.72122324563721
12.2102793176993
6.18833753204979
6.53974808739781
5.24797951197985
14.5252123288644
5.79454944670043
11.0704772746071
5.89451475194563
5.79471694496115
5.82004587551033
14.9743397059709
14.3883582870839
