5.89388947048606
8.11664817485871
5.82218350784547
5.89081623118955
5.78262581543055
6.20361536387701
6.86043649943847
5.66507494707213
14.4847131455805
6.19924310068996
6.84491078083714
5.70459154461574
14.1438886478258
7.08329988219471
5.73763283556873
6.29789130219263
5.87036381952781
5.83873369191958
7.10864705761684
5.94575729322153
13.8522961353992
6.06773705316597
14.5433079290691
6.72512024026592
6.00046861056516
6.15278147240459
14.4541220999797
6.04841708884492
5.60930031180865
6.81098233902745
6.31189138383657
6.27615907856551
6.23000031787284
5.4362631949428
6.55471380581842
6.21270755271037
5.44851276290497
6.28796351434171
14.6351911072202
7.6532919538913
6.07923671293111
6.91795505782939
5.55522009423213
14.1981925882912
6.78633279141647
14.5131010450044
5.51846910029034
14.2400545040231
13.8980344960267
5.74400200879716
8.42041090500324
6.10247613309541
14.5023160794845
5.81711324359868
5
6.30584336973549
5.77493172281276
5.42050029540469
5.44743273321476
5.26487431168084
5.76421839623389
5.92464653746088
6.24435046093014
5.93599297785568
8.06103082888394
5.87282022003781
6.06246256829737
5.83273141174442
7.165480361032
5.43727406164718
5.82895473187208
5.79239797541009
5.34176096368082
6.05636029365235
5.28375906278675
5.95393836531532
5.9434404779749
5.65211969707351
5.46726396169224
6.92284937442251
13.9871854579886
6.1157884854329
6.4496124603401
5.56982017573792
5.33015914205355
8.26692292309862
6.96048053041863
6.0295939287646
5.8043488762036
6.42927315398536
6.48271228401617
5.95494942140806
5.7991245411471
6.05361338211896
5.74140267202336
5.72672951899492
5.71237128953836
5.66214606006771
14.4644831514591
6.35371177920911
5.19317983098025
6.05801266652386
6.32703703004092
5.61522373044602
5.40569759258065
6.16237093919729
5.46311816163863
8.13822045777767
6.053839655697
5.58802291813185
6.00518904248332
5.72119612652489
5.98280081624717
6.04275491686933
14.6193321160038
6.17929799464674
8.08168438636054
6.01588337131814
5.95139156036833
6.32304333938225
5.51703279118571
5.95383242987503
5.60305772760443
5.26144387651087
6.02615067947144
5.60329751488261
6.99109195376698
5.88841134174007
6.13708166982674
6.00990024243679
5.46629656575745
6.37450982374302
5.85405840581638
5.54819378186161
6.16827483618176
7.80628265759289
5.7198162866842
6.57560951585283
7.83472964469218
5.52197243637051
5.74974785396443
5.45252085703156
5.69329049217333
5.77258292437124
6.33332078792235
5.85828922518209
5.69084206550877
6.75722225760217
6.86118669763926
6.86878983269773
5.67139924185581
5.95446395569468
5.89634632631659
5.5318566233751
7.19235667588994
7.88959807335488
5.0945473661612
6.15593507516913
5.8995869633037
14.4478051038033
5.61073385963487
14.3325792968366
5.6017622074912
5.58250420833383
5.80543007912131
6.91101639278905
7.23925838136628
6.11740944927002
5.698600840446
5.65287587814989
6.06269460764317
5.56583026435291
5.74189655760738
5.84325676435199
5.95239695198801
6.08058896987938
6.78641313937419
5.6740725035574
6.63232097742171
14.6452861089756
6.7017346064376
14.0630276826205
7.01637319879474
14.3016504766884
6.00513847844483
5.64480784530918
5.51062992805624
5.79805915521218
6.93402109925601
6.66885379984764
5.62699250496361
5.9136205063346
6.3251130246268
6.32208152552928
5.69072853154209
6.48295179933155
6.30581276824044
7.68780969684576
5.54021738006516
5.78722817151204
6.06626229960428
5.28714741365345
7.0736200870405
5.56821643062092
8.01636404171879
5.44504408804254
5.68707500230019
6.85275465438055
5.7617872918241
6.18681766995834
6.7873798506318
6.22192346584633
5.76894388757746
5.79628787097838
6.23290848172892
6.45416465368204
5.84073574444213
6.22119086329846
5.79266839952689
5.48582303873256
5.59789228745916
6.82858705476785
6.14287226006997
5.81053425543945
5.68865652124433
8.31234316313402
5.95914421047394
14.2736786326559
14.2862090008375
5.79098804426732
5.59308800034032
5.63652135316663
5.89557743932886
7.10006363180928
6.04984442539
7.03778596763401
5.46174563200978
6.13390555306907
5.36329625127774
6.3175303160177
6.26829705643639
6.07796443169106
6.27571500540213
14.2635546210609
7.8035593311113
6.38570398028861
5.81978927082244
5.90006382310211
7.07000362660753
5.91195767291552
6.22686679563564
7.69384291549557
5.67714582176608
6.2812064278399
5.84105462602392
5.43590569258198
5.91319412816044
6.37696458338578
6.74787713411988
6.02754057553548
5.92253739356016
8.10855094455844
7.64816425165703
6.15531485277874
5.78663534570074
5.84655304579245
5.68605385940554
6.21359373062534
6.10388701312561
6.74932579539111
5.73666154073408
6.24831456218048
5.55873147065642
13.9883409134772
5.58280856196809
6.15466053105686
6.63380570415618
6.71445565238688
6.515383587925
5.94665405885488
5.77095409947238
5.42616371192585
5.91210079186972
5.50671319828411
6.1671458588931
6.77074720938672
5.88428139326932
5.74093452866983
6.84825398269238
7.87872326067423
7.10419152106196
5.50786894148366
6.22173922218631
5.71283171680051
5.58819000252652
5.88317661977051
5.84146119777216
5.60443632425876
5.66101477631634
5.5849565867654
6.15460633183366
6.12207706766922
5.90055515812112
5.69139145750947
5.72614173155605
6.7281812921201
14.4796172298305
5.61672302096416
6.1037118335051
5.83492387845146
5.81891920056951
5.65523786952919
5.85593432519313
6.80900970046483
6.75934086313359
7.12597365597198
6.80497758055456
5.57777894351408
6.21265572559188
5.52631454946517
5.370367941128
5.90705186295301
6.58575074936744
6.03643147488155
5.64246126394824
6.57364047586605
5.713263537143
6.32159957893265
6.17593277547328
7.88980625401864
14.3191044524341
5.43793078241044
7.87059715678704
6.59305014443758
6.4867371920473
5.96104360958426
6.08318586867449
5.76479231249946
14.4835501715337
5.92344142189894
5.8451238797673
6.24393344793926
7.95600782047755
14.1228378959602
6.19688142277168
8.00398448526883
5.66153010437774
5.82867518055272
14.5437171414934
6.07576799753913
5.67780485983653
6.53193299577795
14.1613031528426
6.15019340220473
5.8301628711187
6.22251365080495
6.7267894702296
6.13260297280989
6.27967804209396
6.00242611856162
6.07783568533474
6.38761277813234
7.59266963598833
7.70841678184578
5.77652684217348
6.41064441252669
6.11500925368384
5.99506661997132
7.84820428397773
6.28705330803892
5.55365697415012
5.61982205500456
6.11110565950045
5.58677503292438
5.87348022410265
5.62861725714465
7.1608519186723
7.08431436960415
7.88738996366012
5.50733788548962
5.45079506838223
6.17040930256138
5.5642337072782
5.16251776293456
5.94887983952614
6.07188949713136
5.88599411544552
5.69499866260611
6.25713061117481
14.2068993165824
14.3669378603984
6.12256196704446
5.38432792532172
6.78808989405607
5.8382571586944
14.2711441977077
5.7580708944494
5.56941542898057
14.1181716335196
5.71227747413562
6.84357640494891
14.2546776498488
5.61896192082973
14.2512080845261
5.86212268072237
6.05428852729013
5.75174861364693
7.79726951175426
5.39342929603159
8.04165445432737
5.49722003339315
5.22834101135796
5.65737518826682
5.60697430681417
8.35224884523631
14.4703393917911
14.6469359094182
6.0954188349293
5.28313400462478
5.67706450761685
5.69754740882833
6.06155982485878
14.7494492067636
6.52444378657497
7.5857292432766
5.50610509065563
14.5621390693525
6.37368773872158
5.55215125203334
5.77234334289635
6.82387426210744
6.17506480675675
6.29272654296964
5.65835791093293
5.78409065581848
5.94352510597875
14.5199776890327
5.62979509045976
15
7.97135156053324
6.63282626772563
6.03700546053574
5.93020157885225
5.94926551989925
6.52827413856083
6.12157504777023
5.61431005803568
5.93487620213976
5.72135224511771
6.49184898551707
7.20458336925852
5.83665396157732
6.13296623055861
5.68597027245027
6.25404253285794
5.9960464977478
5.78071022042895
6.77375615988937
5.6274009338581
6.07853283114216
8.07055371338338
6.0728050762685
8.01974310827529
5.56686048546855
7.095136455816
5.81655800808523
14.8013990090784
6.08225151923776
5.46509372645914
6.22704195015318
6.08153684310495
5.0625254947426
6.15493051231997
14.6643662903436
5.84092914306009
5.98968268338972
14.5021660452716
6.92772943489152
5.80746986936096
7.3502918993366
5.422730160404
7.00679308286165
6.81533448193028
5.65227089951553
5.32677816180587
5.56792774704612
6.19121566324086
5.51548149480419
8.17836812520836
5.44680472540321
8.5061000636146
7.70478179015342
5.80745901414774
7.50823124787537
5.78770357434922
6.09662593294787
14.5016255835045
7.64143583313352
6.27098832018178
6.60638199126921
14.4333769394494
5.8575160979714
8.23926320408105
13.9955893516505
7.04266833473089
5.65785366887406
6.17971749897338
5.99181847725926
14.3551882837548
6.9297319138528
5.68768785915202
5.96060721319001
6.75665380689211
5.84047306041012
8.34792598307366
5.8897838177063
6.30661227817779
6.17856379734285
5.64199142703893
5.19347464214551
5.84407773457508
5.86230324060618
6.29568854255441
7.93050934967751
5.87093452359917
6.09787495712175
5.7219796286217
7.20069100628728
6.46493207589007
5.98029124618557
6.27980356269171
7.83646213730252
7.06899490854495
6.14650819048294
6.06701264264942
6.1989994617474
6.28073580504731
14.2253263978291
5.85386292883795
7.87147167764989
5.96784896932192
8.18748880902305
5.97804909298749
5.54361254009264
5.80300595152912
