10.5325879255931
9.51854023144885
13.5818280846479
10.1228782709946
11.4391189730831
11.6601629855464
9.43453075719787
10.1572527883698
11.1674006888757
14.2013941159692
14.2736467293954
14.253362966765
13.30681760734
10.2488613887654
13.236678332342
8.12568897179942
11.9031652949911
9.46464496296653
12.6816225095822
6.12166084626536
5.95714369347246
8.83067244072428
9.85455926716601
8.10275747069758
14.6257212016189
5.95874672197257
12.193645110588
5.03529099792455
14.179882197013
6.78936871184576
12.1708786707236
8.65555290911614
11.3004004881228
10.460311229883
14.1849145260054
8.55255833574849
11.1447462623468
6.76499738762956
12.4619108450544
11.6438059613212
11.3468143665408
5.78935908601928
6.95687220431281
5.25390770478842
14.4315514122612
10.9860752996078
8.25678957355523
5.22176425734065
14.1684916865959
11.2765254716035
8.31928558351333
10.7023677578584
7.1581329810925
7.74951926646191
7.7308887270758
8.97787756471796
9.09475904199618
14.8218156313084
5.01066146079086
6.69413773850088
5.43012714861081
11.6057170459714
9.73340729210081
6.33386626136174
10.2230792757807
12.4275739956819
9.95347582761922
14.2074108371144
5.10932659034243
9.84015282805857
6.51032422107558
8.69605078236656
14.7306455692327
7.01912530073587
11.4461286638659
7.14010506406511
8.33804000898271
9.20390015625854
6.10173083388508
8.6003285792851
13.8036966482709
14.8273788226517
7.5527253934315
6.34183943882778
9.20261692900251
13.3449888314796
6.25771028664411
8.94368646409264
7.31818031908259
5.65324936699993
11.1847783872203
12.2756459803551
10.5478694874551
8.87815840972481
11.4021529258658
13.2398284387397
10.7141726753005
7.961019454316
9.86629442980781
5.52792513872958
13.317066331279
6.8681739843254
8.74893755826368
8.83148401040626
11.2448304123077
12.3242327863648
12.570326626005
12.264910969149
5.5796852644526
13.2524001943685
5.71374343807504
10.5251350828664
10.7804710033179
8.5679709744517
14.8596555701636
5.40351423750966
9.71545643549802
13.8474580373346
13.8393574142913
14.9540728500753
12.3426581697442
11.6426368175106
13.2353703419426
10.4034578111901
13.8948074564929
10.7700779529097
7.33032748041926
11.8799977888283
8.08576128545251
11.3833809514208
10.7403391941186
12.2676315689276
8.93015758535382
9.40434630374517
8.58169716118329
14.3457529950904
12.8213850264178
13.1642334227111
10.3337584764594
14.3135387033429
9.25310311200231
10.6572693042434
13.1413810051551
10.2500252153562
9.08014260666628
10.5641664234761
11.5809551213847
10.7837440238268
7.3175413938762
14.3200181374885
10.9772050653447
10.4878777072494
13.9194488965848
8.98198362674205
9.66407444450266
11.909600919003
11.8545842837308
9.36206952435313
7.05597792031142
5.0639462239838
6.93819217170119
11.093882193225
12.2833581474525
11.8531201411794
14.8981511972326
12.6741922576361
8.69145456028839
11.1001588166694
10.3016844828693
14.5143465630064
9.92219963787042
8.51516848999639
7.42039263911485
7.46011969196857
9.05118660600356
13.210786919987
7.65018850432403
7.901463670415
12.6116473438977
5.65876630086138
8.78388754446708
6.02116803687388
12.2188700917423
8.81008154378869
13.023429076059
13.0288042463516
8.19932296525063
12.5230702517602
8.83105063958543
11.7949986142157
11.2166561171142
14.8956487937127
5.01253260580376
8.87315433108376
13.8356502282999
11.4399131349553
6.43065260828756
13.2411228834025
10.4762897347934
14.0482069273072
6.28647086033841
14.2242042655508
14.9133245342417
7.54326807689819
6.70979429690551
7.9405517236311
9.23242626229194
14.4354521948694
7.7846029656091
9.28944846877023
13.4656250699353
10.4041160570969
11.4342947222051
8.8902584114994
10.9419299296249
7.46442360723292
5.54270401872705
14.2313185933127
5.10456957137613
14.3602055918458
12.5676581142307
11.7965617956803
10.3945200861171
12.7825571198613
10.5084965178373
9.68686866150221
13.1456607937662
5.53795672890108
7.36857741944051
10.9693196827758
11.3805865110186
5.46345021423828
11.6178692522526
9.63253885243618
6.29194037574435
8.51513734672838
14.5034532093726
5.11859175043797
12.350886240816
11.3322937938865
12.449745278039
12.4835271814089
12.451683117334
9.86688272907288
11.5352852141072
10.773090268172
8.92734323551624
5.95914665734141
12.5318477152614
6.15109439012516
9.87991958261371
13.6744242312313
12.4248143433312
8.29451829636273
6.10746844893206
13.4527764601879
8.90871425538078
6.87693154841664
11.2034066491875
8.29171118815813
13.2002986060163
6.04208900107671
12.9792514848379
10.6206746397097
14.067163809957
8.41824647225855
10.1963649345193
7.81413366897059
8.79353509215974
10.6696057830794
7.09837454590943
5.67845555943909
14.2693719000265
14.1418990675089
11.3645137902256
7.24381700627457
10.8110598288481
9.3229083412075
11.8349284581177
11.0815238825727
14.8662116559472
8.18591918602538
10.0459044955475
12.2889240077935
14.166965962917
10.1976975689557
14.3785860804211
13.9734027558024
8.02989453954183
9.41464198142694
14.0981985510452
13.719637974512
9.96481724357438
8.6503151384179
9.90313544958671
7.63329379630532
5.34506329827251
13.7786276886435
11.4062600080943
12.9861232360486
9.11454075859484
5.85055536523617
14.3521526390314
6.00742713658589
6.58944915924012
5.23321975216243
7.72612315813216
12.2567964268284
10.6240214033306
8.34675234585434
12.5269023933536
8.20274452378044
11.1697177152008
8.49476079652887
9.27102347827487
13.1112008162959
13.8318674027367
6.49809046184811
7.94895407881073
9.6447816217097
13.5535566234187
14.116933903234
6.87242522940671
12.9390144275382
8.72686403977073
9.01365773173874
12.7420539321806
8.92283126964638
7.40398272931576
7.79087716457359
11.2478892870729
6.15261105039377
14.378120264445
14.4543106539525
6.41569306899003
13.5703864712325
13.5559222326622
14.6161472174657
7.4630810678748
14.8960995839623
11.8085339743524
13.05496240662
10.0878013551018
5.05705777211633
11.5984881541495
10.013310538501
11.7740321401954
13.6033449508886
14.3043878112474
13.2834682102616
14.5857489455933
8.01489862493294
7.79051032609004
13.1641290223068
5.17771211119162
14.772933173188
14.6290085045774
7.02528334650898
14.9421232997352
7.61664790081868
7.46302037299283
14.836932646403
8.38992467636566
11.6044116610423
10.2675087630428
12.1516833272811
11.1605194558739
5.12387394187993
13.4640244317254
13.8301043877776
9.07796910146691
12.0360716340953
9.04617249812802
7.23667051462974
13.9062344588683
11.5579848602734
12.143700791434
12.3483275734862
14.5549610309686
11.0644148580973
11.6250914120203
8.14843175618917
8.28167108781017
10.016167887748
12.9690887261149
11.9431521284915
11.7683442960534
10.2759051477614
6.58242778847062
9.97033624919458
14.993011159811
5.49243566320685
8.91210584812749
13.5540625146499
6.2429646401089
6.96167810429758
7.19336502805571
12.3170490711331
9.20982798729005
14.3934340999993
11.3026401580456
6.97728411771912
14.2520044063563
9.32360718163009
7.42356124824301
5.4032814912354
7.18882656191429
11.2340123673007
9.45318573500573
13.0982319750629
14.1012138609409
8.41642879598455
8.23886855696736
6.00192697697969
6.54767443679774
5.41474650761807
5.66678530662647
14.772297963394
8.09877803413509
12.2128726839906
8.13510322333014
14.6944170317624
6.05190131792997
5.89069750689872
12.8601736880649
8.72850905960916
10.219783818832
6.42260606895488
14.219738163891
10.9652327917012
14.5758160713947
10.338010251399
7.92862109123178
14.0304931264475
13.1218682335781
5.28182250168143
13.3844985460061
5.27834499474696
11.1448979533489
8.88951870858282
6.07095137668003
5.5909238330094
12.0469796554796
6.4585966165767
12.8385214194247
14.7107881584284
11.9904243373237
5.6133094926511
7.22342012821338
8.44792351636242
5.86998988777131
7.40259655259557
14.6295456437942
7.51952166938711
7.9488357896957
7.49667511641092
7.30835971488902
12.2254944069821
11.80929225018
14.4545683433117
11.3412118725035
10.6560537273908
13.7560220473074
13.3984806501835
14.0593091068134
5.83051914190513
12.4440077361178
5.03231218679964
9.8866190770268
13.6245816108054
6.68044389948596
11.9338901884071
7.00347345485032
10.8062306039963
14.8763213501699
5.31552995078596
5.06784902920757
14.6299119663926
14.3106784755465
14.311541088081
12.6208136840136
12.1631881652866
9.74371736818044
11.2059926131121
5.523335747918
8.32696486073052
14.5985313160028
9.2870195027404
13.3084056910199
12.3137187240265
12.3099607188984
13.4980451013559
10.4973967989287
13.0120209935302
7.62096505405769
12.9802401963648
5.2473541666274
12.7762023629661
14.682735195404
12.572389711495
9.70991518345424
13.9048907609137
5.77586712324972
13.592242193356
7.94128353803751
6.72404968032056
10.836637116742
7.57008494110448
12.8910506426034
6.72480413766705
13.7925149638032
8.79808731121879
7.93620532739587
12.5167381673732
6.30072725684297
5.37654534809555
11.9395477864715
8.46273281772748
14.5096079428159
13.13125344582
10.0077117988328
6.21622189750712
7.48519288035417
5.15037718505563
6.05815164966388
9.11200832185559
6.5039504149087
13.2578425914565
5.85119858420181
14.0669212650385
13.090501971585
10.9721643411644
5.8172080731508
5.03239195928694
10.0561145509884
9.49451784884639
10.8401930157482
10.8691965718062
9.28258760741311
6.72106653056993
11.5745968742814
11.5257748438099
11.4440011654962
7.88435734459625
5.66560865164455
