0.359182728726552
0.0376172039390781
0.238270347613849
0.0431015907751942
0.120431781836544
0.173891928288867
0.506779732345763
0.386015486911873
0.17393569564851
0.32163033414696
0.256713239626293
0.582271694301824
0.256258732429927
0.353445837892451
0.506853800185183
0.0595278175237866
0.499002609207992
0.0643556939651546
0.200401481356806
0.0757251073142129
0.36822573857421
0.255100580759205
0.223157141654752
0.393839744129281
0.051148051510836
0.304234492046135
0.0438961366888293
0.46361838229106
0.302864237017104
0.252046965743631
0.466557528827536
0.0461013382711997
0.0743481188452222
0.0826639171787065
0.313445837892431
0.284354010605171
0.0858892349128837
0.274641023482872
0.0596119855231052
0.296770473865848
0.493026681255799
0.146022220351824
0.224157057486764
0.107193838902447
0.185268075077857
0.202081474623355
0.116199814830395
0.2205243666358
0.0905184748758643
0.395600538675211
0.479132227926954
0.0468554835451584
0.488400808012813
0.159142328086858
0.166390876188871
0.3790901439273
0.092339870381295
0.166087871391312
0.211861796145115
0.31710546250315
0.135911960272722
0.0571778469825972
0.0764994529080241
0.370370339197052
0.13376735964988
0.0642176584462675
0.0586221698510201
0.340672502314618
0.0315099739079301
0.505988553152093
0.116199814830395
0.0826639171787065
0.146022220351824
0.520606851275147
0.0951712818786348
0.382500631260001
0.0650660718794711
0.336945543304438
0.0597365541621286
0.224941503240473
0.0891145526470893
0.155974244592215
0.036112280111098
0.147675279858618
0.127673596498624
0.299069943607435
0.242128608702984
0.0900538675195719
0.0936023903711884
0.135460819796322
0.0383713492130369
0.187776281457786
0.136693039306465
0.159485733524122
0.0979185253766559
0.138524534971822
0.106055887551548
0.0928482450972297
0.118596919451221
0.158165979294665
0.0478318323373514
0.0394352327245144
0.0606253682350086
0.130700277754414
0.0461787728305865
0.0237496843700171
0.146368992509053
0.0418491709452269
0.111102600791185
0.0485253766518099
0.0291027691271779
0.0447277165221749
0.134302668125599
0.0770111943439247
0.0852428246780619
0.232688325898494
0.0471551216227795
0.121344162949242
0.0389840922481426
0.137790590017687
0.0240190219678595
0.0469665853042613
0.0537639929299019
0.0815832000673424
0.044084673007319
0.120246612238049
0.116805824425569
0.111634542546938
0.0597735880818107
0.115196532278446
0.0342841511657355
0.0360584125915295
0.0564573689083545
0.067678646578571
0.0437951350896526
0.174895210840845
0.322515781499874
0.0323920545408782
0.0706783940745765
0.0609048059927773
0.0540838313273468
0.0271770053026046
0.0302575540779344
0.0704258900765922
0.0339373790085062
0.0773242993014094
0.053225317734217
0.155233566198149
0.0786137530510871
0.0270524366635811
0.0619552226243627
0.083603232051189
0.0658202171534583
0.0683856577729216
0.0888990825688154
0.0406270515949814
0.0350483965996204
0.0210866088713146
0.027591111859266
0.0374051005807701
0.134063631007507
0.0893131891255052
0.0768462250652249
0.214915411160689
0.0353951687568497
0.0401052099991546
0.0657697163538558
0.0779168420166627
0.0266585304267437
0.0334727716522139
0.0447714838818456
0.0840745728474133
0.230819796313455
0.027446342900447
0.0848657520410825
0.0528718121370275
0.0363008164295877
0.0470675869034665
0.0267090312263463
0.0652781752377791
0.0459195353926418
0.0665137614678883
0.0197197205622501
0.0323920545408782
0.0791355946469139
0.0461922397104786
0.0438961366888293
0.0389840922481426
0.051949330864403
0.132218668462258
0.0419165053446875
0.0361223802710242
0.106544061947659
0.0462831411497291
0.0635173806918772
0.0668302331453674
0.0509931823920624
0.0389201245686479
0.0228238363774267
0.0462595741099392
0.027591111859266
0.0714258059086035
0.0447714838818456
0.0699814830401522
0.0214333810285439
0.0378023735376019
0.0193796818449812
0.0818895715848953
0.0243826277249468
0.064483629324144
0.0631335746149375
0.0302575540779344
0.0286650955306982
0.0437951350896526
0.0554372527565192
0.0459767696322047
0.0435055971719578
0.0311228011110245
0.01468310748254
0.0712709367898299
0.0307726622338294
0.0612886120696885
0.0714291726285694
0.0644364952445073
0.0547437084420608
0.0463471088292238
0.0543397020452971
0.0291027691271779
0.0858858681929178
0.212629408298966
0.027446342900447
0.214460903964323
0.0645644306034967
0.0385565188115606
0.0760651460314818
0.0495858934433215
0.0448051510815617
0.0281264203349849
0.0608206379934302
0.0438961366888293
0.0191103442471103
0.0218508543051996
0.0363008164295877
0.0531074825351538
0.0445694806834638
0.0320621159835071
0.0327287265381813
0.0286112280111297
0.129639760962903
0.111132901270935
0.0233961787728276
0.034334651965338
0.0639786213281752
0.0224703307802372
0.0310958673512403
0.0258942849928587
0.0527337766181404
0.0730754986954025
0.0519762646241873
0.0418424375052666
0.0269581685043363
0.0427884858177094
0.0594436495244679
0.0468925174648689
0.0803880144769096
0.0394554330443668
0.0240257554077914
0.0182585640939408
0.0533263193333937
0.0365701540274586
0.0350349297197283
0.0246115646831129
0.0363445837892584
0.0383410487332867
0.0266719973066358
0.0550096793199373
0.0428827539769543
0.0675843784193262
0.0290691019274618
0.0648371349213051
0.0204738658362089
0.0196254524030053
0.0332606682939343
0.0466568470667426
0.0627093678983215
0.0656552478747585
0.05617456443062
0.0425595488595434
0.0809132227927023
0.038297281373616
0.076290716269682
0.0720520158236013
0.0859633027523046
0.0235712482114252
0.0268504334651993
0.111839912465285
0.126256207389957
0.0922759027018003
0.0644465954044335
0.104082989647338
0.0279580843363476
0.030304688157571
0.0354860701961286
0.0415023987879977
0.0219585893443366
0.0217767864658072
0.0337353758101244
0.106951435064389
0.0510032825519886
0.0321866846225021
0.0235039138119646
0.0256114805151242
0.0442395421260926
0.0376643380186863
0.021675784866602
0.0192483797660259
0.0307221614342268
0.0412566282299451
0.0321227169430358
0.04418904132649
0.023628482450988
0.0302104199983262
0.0201607608787242
0.027446342900447
0.0286650955306982
0.0381828128945472
0.0361627809107006
0.0602920629576715
0.0147571753219609
0.0232615099739064
0.0319442807844439
0.0701868529584999
0.0713281710293927
0.0454178941166674
0.0425494486996172
0.0282543556939743
0.0239415874084727
0.0270827371433313
0.0457646662738966
0.0245071963639418
0.0304494571164184
0.0572249810622054
0.0962216985102202
0.026382459388941
0.0263858261089069
0.0221302920629682
0.0779976432960154
0.0305033246359869
0.0437850349297264
0.0189925090480756
0.0165045029879707
0.0192483797660259
0.0177602895379323
0.026806666105557
0.0214333810285439
0.0306952276744425
0.0288771988889778
0.01904974328761
0.0287829307297329
0.0327152596582891
0.0427884858177094
0.0899831664001454
0.0775397693796833
0.0307995959936136
0.100672502314637
0.0879429340964748
0.0404385152764917
0.0325300900597654
0.027341974581276
0.026577729147391
0.018622169851028
0.020275229357793
0.0254835451561348
0.026682097466562
0.0223625957411002
0.047794798417641
0.0218407541452734
0.0182652975338726
0.0298097803215285
0.0389302247285741
0.0195345509637264
0.0241907246864912
0.035438936116492
0.0449128861206987
0.0297188788822496
0.0320318155037569
0.0351527649187915
0.0574101506607292
0.0233961787728276
0.0196490194428236
0.0460508374715971
0.0295303425637599
0.0245677973234706
0.0188443733692623
0.0282947563336506
0.0189790421681835
0.0498181971214535
0.0494040905647637
0.0151847487585428
0.0300690177594447
0.019386415284913
0.0217700530258469
0.0192147125662814
0.019473950004226
0.0132219510142306
0.0181945964144461
0.0391254944869956
0.0730014308559817
0.0182484639340146
0.0202987963976113
0.0152891170776854
0.0229787054961719
0.0182652975338726
0.0426201498190437
0.016864742025092
0.0229888056560981
0.0185144348118911
0.0495488595236111
0.0228373032573188
0.0680287854557662
0.0199924248800585
0.0916564262267627
0.0302844878377186
0.0383477821732185
0.0436671997306632
0.0611135426310909
0.062194259742455
0.0266315966669595
0.0574707516202295
0.0221471256628263
0.0356207389950498
0.0447108829223168
0.0218407541452734
0.120132143758951
0.0682711892938244
0.0201270936789797
0.0201439272788662
0.0298165137614888
0.0290085009679331
0.046017170271881
0.0475153606598724
0.0128953791768538
0.0330350980557341
0.0182215301742303
0.0440072384479606
0.0329239962966028
0.0488923491288631
0.0384319501725656
0.0212212776702359
0.0297054120023574
0.0443540106051614
0.0344457537244409
0.0249415032404841
0.066365625789075
0.07124736975004
0.0491549532867737
0.12085598855316
0.11228768622172
0.0194167157646632
0.0440510058076029
0.0225006312600158
0.0191642117667072
0.058800606009612
0.0321159835030755
0.069399040484825
0.0220360239037234
0.0307928625536533
0.0210125410318938
0.0182652975338726
0.0140366972477182
0.0194234492046235
0.0294461745644412
0.0216522178267837
0.0289512667283987
0.0198712229610294
0.0185144348118911
0.0290825688073539
0.0820175069438562
0.0701397188788917
0.038260247453934
0.084795050921656
0.0200227253598371
0.0887206464102519
0.0285203265718508
0.013494655332039
0.0252748085178212
0.026597929467215
0.0208711387930407
0.0143599023651291
0.0230393064557006
0.0220831579833316
0.0311497348708087
0.0179387256964958
0.0144171366046635
0.0208442050332565
0.024163790926707
0.0189386415285071
0.0994975170440284
0.0181205285750536
0.12133742950931
0.0577636562578903
0.0185144348118911
0.0144642706843001
0.0171980473024291
0.0217498527059945
0.0464986112280315
0.0193089807255262
0.0182349970541225
0.0160163285918884
0.0448691187610564
0.0279244171366031
0.0303282551973894
0.0197702213618527
0.0489630502482896
0.0447310832421692
0.0365129197878957
0.0296852116825335
0.0640055550879595
0.116152680750787
0.0554237858766271
0.0290960356872461
0.0186996044104149
0.0452192576382515
0.0859161686726679
0.0240223886878255
0.114664590522693
0.0982551973739589
0.0710386331116979
0.026150155710809
0.0175010520999876
0.0341191818870641
0.0273958421008444
0.112008248463951
0.109452908004386
0.036075246191416
0.0418761047050111
0.0339744129282167
0.0229989058160243
0.0322506523019968
0.017969026176246
0.0447108829223168
0.018305698173549
0.0144171366046635
0.0248741688410234
0.0528347782173171
0.0194806834441579
0.0526664422186798
0.033698341890414
0.0242142917262811
0.0153227842774299
0.0378932749768524
0.0211202760710592
0.0218542210251655
0.020470499116243
0.0234668798922826
0.0233153774934749
0.0471854221025296
0.0520940998232504
0.0218272872653813
0.0160769295513887
0.0257023819543747
0.029207137446349
0.0425831158993333
0.0528785455769878
0.0987400050500753
0.014471004124232
0.0131344162949461
0.016864742025092
0.0217431192660626
0.0335300058917767
0.0193089807255262
0.018268664253867
0.0153227842774299
0.0150938473192639
0.01860533625117
0.0390143927278928
0.0538245938894022
0.0203896978368903
0.0172990489016058
0.0171610133827187
0.0125317734197665
0.0201540274387639
0.0248775355609894
0.0133801868529702
0.0192113458463155
0.0238641528490859
0.0285135931318905
0.0258235838734322
0.0278806497769608
0.0467746822658057
0.0359372106725004
0.026469994108254
0.0342437505260591
0.0220629576635076
0.0279075835367451
0.017969026176246
0.0191103442471103
0.0790278596077769
0.0749507617204017
0.0403139466374967
0.0635577813315535
0.0571071458631423
0.0208812389529669
0.0186356367309202
0.0177333557781481
0.0174236175406293
0.0358496759532159
0.0334323710125375
0.0133801868529702
0.0236756165305962
0.0180228936958144
0.0180026933759905
0.0128011110176089
0.0161072300311389
0.0324930561400549
0.0146528070027898
0.0152823836377536
0.0456333641949414
0.0306783940745845
0.0539525292483916
0.0151578149987586
0.0137269590101994
0.0145147714839027
0.0146898409225003
0.0143127682854924
0.0145821058833633
0.0286448952108458
0.0229181045366715
0.0452933254776724
0.0253623432371057
0.0452259910782118
0.0172990489016058
0.0399166736806649
0.0313147041494801
0.0193460146452367
0.0263723592290148
0.0262343237101277
0.0118550627051661
0.0199048901607739
0.0153059506775719
0.0253286760373896
0.04065735207476
0.0248539685211711
0.0481920713744728
0.0161779311505938
0.041118592711058
0.021783519905739
0.0344558538843671
0.0182114300143041
0.0185683023314596
0.0315234407878222
0.0194234492046235
0.0796136688830984
0.0839500042084183
0.0339811463681485
0.0248472350812392
0.0532791852537855
0.0462360070701209
0.025069438599445
0.0291431697668543
0.0668908341048677
0.0232884437336907
0.0127809106977566
0.025921218752643
0.0153227842774299
0.0232648766939008
0.0183258984934014
0.0226487669388291
0.0116698931066423
0.0205546671155616
0.0160095951519281
0.0171610133827187
0.0193830485649471
0.0122826361417481
0.0426033162191857
0.0179353589765299
0.0171475465028266
0.0118550627051661
0.013030047975775
0.0143834694049474
0.0164068681087599
0.0167704738658472
0.0264363269085095
0.028355357293151
0.0283284235333667
0.0304528238363844
0.0150702802794456
0.0142286002861738
0.016864742025092
0.0139626294082973
0.0145821058833633
0.0144171366046635
0.0275406110596919
0.0165348034677208
0.0148346098813192
0.0128583452571434
0.023948320848433
0.0148750105209956
0.0128078444575408
0.0145888393232951
0.014895210840848
0.0160398956316783
0.0148346098813192
0.0145652722834768
0.0297996801616023
0.0211539432707752
0.0158277922733987
0.0150096793199168
0.021675784866602
0.0143935695648452
0.0128078444575408
0.0142993014056003
0.0138649945290865
0.00917852032657152
0.0185144348118911
0.013814493729484
0.0144777375641922
0.0231504082148035
0.115991078192081
0.0238809864489724
0.0172384479421055
0.0132556182139751
0.0756173722750759
0.0144407036444818
0.0141006649272128
0.0144373369245159
0.0251805403585763
0.0155483545156301
0.0151376146789062
0.0150433465196613
0.0502188367982512
0.0547268748422027
0.0307861291137215
0.018480767612175
0.0352739668378206
0.0146023062031873
0.012838144937291
0.0136360575709205
0.0174370844205214
0.0150568133995534
0.0169489100244107
0.00843110849254458
0.0128549785371774
0.0281937547344455
0.0316816766265617
0.0265238616278225
0.0141343321269289
0.0216926184664601
0.0132320511741568
0.0193224476054183
0.0132219510142306
0.015356451477146
0.02733860786131
0.0499865331201192
0.0243960946048389
0.0394419661644747
0.0117877283057055
0.0128785455769673
0.0130367814157069
0.0103770726369987
0.0143161350054868
0.0116597929467162
0.0190632101675021
0.0145417052436869
0.00937715680498741
0.040441881996486
0.0436537328507711
0.013494655332039
0.0136730914906309
0.0132320511741568
0.0147740089218189
0.0143498022052029
0.0142993014056003
0.0179016917767854
0.0148615436411035
0.0243859944449127
0.0701868529584999
0.0663757259490012
0.0131445164548438
0.0210159077518881
0.0142858345257082
0.0154608197963171
0.0228238363774267
0.0184706674522488
0.0326782257385787
0.0278638161771028
0.0270187694638651
0.0210664085514622
0.0298266139213865
0.019581685043363
0.0495926268832534
0.0198880565609159
0.0176660213786874
0.0258370507533243
0.0515352243077132
0.0265002945880042
0.0295034088039756
0.0375667031394755
0.0138952950088367
0.0162587324299466
0.017312515781498
0.0232110091743323
0.030287854557713
0.0274530763403789
0.0123634374211008
0.0128112111775067
0.0155752882754143
0.0130940156552413
0.0281668209746613
0.0113870886289078
0.0462090733103366
0.0203055298375716
0.0413205959094398
0.012838144937291
0.0131344162949461
0.0128011110176089
0.0125317734197665
0.0118786297449844
0.0266652638666756
0.0111682518306679
0.0113433212692655
0.0285607272115271
0.0138885615689048
0.0143397020452767
0.0123499705412087
0.0232581432539405
0.0412700951098373
0.0104578739163514
0.0131748169346224
0.0205445669556639
0.0192988805656285
0.0215209157478284
0.0323348203013154
0.0198981567208136
0.045609797155123
0.0127169430182619
0.0221100917431158
0.0223491288612081
0.0541511657268074
0.0404149482367018
0.0279075835367451
0.0154372527564988
0.0204469320764247
0.0128583452571434
0.0128953791768538
0.0158075919535463
0.0191608450467129
0.0152924837976798
0.0101649692786907
0.00917852032657152
0.00941755744466377
0.0682038548943638
0.103658782930751
0.0115554246275735
0.0159624610723199
0.0120637993435082
0.0245273966837942
0.0268571669051596
0.020786970793722
0.0192180792862757
0.0125250399798063
0.0125317734197665
0.0203055298375716
0.0134205874926465
0.015659456274733
0.0153530847571801
0.0599991583200108
0.0565045029879627
0.0170499116236158
0.0235039138119646
0.0138313273293704
0.0127977442976146
0.0275810116993682
0.0121648009426849
0.0239348539685409
0.0129492466964223
0.01226580254189
0.0130031142159908
0.0103602390371123
0.0140669977274683
0.0120435990236558
0.0167199730662446
0.0104982745560278
0.0137404258900915
0.0120772662234003
0.0138885615689048
0.0173764834609926
0.0106935443144494
0.0111749852705998
0.0139861964481156
0.0170297113037634
0.0106127430350966
0.0130031142159908
0.0236352158909199
0.0165247033078231
0.0166459052268522
0.0449263530005908
0.0355332042757368
0.0243152933254862
0.0215444827876468
0.012838144937291
0.00991246528070633
0.0097441292820406
0.0228575035771428
0.0170903122632922
0.00972729568218256
0.0531849170945407
0.0123836377409248
0.0589925090480676
0.0135485228516075
0.00903375136772411
0.0103568723171463
0.00861291137110243
0.0106868108745175
0.0101212019190484
0.0207667704738697
0.0199048901607739
0.0249145694806998
0.0179858597761324
0.0113365878293052
0.0206321016749484
0.0163193333894469
0.03128440366973
0.0354793367561683
0.025938052352501
0.0261097550711327
0.0349541284403756
0.0232413096540824
0.0191911455264915
0.0241536907667808
0.0108585135931492
0.0250088376399447
0.0238944533288645
0.0143531689251688
0.0163698341890495
0.0101245686390143
0.0192685800858499
0.0188309064893701
0.0226689672586531
0.0154069522767486
0.00884184832926849
0.0101212019190484
0.0233860786129299
0.0381255786550128
0.0159119602727174
0.0181238952950196
0.0200126251999109
0.0165415369076811
0.0143498022052029
0.00945122464440828
0.0105959094352386
0.0103804393569646
0.00901691776786606
0.0103097382375381
0.0132084841343385
0.0138313273293704
0.0458959683528519
0.0383208484134343
0.0195379176836923
0.00986196448110377
0.00851864321185758
0.0194099823247313
0.0145720057234371
0.0224130965407028
0.0164708357882546
0.0137336924501312
0.0114409561484763
0.00928625536570848
0.0093098224055268
0.0149558118003483
0.00960272704318754
0.0171273461830026
0.0180397272957009
0.0109460483124337
0.0191137109671047
0.0133902870128964
0.0104646073562833
0.0118550627051661
0.0117708947058475
0.00799006817609893
0.00827287265383347
0.0160971298712411
0.00930308896559495
0.0110436831916445
0.011292820469663
0.00841764161265246
0.00922565440620815
0.00977106304182485
0.0114544230283684
0.0375869034592995
0.0277190472182554
0.0188410066492679
0.0207297365541592
0.018393232892862
0.00808433633534378
0.0108585135931492
0.011609292147142
0.0457680329938626
0.0750719636394308
0.0102424038380775
0.00927278848581636
0.00808433633534378
0.0122927363016743
0.0104309401565672
0.0171172460230764
0.0138784614089786
0.0100808012793721
0.00769043009847792
0.0111749852705998
0.00846140897232317
0.0174640181803056
0.0171509132227925
0.00978452992171697
0.0232110091743323
0.0104848076761357
0.00776113121790445
0.00968352832254027
0.010225570238191
0.0110133827118943
0.012605841259159
0.0213088123895488
0.028230788654156
0.0138582610891547
0.0133330527733335
0.0106262099149887
0.0348497601212046
0.012410571500709
0.0441991414864162
0.00966332800268788
0.0128145778975011
0.0143262351653846
0.00918188704656586
0.0170196111438372
0.0103636057571066
0.0147975759616372
0.00913475296692923
0.0102154700782933
0.0120839996633322
0.0104747075162095
0.0163294335493731
0.0120873663832981
0.0138851948489389
0.00948489184412438
0.00986869792106404
0.00833347361333381
0.00956232640351118
0.0100000000000193
0.00886204864912088
0.00799006817609893
0.0114039222287659
0.0104343068765331
0.00971382880229044
0.00961282720311374
0.0108820806329391
0.00839744129282849
0.0107945459136545
0.00926268832591859
0.00777123137783065
0.00880481440955805
0.00825267233398108
0.00927952192577663
0.0105824425553465
0.0131310495749517
0.0140467974076444
0.00930645568556088
0.00922228768624223
0.00903375136772411
0.00923575456613435
0.00793620065653045
0.0104275734365729
0.0109123811127176
0.0187972392896256
0.0113399545492996
0.00820217153437852
0.0107676121538702
0.0100538675195878
0.00788569985692789
0.009764329601893
0.00910108576718471
0.00841764161265246
0.0175380860196981
0.0120065651039454
0.00821563841427064
0.00984849760121165
0.0105959094352386
0.00917852032657152
0.00928625536570848
0.01557192155542
0.0132488847740149
0.0127169430182619
0.00941082400473192
0.00956232640351118
0.0101077350391563
0.0106733439946254
0.00991246528070633
0.00947815840419253
0.00869371265045515
0.00819543809444667
0.00943775776451616
0.00982829728138768
0.00847487585221529
0.00746485986027778
0.0099191987206666
0.0139828297281497
0.0136158572510681
0.0148009426816031
0.0209721403922174
0.00878124736976815
0.013030047975775
0.00900681760793987
0.0134811884521469
0.00824593889404923
0.00920208736638983
0.00923238784614
0.0119021967848028
0.00900008416800802
0.00917852032657152
0.00903375136772411
0.00996296608030889
0.00857587745139199
0.0113567881491576
0.0119089302247346
0.0131983839744123
0.0154978537160275
0.0114577897483343
0.0101043683191619
0.00827287265383347
0.0098316640013536
0.00909098560728694
0.00883848160930256
0.00792273377663832
0.00883174816934229
0.0104141065566807
0.00907415200740047
0.014895210840848
0.0147066745223583
0.00974076256207468
0.00811800353505987
0.00760289537919334
0.00788906657689381
0.00801700193588317
0.00825267233398108
0.0108383132732968
0.0111009174312073
0.0113332211093393
0.0108282131133706
0.00892601632858714
0.00778806497768869
0.00814830401481004
0.00797660129620681
0.0115857251073237
0.00827287265383347
0.0101649692786907
0.0122624358218957
0.00976096288192707
0.00911455264707683
0.00809443649524155
0.00982156384142741
0.010333305277328
0.0119257638245927
0.0088654153690868
0.0108113795135125
0.0134778217321809
0.0152184159582589
0.00734029122128277
0.00931318912549273
0.00774093089808048
0.00851190977192573
0.0138212271694442
0.00922565440620815
0.00826277249390728
0.00984513088124572
0.00827287265383347
0.00857924417138634
0.0092424880060662
0.00802710209578095
0.00766349633869368
0.0123331369413506
0.0148043094015691
0.0105959094352386
0.00922902112617408
0.00789916673682001
0.0109763487921839
0.0120839996633322
0.00798333473613866
0.00862974497096047
0.00823920545408896
0.00825940577394135
0.00824930561401516
0.0127169430182619
0.0117978284656317
0.0125688073394485
0.0120065651039454
0.0122321353421455
0.0131445164548438
0.00870381281038135
0.00851864321185758
0.00926605504588451
0.00815840417473623
0.00765002945880155
0.0184639340122885
0.0172788485817819
0.0183696658530437
0.0182114300143041
0.00789916673682001
0.007599528659199
0.00761972897905139
0.00843447521253893
0.00789916673682001
0.0126361417389091
0.00930645568556088
0.0169354431445186
0.00863647841092074
0.0138212271694442
0.00777123137783065
0.00730325730157233
0.00855231041160209
0.0098417641612798
0.0128751788570014
0.00955895968354525
0.00600707011196278
0.0124038380607772
0.0118752630250185
0.00883511488933664
0.0087879808097
0.00820217153437852
0.0112187526302705
0.0106363100749149
0.00837050753304425
0.0104107398367148
0.0463100749095133
0.0409165895126762
0.0137740930898076
0.0122153017422875
0.00976769632185892
0.0107137446343017
0.0127842774177225
0.0117910950256714
0.00902028448783199
0.00951855904386889
0.0105521420755963
0.0213761467890095
0.0139626294082973
0.0118146620654898
0.00924922144602647
0.0146191398030453
0.00721235586232183
0.00894958336840546
0.00772746401818836
0.00815503745477031
0.00742445922060142
0.00986869792106404
0.00916505344667939
0.00859607777124438
0.0108113795135125
0.00688578402491657
0.0164439020284419
0.00693628482451913
0.00839070785286822
0.00606093763153126
0.0100235670398092
0.00997643296020101
0.00954549280365313
0.0102760710377936
0.0140568975675421
0.0136596246107388
0.011380355188976
0.00940072384480573
0.00945795808434013
0.0102794377577595
0.0148682770810638
0.0128044777375749
0.00635047554919765
0.00927952192577663
0.0223019947815999
0.0172620149819238
0.0209418399124672
0.00814157057487819
0.00700698594394567
0.00903038464775818
0.0144811042841582
0.00893274976854741
0.00841764161265246
0.00937715680498741
0.00858261089135226
0.00804730241563334
0.00962629408300586
0.0133094857335436
0.0134306876525727
0.00817523777459428
0.00745475970038001
0.0197668546418583
0.010632943354949
0.0161812978705598
0.00968352832254027
0.00874084673009179
0.00838060769297044
0.0077442976180464
0.00733019106135657
0.0082661392138732
0.0136293241309602
0.00718878882250351
0.014346435485237
0.00941082400473192
0.00789916673682001
0.0093872569649136
0.00602727043178675
0.00809443649524155
0.00773756417811455
0.00819543809444667
0.0105420419156701
0.0117809948657452
0.0132354178941227
0.00764329601886971
0.00980136352160343
0.00785203265718337
0.00753556097973274
0.0181238952950196
0.0116126588671079
0.0235712482114252
0.00728642370171428
0.00797996801617273
0.0109965491120363
0.00762982913897758
0.00804393569566741
0.0191844120865312
0.00770389697837004
0.0182518306539805
0.00688578402491657
0.00795976769632034
0.00899335072804774
0.0111143843110995
0.0126731756586196
0.00783856577729125
0.00712145442304291
0.00842100833264681
0.00780489857757516
0.0076668630586596
0.00799343489606485
0.00785876609714364
0.00757932833937502
0.0101784361585828
0.0102020031984011
0.00969362848246647
0.0140804646073605
0.0192382796060997
0.00654574530764762
0.00728979042168021
0.00795640097635442
0.00988216480095616
0.00688578402491657
0.00728979042168021
0.0076769632185858
0.00811463681509395
0.0081651376146965
0.00795640097635442
0.00770726369833596
0.00770389697837004
0.00781836545746728
0.00635047554919765
0.00607777123138931
0.00778469825772277
0.00600707011196278
0.00965659456275603
0.00772746401818836
0.0128246780573988
0.0094209241646297
0.0125284066997722
0.00924585472603212
0.00772746401818836
0.00596666947228641
0.0330148977358817
0.024625031563005
0.00635047554919765
0.0110537833515707
0.0127203097382562
0.0193460146452367
0.00910781920714498
0.00606430435149719
0.0209182728726489
0.00708442050333247
0.00803720225570714
0.0120267654237978
0.00771063041833031
0.00588923491289961
0.00718878882250351
0.009764329601893
0.006798249305632
0.00794630081642822
0.00787559969700169
0.00895295008837138
0.00706422018348007
0.00806076929552546
0.012390371180885
0.0107541452739781
0.00868024577056303
0.00872737985019967
0.00742445922060142
0.0156055887551645
0.0281567208147635
0.00865331201077879
0.00769043009847792
0.0096532278427901
0.00643127682855038
0.00739752546081718
0.00717532194261139
0.00658277922735806
0.0062764077098052
0.00841764161265246
0.00791600033667805
0.00700025250401382
0.00573099907416008
0.00617540611060008
0.00977442976181919
0.00624947395002096
0.00689251746487685
0.0065322784277555
0.00622590691020264
0.0114914569480788
0.00988216480095616
0.0061888729904922
0.00662654658700035
0.00683528322531402
0.00826950593383913
0.00894958336840546
0.0126159414190852
0.012838144937291
0.00700698594394567
0.00827960609376532
0.00746149314031186
0.00615857251074203
0.00734029122128277
0.00816850433466243
0.00924922144602647
0.00647504418822109
0.00896305024829758
0.00986533120109812
0.00661307970710823
0.00657267906743186
0.0065423785876817
0.00780826529754108
0.00690598434476897
0.00832000673344169
0.00836040737311805
0.00701708610387186
0.00707432034340627
0.0115991919872158
0.0171812137025711
0.0141376988468949
0.00658614594732398
0.00642117666862418
0.00600707011196278
0.00621917347024237
0.0100808012793721
0.00929635552563468
0.0060878713913155
0.00859944449121031
0.0107002777544096
0.00573099907416008
0.00707432034340627
0.00622590691020264
0.00625957410991873
0.00661644642707415
0.00642454338861853
0.00721908930225368
0.00651207810790311
0.00703728642369583
0.00828297281373125
0.00625284066998688
0.00785539937717772
0.00617203939063415
0.0087206464102394
0.00600707011196278
0.00606093763153126
0.0063774093089819
0.00607777123138931
0.00635047554919765
0.0102659708778674
0.00934348960527132
0.00702381954380371
0.0079092668967462
0.01226580254189
0.0102929046376516
0.00692618466459294
0.00656931234746594
0.00611817187106567
0.00689588418484277
0.00588923491289961
0.00624610723002661
0.00738405858092506
0.00592626883261005
0.00691608450466674
0.00649187778807914
0.00647504418822109
0.00644811042840843
0.00750862721994849
0.0067208147462452
0.00662654658700035
0.00788233313696196
0.00721908930225368
0.00625620738995281
0.00647167746822674
0.00766012961872775
0.00964986112279576
0.00628314114973705
0.00656594562747159
0.0063673091490557
0.0174539180203794
0.0142959346856344
0.00951182560390862
0.00829643969362337
0.00725948994193004
0.00589260163286554
0.00625284066998688
0.00904721824761623
0.00856914401146014
0.00609797155121328
0.0061989731504184
0.00725948994193004
0.00565019779480735
0.00733355778135092
0.0112052857503784
0.00635047554919765
0.00944785792441394
0.00588923491289961
0.00588923491289961
0.00596666947228641
0.00592626883261005
0.00758942849930122
0.0102659708778674
0.010084167999338
0.00715848834275334
0.0091313862469633
0.0112658867098787
0.0111682518306679
0.0062764077098052
0.00646831074826082
0.00637067586905005
0.00612827203099187
0.00627304098981085
0.00953202592376101
0.0110268495917865
0.00790590017675186
0.00588923491289961
0.00750526049995415
0.00751872737984627
0.00909771904721879
0.00728305698174836
0.00614173891088399
0.00863984513088667
0.00643127682855038
0.00644811042840843
0.00586566787308129
0.00629997474959509
0.00955895968354525
0.00652554498779523
0.00977106304182485
0.00621917347024237
0.00606430435149719
0.00619560643045247
0.00587240131304156
0.00583873411329705
0.0107709788738362
0.0108686137530469
0.00573099907416008
0.0101178351990541
0.00573099907416008
0.00636394242908978
0.00678478242573988
0.00741772578066957
0.0086869792105233
0.00852537665181785
0.00714165474286688
0.00772409729822243
0.00825267233398108
0.00775103105800667
0.00777459809779657
0.00606093763153126
0.00921218752631603
0.0062764077098052
0.00605420419157099
0.00589260163286554
0.00633700866930553
0.00848497601214149
0.00666021378671644
0.00606093763153126
0.00607777123138931
0.0063774093089819
0.00589933507282581
0.00634710882923173
0.0101919030384749
0.00833347361333381
0.0112625199899128
0.0116934601464607
0.00573099907416008
0.00588923491289961
0.00642117666862418
0.00583536739333113
0.00611480515109974
0.00624274051006068
0.00631344162948722
0.00747496002020398
0.00651207810790311
0.00694301826445098
0.00639087618887402
0.0104376735964991
0.0110369497517127
0.00587240131304156
0.00596666947228641
0.00642117666862418
0.0149053110007742
0.0157604578739097
0.00601380355189463
0.00620233987038432
0.00606093763153126
0.00626294082991308
0.00612827203099187
0.00967006144264815
0.00570406531437584
0.0126832758185458
0.00628314114973705
0.00646831074826082
0.0093872569649136
0.0134205874926465
0.0107676121538702
0.0087206464102394
0.00838734113290229
0.00800690177595698
0.00690598434476897
0.0136966585304208
0.00735375810117489
0.00741435906070365
0.00650871138793718
0.0076769632185858
0.00708442050333247
0.00587576803300749
0.00592626883261005
0.00577476643380237
0.00631007490952129
0.0103434054372542
0.00603737059171294
0.0141208652470368
0.0093872569649136
0.00738069186095913
0.00827287265383347
0.0193190808854524
0.00638414274894217
0.00577139971383644
0.00597676963218419
0.00597676963218419
0.00621244003031052
0.0059229021126157
0.00645147714840277
0.00599023651207631
0.0288266980894036
0.00594646915243402
0.00836040737311805
0.0293249726454121
0.00649861122801099
0.0062764077098052
0.00592626883261005
0.00595656931236022
0.00572426563419981
0.00605420419157099
0.00594646915243402
0.00912801952696896
0.00796313441631469
0.00984849760121165
0.0110100159919284
0.00589933507282581
0.00646157730830055
0.00676121538592156
0.00620233987038432
0.00627304098981085
0.0060003366720025
0.00573099907416008
0.00698678562412169
0.00596666947228641
0.00590943523272358
0.00588586819293369
0.00588923491289961
0.00676458210588748
0.0110807171113549
0.0124173049406693
0.00614847235081584
0.00633364194933961
0.00616530595067388
0.00868361249052896
0.00594646915243402
0.0116665263866764
0.0100505007995935
0.0126630754986934
0.0113197542294472
0.00930645568556088
0.00581180035351281
0.0092088208063501
0.00616867267066823
0.0082762393737994
0.00631344162948722
0.00624610723002661
0.012302836461572
0.00807423617541758
0.00779143169768304
0.0118853631849163
0.0056670313946654
0.00870044609041543
0.0112456863900547
0.006178772830566
0.00735375810117489
0.00637067586905005
0.005821900513439
0.00597340291221826
0.00568723171451779
0.00594310243246809
0.00564346435484708
0.00581180035351281
0.00576466627387617
0.00772746401818836
0.00576129955391025
0.00835030721319185
0.00907751872739482
0.0095858934433295
0.00761299553909112
0.00572089891423389
0.00655921218753974
0.00870044609041543
0.0108888140728993
0.00589933507282581
0.00577476643380237
0.0057444659540522
0.00625284066998688
0.00968689504250619
0.00861627809106835
0.00574109923408628
0.00741435906070365
0.00836377409308398
0.0211909771904857
0.0201102600791216
0.0060205369918549
0.00674774850602944
0.00598350307214446
0.00615857251074203
0.00590943523272358
0.00603400387174702
0.00739752546081718
0.00583873411329705
0.00722582274221395
0.00734029122128277
0.00688578402491657
0.00566029795473355
0.00571079875430769
0.0330350980557341
0.00577476643380237
0.0343817860449462
0.0074210925006355
0.00718205538254324
0.00616193923070796
0.00688578402491657
0.00545492803635739
0.00688241730495065
0.00664338018685839
0.00613163875095779
0.00569059843448372
0.00992256544063252
0.00592963555257597
0.00828970625369152
0.00912801952696896
0.00577476643380237
0.00573099907416008
0.00898661728811589
0.00585220099318917
0.00544146115646527
0.00726959010185624
0.00627304098981085
0.00560643043516507
0.00591280195271793
0.0134441545324648
0.00871391297030755
0.0100639676794856
0.00559296355527295
0.0133633532531121
0.00578486659372857
0.00745475970038001
0.00734029122128277
0.00879471424966027
0.00751199393991442
0.00760289537919334
0.00670734786635308
0.00615520579077611
0.00582863395337085
0.00622590691020264
0.00576129955391025
0.00758942849930122
0.00788569985692789
0.00640097634880021
0.00854557697164182
0.00633700866930553
0.00573099907416008
0.00740425890077745
0.00579160003366042
0.00578486659372857
0.00544482787645961
0.0129559801363541
0.0123331369413506
0.00573099907416008
0.00803720225570714
0.00769716353843819
0.00569733187441557
0.00542799427657314
0.00597676963218419
0.00601380355189463
0.00551552899588614
0.00568386499452345
0.005821900513439
0.0053000589176122
0.00563673091491523
0.0056569312347392
0.00569059843448372
0.00650197794800533
0.00646494402829489
0.00576466627387617
0.00575793283394432
0.00729652386164048
0.0170364447437237
0.0114106556687261
0.00669051426649503
0.00580170019358661
0.00769716353843819
0.00830990657351549
0.0104780742361754
0.0111009174312073
0.00628650786970297
0.00576466627387617
0.00751536065988034
0.0087105462503132
0.00892264960862121
0.0129660802962803
0.00569059843448372
0.0100303004797695
0.00589933507282581
0.00538086019696493
0.00569396515444964
0.007242656342072
0.00810790337513367
0.00572089891423389
0.014258900765924
0.0151308812389743
0.00647167746822674
0.00684201666527429
0.00576129955391025
0.00555929635552843
0.00568723171451779
0.0318668462250855
0.0296279774429706
0.00925258816599239
0.0108147462334784
0.00580843363354688
0.00833347361333381
0.00554246275567039
0.0090438515276503
0.00576803299387052
0.0056569312347392
0.00589933507282581
0.00805740257555954
0.00808433633534378
0.00675784866595563
0.00844120865247078
0.00646157730830055
0.00754566113963051
0.00738405858092506
0.00539769379682298
0.00563336419494931
0.00564009763488116
0.00751872737984627
0.00651544482789745
0.00568723171451779
0.00560306371517072
0.00573436579412601
0.00552899587577826
0.00572426563419981
0.00551889571585207
0.00972729568218256
0.0097542294419668
0.00572426563419981
0.00560643043516507
0.00734702466124304
0.00580170019358661
0.00670734786635308
0.00763656257890943
0.00719215554246944
0.00755239457959078
0.00716185506271927
0.0125183065398744
0.00541452739668102
0.00769716353843819
0.0103905395168908
0.00566366467469948
0.00568723171451779
0.00575793283394432
0.00544819459642554
0.00563336419494931
0.0151780153185825
0.00577476643380237
0.0163799343489757
0.00752882753977246
0.00572763235419416
0.00676458210588748
0.0104006396767886
0.00921218752631603
0.00569059843448372
0.00537749347699901
0.00541789411667537
0.00646157730830055
0.00738069186095913
0.00576466627387617
0.0056771315545916
0.00818197121455455
0.00550206211599402
0.00559296355527295
0.00664674690682432
0.00591280195271793
0.0105184748758518
0.0110268495917865
0.00852537665181785
0.00780489857757516
0.00943439104452182
0.00557612995538648
0.00567039811463133
0.00869707937042108
0.0109426815924678
0.00856914401146014
0.012498106220022
0.0123668041410667
0.0054885952361019
0.00551889571585207
0.00899335072804774
0.0126765423785855
0.00877114720984196
0.00887214880901865
0.00571753219426796
0.00559296355527295
0.00528995875768601
0.00553909603570446
0.00769716353843819
0.00783519905732533
0.00817523777459428
0.00803720225570714
0.00555256291559658
0.0056569312347392
0.0103737059170044
0.00614173891088399
0.00668714754650068
0.00542799427657314
0.00746485986027778
0.00568723171451779
0.00850854305193138
0.00531689251747025
0.00591616867268385
0.0075759616194091
0.0100134668799114
0.00709452066325866
0.00553909603570446
0.00564346435484708
0.0109999158320022
0.00982829728138768
0.0130233145358147
0.00852537665181785
0.00703391970372991
0.0055660297954887
0.00624947395002096
0.00537749347699901
0.00545829475635173
0.00778469825772277
0.00681508290549004
0.0061989731504184
0.0072224560222196
0.00533035939736237
0.00544146115646527
0.00563673091491523
0.00544146115646527
0.00556266307549436
0.00549196195606783
0.00555592963556251
0.0111446847908496
0.0109325814325416
0.00553236259574419
0.00973739584210875
0.0115655247874713
0.00576803299387052
0.00573773251409193
0.00535392643718069
0.00591280195271793
0.00585220099318917
0.00554919619560224
0.00553909603570446
0.00745139298038566
0.0054010605167889
0.00687905058498473
0.00902028448783199
0.00714165474286688
0.00599360323207065
0.00554919619560224
0.00559633027523887
0.00712482114300883
0.00581853379347308
0.00519905731840709
0.00581853379347308
0.0210091743119278
0.0055895968352786
0.0212448447100542
0.00688241730495065
0.00566366467469948
0.00888224896894485
0.00539769379682298
0.00575119939398405
0.00573773251409193
0.00544146115646527
0.0061888729904922
0.0052226243582254
0.00703391970372991
0.00684201666527429
0.00561653059506284
0.00554919619560224
0.00787896641696761
0.00544146115646527
0.0102154700782933
0.0097542294419668
0.00561316387509692
0.00549196195606783
0.00936705664506121
0.00699688578401947
0.00943439104452182
0.00582863395337085
0.00553909603570446
0.00946469152430041
0.00946805824426633
0.00535055971721476
0.00519905731840709
0.00522935779818567
0.00567039811463133
0.00741772578066957
0.007155121622759
0.00575119939398405
0.0132926521336572
0.00550206211599402
0.00555256291559658
0.00537076003703874
0.0108719804730413
0.0105723423954203
0.0130872822153094
0.00907078528743455
0.0104343068765331
0.0095757932834033
0.00815503745477031
0.00951855904386889
0.00665684706675052
0.00554246275567039
0.00532699267739645
0.00556266307549436
0.00538086019696493
0.00677131554584776
0.00696321858430338
0.00539096035689113
0.0054784950761757
0.00721572258228775
0.00688241730495065
0.0074210925006355
0.00624274051006068
0.00702718626379806
0.00782509889739913
0.00706085346351415
0.00708778722329839
0.0188006060095915
0.0205849675953402
0.00796650113628061
0.00552899587577826
0.00536402659710689
0.00551889571585207
0.0105555087955622
0.00787223297703576
0.00559633027523887
0.00514182307887268
0.00546502819628358
0.0085422102516759
0.00691271778470082
0.00621244003031052
0.00547512835620978
0.00647167746822674
0.00549196195606783
0.00529332547765193
0.00857924417138634
0.00528995875768601
0.0054986953960281
0.00545829475635173
0.00535392643718069
0.0087105462503132
0.0102457705580434
0.011646326066824
0.00554246275567039
0.00531689251747025
0.0054986953960281
0.00528995875768601
0.00615183907078176
0.00534045955728857
0.00534382627725449
0.00559296355527295
0.0054111606767151
0.0356847066745161
0.00548186179614163
0.0359641444322847
0.00822573857419684
0.00614847235081584
0.0054010605167889
0.00713828802290095
0.0054212608366413
0.00537076003703874
0.0081651376146965
0.00518895715850931
0.00535055971721476
0.00836714081307832
0.00525292483797557
0.00527985859775981
0.00564009763488116
0.00962966080297178
0.00826950593383913
0.0116732598266083
0.00654574530764762
0.00509805571923039
0.0056771315545916
0.00902701792779226
0.00767359649861987
0.00543809443649934
0.00834694049322593
0.00970372864236424
0.00538422691693086
0.00708778722329839
0.00530679235754405
0.00553236259574419
0.00531689251747025
0.00543472771653342
0.00532699267739645
0.00565019779480735
0.00632017506944749
0.0051552899587648
0.00501388771988331
0.0142488006060262
0.00566029795473355
0.0120503324636161
0.0105555087955622
0.0165011362680048
0.00529332547765193
0.00505765507955402
0.00635384226916358
0.00510478915916224
0.0051350896389124
0.00988553152092209
0.00534045955728857
0.00853547681171563
0.00543472771653342
0.00528995875768601
0.00519905731840709
0.00543136099656749
0.00895631680836573
0.00830317313358364
0.0192248127262076
0.0160971298712411
0.00526975843786204
0.00539769379682298
0.0115587913475395
0.0124644390203059
0.00769043009847792
0.00925932160592424
0.00752882753977246
0.00502398787980951
0.00556939651545463
0.00725948994193004
0.00730662402156668
0.00559296355527295
0.00517885699858311
0.00634037538927146
0.00550542883595995
0.00564683107484143
0.00522935779818567
0.00778806497768869
0.007155121622759
0.00533709283732264
0.00519569059844116
0.00847824257218122
0.00504082147966756
0.00993603232052465
0.00527312515782796
0.00537412675700466
0.00502735459977544
0.00508122211934392
0.00554246275567039
0.00968689504250619
0.012073899503406
0.00932328928541892
0.00694301826445098
0.00521925763825948
0.00494992004041706
0.00543136099656749
0.00680834946552977
0.00640097634880021
0.00515192323879887
0.00612827203099187
0.00510815587912816
0.0100471340796275
0.00879134752966593
0.00532699267739645
0.00568049827455752
0.0054111606767151
0.00538086019696493
0.00500715427995146
0.00782846561739348
0.00697331874422957
0.00504082147966756
0.0051552899587648
0.00502398787980951
0.00519569059844116
0.00526302499790177
0.0116395926268922
0.00792946721657017
0.00531689251747025
0.00527985859775981
0.005077855399378
0.00941755744466377
0.0075658614594829
0.00512835619898055
0.00518895715850931
0.00529669219764628
0.0113399545492996
0.00953875936369286
0.00732682434139065
0.00687231714502445
0.00510478915916224
0.00524619139804372
0.00525965827793584
0.00485565188117221
0.00548186179614163
0.0054784950761757
0.00515865667873072
0.00630670818955537
0.00977442976181919
0.00565356451477328
0.00494318660045678
0.00524955811800965
0.00777123137783065
0.00615183907078176
0.0130334146957409
0.00526302499790177
0.00824257217405489
0.00510478915916224
0.00882838144937637
0.00509468899923604
0.00520579075836736
0.00517212355862284
0.0151376146789062
0.00534719299722042
0.015107314199156
0.00591953539264978
0.00596330275229207
0.00502398787980951
0.00494318660045678
0.00513172291894648
0.00535055971721476
0.00532025923743618
0.00493645316052493
0.00489605252084857
0.00542799427657314
0.00511488931908843
0.00503408803973571
0.00613163875095779
0.00510478915916224
0.00661307970710823
0.00490278596078042
0.00535392643718069
0.00543136099656749
0.00500378755998554
0.00532699267739645
0.00488595236092237
0.00823920545408896
0.00482535140139362
0.00531352579750433
0.00513845635890675
0.00944785792441394
0.0103568723171463
0.00786213281710957
0.00526975843786204
0.0054010605167889
0.00484218500128009
0.00517212355862284
0.00501388771988331
0.00506438851948587
0.00809443649524155
0.00522935779818567
0.00517549027861719
0.00842774177257866
0.00664338018685839
0.0070776870633722
0.0052226243582254
0.00503408803973571
0.00483545156131981
0.00512498947901463
0.00502398787980951
0.00488595236092237
0.00501725443987766
0.0049768538002013
0.00521589091829355
0.0049667536402751
0.00494992004041706
0.00520915747833328
0.0144642706843001
0.0126327750189432
0.00674774850602944
0.00629997474959509
0.00632690850937934
0.00493981988049086
0.00536739331707281
0.00658951266728991
0.00513172291894648
0.00499368740005934
0.00702718626379806
0.00517549027861719
0.00632017506944749
0.00551889571585207
0.00549196195606783
0.00505428835955968
0.00510142243919631
0.00499032068009342
0.00483545156131981
0.00522935779818567
0.00511825603905436
0.00521252419829921
0.00494318660045678
0.00519905731840709
0.00486575204106998
0.00484555172124601
0.0050677552394518
0.00505092163959375
0.0052428246780778
0.00478495076171725
0.0049566534803489
0.0048893190808883
0.00514855651883295
0.0116799932665685
0.0101649692786907
0.0048994192408145
0.00500715427995146
0.00491961956063847
0.00498358724013315
0.00482871812138796
0.00484555172124601
0.00502398787980951
0.00501052099991739
0.00502735459977544
0.00511152259912251
0.00487248548103025
0.00496338692030918
0.00487585220099618
0.00499705412002527
0.00499705412002527
0.00487248548103025
0.00471761636225665
0.00517212355862284
0.00510815587912816
0.00480178436160372
0.00490278596078042
0.00515865667873072
0.00479168420167753
0.00512498947901463
0.00516539011869099
0.00480851780153557
0.00499368740005934
0.00482198468142769
0.00469068260247241
0.00494655332042271
0.0053101590775384
0.00498695396009907
0.00499368740005934
0.00485228516117786
0.0049768538002013
0.00482871812138796
0.0048792189209621
0.00500042083999119
0.00510478915916224
0.00490951940074069
0.00519232387847524
0.00500378755998554
0.00511152259912251
0.00491961956063847
0.00482198468142769
0.00545156131639146
0.00497348708020695
0.00496338692030918
0.00514182307887268
0.0048893190808883
0.00497012036024103
0.00492635300059874
0.00487248548103025
0.0049768538002013
0.00482535140139362
0.00504755491962783
0.00471424964229072
0.00508795555930419
0.00486575204106998
0.00492971972056466
0.00485228516117786
0.00476811716185921
0.00502735459977544
0.00469404932246675
0.00486911876106433
0.00473444996214312
0.00510815587912816
0.00484218500128009
0.00490615268074635
0.00483545156131981
0.00476138372192736
0.00499705412002527
0.00506102179951995
0.00489605252084857
0.00474791684203524
0.00488595236092237
0.00493308644053059
0.00481525124149584
0.00492635300059874
0.00503072131976978
0.00503072131976978
0.00494318660045678
0.0047007827623986
0.00512835619898055
0.00508795555930419
0.00486911876106433
0.00486238532110406
0.00493308644053059
0.00456274724351147
0.00490278596078042
0.00490615268074635
0.00491961956063847
0.00482871812138796
0.00492635300059874
0.00506438851948587
0.00489605252084857
0.00487585220099618
0.00482535140139362
0.00494992004041706
0.00505765507955402
0.00483545156131981
0.00476475044189328
0.00483208484135389
0.00474791684203524
0.00476138372192736
0.00450551300397706
0.0051350896389124
0.00474118340207497
0.004720983082251
0.00473108324214877
0.00499368740005934
0.00494318660045678
0.00491288612070662
0.00476138372192736
0.0048994192408145
0.00488258564095645
0.00483881828128574
0.00454928036361935
0.00510142243919631
0.00490951940074069
0.00500378755998554
0.00537076003703874
0.00509468899923604
0.00494318660045678
0.00476475044189328
0.00473444996214312
0.00509468899923604
0.00480515108156965
0.00498358724013315
0.00481525124149584
0.005077855399378
0.00485228516117786
0.00499032068009342
0.00484555172124601
0.00451897988386918
0.005077855399378
0.00483545156131981
0.0048893190808883
0.00476138372192736
0.00491288612070662
0.00476475044189328
0.0049768538002013
0.00476475044189328
0.00460314788318783
0.00473108324214877
0.00510142243919631
0.0048893190808883
0.00539096035689113
0.00474118340207497
0.00482871812138796
0.00509468899923604
0.00484555172124601
0.00460314788318783
0.00473781668210904
0.00498695396009907
0.00481861796146177
0.00479168420167753
0.00482198468142769
0.00464018180289827
0.00466038212272224
0.00500042083999119
0.00443481188452211
0.00470414948236453
0.00478495076171725
0.00472771652218285
0.00480851780153557
0.00480178436160372
0.00466038212272224
0.00483208484135389
0.00437084420502742
0.00467721572258029
0.00499705412002527
0.00454928036361935
0.00475465028196709
0.0048893190808883
0.00467048228264844
0.00454928036361935
0.00494318660045678
0.00484218500128009
0.00471424964229072
0.00451897988386918
0.0045324467637613
0.00474455012204089
0.00489605252084857
0.00487248548103025
0.00469741604243268
0.00495328676038298
0.00449541284405086
0.00483208484135389
0.00468058244257463
0.00485565188117221
0.00480515108156965
0.00453918020369315
0.00457621412340359
0.00486911876106433
0.00494655332042271
0.00473108324214877
0.00485901860113813
0.00489268580085422
0.00478158404175133
0.00474791684203524
0.00479841764160938
0.0049667536402751
0.00490951940074069
0.0044449120444483
0.00472771652218285
0.00479168420167753
0.00468731588250648
0.00450551300397706
0.00471424964229072
0.00497012036024103
0.0047108829223248
0.00427657604578258
0.00476138372192736
0.00457958084336951
0.00461998148304588
0.00468731588250648
0.00444827876441423
0.00461324804311403
0.00476811716185921
0.00491288612070662
0.00471761636225665
0.0047007827623986
0.00433381028534541
0.00484891844121194
0.00451561316387483
0.0044449120444483
0.00463008164297207
0.00452571332380103
0.00445837892434042
0.00449877956401679
0.00477148388182513
0.00506102179951995
0.00464354852286419
0.0052428246780778
0.00454591364365342
0.0046233482030118
0.00440787812473786
0.00492635300059874
0.00450214628398271
0.00449541284405086
0.00464691524283012
0.00483208484135389
0.00468731588250648
0.00468394916254056
0.00467048228264844
0.00463008164297207
0.00448531268412466
0.004720983082251
0.00484555172124601
0.00437421092502177
0.00464018180289827
0.00453918020369315
0.00432707684538514
0.00454591364365342
0.00454591364365342
0.00452571332380103
0.00459641444322756
0.0042664758858848
0.00488258564095645
0.0046233482030118
0.00439777796481167
0.0044449120444483
0.00470751620235887
0.00443817860448803
0.00463008164297207
0.00450214628398271
0.00445837892434042
0.00459978116322191
0.00456948068344332
0.00457958084336951
0.00460651460315376
0.00431360996549301
0.00473781668210904
0.00454591364365342
0.00443144516455618
0.00469404932246675
0.00458968100329571
0.00478495076171725
0.00439104452487982
0.00461661476307995
0.00451897988386918
0.00424627556603241
0.00456948068344332
0.00432707684538514
0.00459641444322756
0.00446174564430635
0.00460988132311968
0.00424290884606648
0.00477148388182513
0.00442471172459591
0.00431360996549301
0.00446174564430635
0.0045223466038351
0.00431697668545894
0.00437421092502177
0.00432034340545329
0.00463008164297207
0.00473444996214312
0.00456948068344332
0.0045560138035512
0.00442471172459591
0.00466711556268251
0.00439104452487982
0.00431024324552709
0.00488258564095645
0.00466038212272224
0.00446174564430635
0.00449204612408494
0.00458631428332978
0.0042664758858848
0.00423280868614029
0.00461661476307995
0.00454254692365907
0.00438431108491955
0.00443144516455618
0.00438431108491955
0.00444827876441423
0.00446847908426662
0.00450214628398271
0.00442471172459591
0.00425637572595861
0.00434391044524318
0.00426310916589046
0.0046233482030118
0.00434727716523753
0.00460314788318783
0.0042900429256747
0.00448194596415874
0.00424627556603241
0.00453581348372722
0.00455938052354554
0.0043775776449877
0.00460651460315376
0.00463681508290392
0.00424964228599833
0.00437084420502742
0.0041991414864242
0.00453918020369315
0.00432371012541921
0.00439104452487982
0.00442807844459026
0.0045223466038351
0.00435401060516938
0.00491288612070662
0.00466038212272224
0.00434391044524318
0.00449877956401679
0.00430687652556117
0.00409813988721908
0.00466374884268816
0.00424627556603241
0.00439441124484574
0.00431360996549301
0.00439441124484574
0.00419577476642985
0.00484555172124601
0.0044449120444483
0.00419577476642985
0.00421260836631632
0.00422270852621409
0.0045324467637613
0.00436411076509557
0.00518895715850931
0.00400723844794015
0.00434727716523753
0.00426310916589046
0.00431024324552709
0.00404090564768467
0.00419577476642985
0.00445837892434042
0.00433381028534541
0.00425637572595861
0.00439441124484574
0.00415874084674783
0.00485565188117221
0.00426310916589046
0.00441797828466406
0.00419240804646392
0.00440114468480601
0.00429677636563497
0.0043775776449877
0.00447857924419282
0.00454928036361935
0.00433381028534541
0.00431697668545894
0.00455938052354554
0.00450214628398271
0.00408467300732696
0.00437421092502177
0.0046233482030118
0.00424964228599833
0.00454591364365342
0.0043674774850615
0.00440114468480601
0.00420587492635605
0.00441124484470379
0.00415874084674783
0.00466374884268816
0.0044449120444483
0.00414864068682164
0.00455264708358527
0.00432034340545329
0.00439777796481167
0.00432707684538514
0.00422270852621409
0.00432034340545329
0.00428330948574285
0.0042664758858848
0.00415537412675349
0.00448194596415874
0.00433717700531133
0.00421260836631632
0.00431360996549301
0.00448531268412466
0.00417220772663995
0.00405437252757679
0.00433381028534541
0.004101506607185
0.00421260836631632
0.00438431108491955
0.0040005050080083
0.00433717700531133
0.00426310916589046
0.00429677636563497
0.00441124484470379
0.00401397188790042
0.00450214628398271
0.00419240804646392
0.00460988132311968
0.00438767780491389
0.00408803972729288
0.00444827876441423
0.00422944196617436
0.00430014308560089
0.00398367140815026
0.00453581348372722
0.0041789411665718
0.00405437252757679
0.00432371012541921
0.004189041326498
0.00420924164632197
0.00425637572595861
0.00404427236765059
0.00426310916589046
0.00420924164632197
0.00439777796481167
0.00406110596750864
0.00435064388520345
0.00437421092502177
0.0042664758858848
0.00420924164632197
0.00422270852621409
0.00406447268750298
0.00423954212610056
0.00398367140815026
0.00404090564768467
0.00416884100664561
0.00423617540610621
0.00413854052689544
0.00395000420840574
0.00404763908761652
0.0040106051679345
0.00416547428667968
0.00404427236765059
0.00432707684538514
0.00416210756671376
0.00426984260585073
0.00424627556603241
0.00441124484470379
0.00398703812811618
0.00394663748843982
0.0041991414864242
0.00406110596750864
0.00390960356872938
0.00427320932581665
0.00395000420840574
0.00405437252757679
0.00411497348707712
0.0040005050080083
0.00427320932581665
0.00442807844459026
0.00420924164632197
0.00408130628736103
0.00423954212610056
0.00415537412675349
0.00418230788653773
0.00430687652556117
0.00425637572595861
0.00398030468815591
0.00417557444660588
0.00416547428667968
0.00417220772663995
0.00419240804646392
0.00405773924754271
0.00415537412675349
0.00419577476642985
0.00429340964566904
0.00399040484808211
0.004189041326498
0.00408467300732696
0.00405437252757679
0.00420924164632197
0.0041789411665718
0.00421934180624817
0.00383890244930285
0.00424964228599833
0.00431697668545894
0.00398703812811618
0.00415200740678756
0.0041789411665718
0.0040341722077244
0.00402070532783227
0.00408803972729288
0.00404763908761652
0.00427657604578258
0.00408467300732696
0.00398703812811618
0.00431024324552709
0.00416547428667968
0.0040341722077244
0.00424290884606648
0.00408130628736103
0.00402743876779255
0.00417220772663995
0.00408803972729288
0.00404763908761652
0.00408467300732696
0.0038456358892347
0.00421597508628224
0.00412844036696924
0.00403080548775847
0.00392643716858743
0.00403080548775847
0.00392643716858743
0.00420250820639012
0.00402070532783227
0.00399040484808211
0.00388603652891106
0.00437084420502742
0.00395673764836602
0.00420587492635605
0.0038557360491609
0.00399713828804238
0.0043674774850615
0.00413517380692952
0.00404090564768467
0.00406447268750298
0.00423280868614029
0.00406447268750298
0.00399040484808211
0.00408467300732696
0.00428330948574285
0.00381870212945046
0.00388940324890541
0.00398703812811618
0.0041116067671112
0.00380523524955834
0.00405100580761086
0.0041116067671112
0.00377493476980817
0.00425300900599268
0.00394327076847389
0.00404427236765059
0.00383553572933693
0.00414864068682164
0.00410487332717935
0.00399040484808211
0.00410487332717935
0.00409140644728723
0.00400723844794015
0.00400723844794015
0.00392643716858743
0.003744634290058
0.00412170692703739
0.0043775776449877
0.00398703812811618
0.00423954212610056
0.00396010436833194
0.00416210756671376
0.00417557444660588
0.00406447268750298
0.00416547428667968
0.00384900260922905
0.00396010436833194
0.00409140644728723
0.0041789411665718
0.00392643716858743
0.00395000420840574
0.00420587492635605
0.00389613668883726
0.00403080548775847
0.00409140644728723
0.00423954212610056
0.00404090564768467
0.00402743876779255
0.0041789411665718
0.00425637572595861
0.00404090564768467
0.00437084420502742
0.00396010436833194
0.00398367140815026
0.00394327076847389
0.00407793956739511
0.00360659877114244
0.00395000420840574
0.0040005050080083
0.00397020452825814
0.00379513508963214
0.00383890244930285
0.00373453413013181
0.00370423365038164
0.00391297028869531
0.00391297028869531
0.00399377156804803
0.00396347108829787
0.00374126757006366
0.0039230704486215
0.00397357124822406
0.00399713828804238
0.00410824004714527
0.00380523524955834
0.00375810116995012
0.00392643716858743
0.00389276996887133
0.00399713828804238
0.00400387172797423
0.00398703812811618
0.00431697668545894
0.00432034340545329
0.00388603652891106
0.00478158404175133
0.00397020452825814
0.00405100580761086
0.00374126757006366
0.00394327076847389
0.00364026597088696
0.00398367140815026
0.00407457284740076
0.00380186852959241
0.00434054372527726
0.00389276996887133
0.00370423365038164
0.00388266980894514
0.00388940324890541
0.00396347108829787
0.00397357124822406
0.00381870212945046
0.00396347108829787
0.00390623684876346
0.00406110596750864
0.00402743876779255
0.0040005050080083
0.00386920292905302
0.00374126757006366
0.00381870212945046
0.0038456358892347
0.00374126757006366
0.00388940324890541
0.00404427236765059
0.00384900260922905
0.00390623684876346
0.00420924164632197
0.00404763908761652
0.00355946469153423
0.00379176836966622
0.00406110596750864
0.00375810116995012
0.00398367140815026
0.00386583620908709
0.00382880228937665
0.00378503492973437
0.00395337092837167
0.00397357124822406
0.00380860196952426
0.00406783940746891
0.00393990404847955
0.00386920292905302
0.00411834020707147
0.00402743876779255
0.00377493476980817
0.00417220772663995
0.00351569733189194
0.00374126757006366
0.00429677636563497
0.00395673764836602
0.00364026597088696
0.00399713828804238
0.00400723844794015
0.00405437252757679
0.00398030468815591
0.00409477316725315
0.00384226916926877
0.00421597508628224
0.00390287012879753
0.00438431108491955
0.00363353253092669
0.00396347108829787
0.0040005050080083
0.00375810116995012
0.00415200740678756
0.00383216900934258
0.00385910276912682
0.00390287012879753
0.00377156804984224
0.00416547428667968
0.00365373285077908
0.00383216900934258
0.00344836293243134
0.00383890244930285
0.00382880228937665
0.00378840164970029
0.00391970372865558
0.00380186852959241
0.00397020452825814
0.00374126757006366
0.00370086693038729
0.00386920292905302
0.00364363269085288
0.00377830148977409
0.00367393317060305
0.004101506607185
0.00381196868951861
0.00368066661056332
0.00394327076847389
0.00380860196952426
0.0035897651712844
0.00383553572933693
0.00370086693038729
0.003744634290058
0.00395000420840574
0.00381196868951861
0.00367393317060305
0.00372106725023968
0.00404427236765059
0.00362343237102891
0.00375136772998985
0.00412844036696924
0.00339449541286285
0.00381870212945046
0.00390623684876346
0.00369750021042137
0.00385910276912682
0.00398367140815026
0.00379850180962649
0.00374126757006366
0.00375810116995012
0.00369750021042137
0.00388266980894514
0.00357293157142635
0.00388603652891106
0.00373453413013181
0.00389613668883726
0.00354936453160803
0.00391633700868965
0.00370760037034756
0.00360659877114244
0.00371096709031349
0.00387593636901329
0.003744634290058
0.00364363269085288
0.00381196868951861
0.00366383301070528
0.00395673764836602
0.00376483460988197
0.00370760037034756
0.00340459557276063
0.00375810116995012
0.00386246948912117
0.00380186852959241
0.00377156804984224
0.00362679909099484
0.00377493476980817
0.00334062789329437
0.00356956485146043
0.00367393317060305
0.00379176836966622
0.00360323205117652
0.00376483460988197
0.00382543556941073
0.00373116741016588
0.00368066661056332
0.00372106725023968
0.00359313189125032
0.00371096709031349
0.00375136772998985
0.00368740005049517
0.00372443397020561
0.00368066661056332
0.00376483460988197
0.00358303173135255
0.00377156804984224
0.00378166820974002
0.00342142917264709
0.00369413349045544
0.00374126757006366
0.00344836293243134
0.00358303173135255
0.00391297028869531
0.00361669893106864
0.00388603652891106
0.00381870212945046
0.00371433381027941
0.00356283141150016
0.00366046629071093
0.00374126757006366
0.00346856325225531
0.00342816261257894
0.00371096709031349
0.00351906405185787
0.00386920292905302
0.00376146788991605
0.00350223045199982
0.00364026597088696
0.00374800101002393
0.00347529669221558
0.00364363269085288
0.00368740005049517
0.00378503492973437
0.00356956485146043
0.00358303173135255
0.00352579749178972
0.00363353253092669
0.00383890244930285
0.00350559717196575
0.00348539685211335
0.0034786634121815
0.00356956485146043
0.00369076677048952
0.00383890244930285
0.00355609797156831
0.00448194596415874
0.00374126757006366
0.00363353253092669
0.00328676037372588
0.00364026597088696
0.00367393317060305
0.00362343237102891
0.00359649861124467
0.00397357124822406
0.00372780069017153
0.00372443397020561
0.00334062789329437
0.00345509637236319
0.00358303173135255
0.00370423365038164
0.0035796650113582
0.00360323205117652
0.00355273125157396
0.00355273125157396
0.0037682013298479
0.00366383301070528
0.00353253093174999
0.00338102853297073
0.00342816261257894
0.00365036613081315
0.00383216900934258
0.00380186852959241
0.00353926437168184
0.00350896389193167
0.00351906405185787
0.00370760037034756
0.00388603652891106
0.00359986533121059
0.00347529669221558
0.00372106725023968
0.00371433381027941
0.00347192997222123
0.00369076677048952
0.00341469573268682
0.00341806245265275
0.00362006565103457
0.00355946469153423
0.00340796229275497
0.00359986533121059
0.00372106725023968
0.00354936453160803
0.00375810116995012
0.00351906405185787
0.00342142917264709
0.00371770053027376
0.00335409477318649
0.00342816261257894
0.00424290884606648
0.00339786213282878
0.00345846309232911
0.00361669893106864
0.00353253093174999
0.00353589765171591
0.00356283141150016
0.00346856325225531
0.00337766181297638
0.00354936453160803
0.00390623684876346
0.00362006565103457
0.00368740005049517
0.00338102853297073
0.003657099570745
0.00347192997222123
0.00377156804984224
0.00381196868951861
0.00354599781164211
0.00342479589261302
0.00358639845131847
0.00360659877114244
0.00344162949247107
0.00336419493308426
0.00333726117330002
0.0034887635721077
0.00340796229275497
0.00337766181297638
0.00335072805319214
0.00343826277250514
0.00334062789329437
0.00385910276912682
0.00344499621243699
0.00350559717196575
0.00368403333052925
0.00360996549113679
0.00334736133322622
0.00346182981232346
0.00364699941081881
0.00338439525293666
0.00388603652891106
0.00329349381365773
0.00356956485146043
0.00361669893106864
0.00343152933254487
0.00349549701203955
0.0034786634121815
0.00353253093174999
0.00356283141150016
0.00365036613081315
0.00342816261257894
0.0034887635721077
0.00337766181297638
0.00352916421178406
0.0036671997306712
0.00361333221110272
0.00372106725023968
0.00354599781164211
0.0035123306118976
0.00347529669221558
0.00338102853297073
0.00363016581096076
0.0038456358892347
0.00334399461326029
0.00367393317060305
0.00343152933254487
0.00341806245265275
0.00351569733189194
0.00359986533121059
0.00360323205117652
0.00339786213282878
0.00335072805319214
0.00342479589261302
0.00344499621243699
0.00329686053362366
0.00357629829139228
0.00343152933254487
0.00343152933254487
0.00355946469153423
0.00334399461326029
0.00337092837304454
0.00347192997222123
0.0034012288527947
0.00326319333390757
0.00340796229275497
0.00329349381365773
0.00354936453160803
0.00338776197290258
0.00334736133322622
0.00334399461326029
0.00355273125157396
0.00345509637236319
0.00343152933254487
0.00337766181297638
0.00338102853297073
0.00367056645063712
0.00376146788991605
0.00346519653228938
0.00355273125157396
0.00336419493308426
0.00336082821311834
0.00338776197290258
0.00352243077182379
0.00393990404847955
0.00349886373200548
0.00331706085347605
0.00338102853297073
0.00351906405185787
0.00347529669221558
0.00386920292905302
0.00336419493308426
0.00334399461326029
0.00361333221110272
0.00336419493308426
0.00361669893106864
0.0035796650113582
0.00338776197290258
0.0038220688494448
0.00350559717196575
0.00343152933254487
0.00357629829139228
0.00335072805319214
0.00339449541286285
0.00338102853297073
0.00338439525293666
0.00356619813146608
0.00332716101340225
0.00346182981232346
0.00332042757344198
0.00327666021379969
0.0033338944533341
0.00342142917264709
0.00371770053027376
0.00331706085347605
0.00334062789329437
0.00338776197290258
0.00346519653228938
0.00337429509301046
0.00349549701203955
0.0033338944533341
0.00344162949247107
0.00316892517466272
0.00340459557276063
0.00338776197290258
0.00336419493308426
0.00328002693376561
0.0032227926942312
0.00340796229275497
0.00334399461326029
0.00345172965239726
0.00318912549448669
0.00333726117330002
0.00331369413351013
0.00338776197290258
0.00344162949247107
0.00336082821311834
0.00359313189125032
0.00342479589261302
0.00326319333390757
0.0034786634121815
0.00323625957412332
0.00338102853297073
0.00341469573268682
0.00340796229275497
0.00342142917264709
0.00344836293243134
0.00369076677048952
0.00334399461326029
0.00343826277250514
0.00345172965239726
0.00350223045199982
0.00344499621243699
0.00320595909437316
0.00377830148977409
0.00332716101340225
0.00337092837304454
0.00357629829139228
0.00342816261257894
0.00327329349383376
0.00331369413351013
0.00346856325225531
0.00324972645401544
0.00336756165307861
0.00337092837304454
0.00380523524955834
0.00348203013214743
0.00348203013214743
0.00334062789329437
0.00356956485146043
0.00350896389193167
0.00325645989394729
0.00320259237437881
0.00355946469153423
0.00336756165307861
0.00341469573268682
0.00345172965239726
0.00328339365373154
0.00333052773336817
0.00335072805319214
0.00327666021379969
0.00336419493308426
0.00337766181297638
0.0030679235754576
0.00368066661056332
0.00346856325225531
0.00334736133322622
0.00334399461326029
0.00334399461326029
0.00329012709369181
0.00325982661394164
0.00337429509301046
0.00354936453160803
0.00339786213282878
0.00334736133322622
0.00333726117330002
0.00334399461326029
0.00340459557276063
0.00324635973404952
0.00311842437506016
0.00379850180962649
0.00302078949584939
0.00322952613416305
0.00345509637236319
0.00347529669221558
0.0034012288527947
0.00335072805319214
0.00320259237437881
0.00335409477318649
0.00360996549113679
0.00331369413351013
0.00326992677383942
0.0030679235754576
0.00320595909437316
0.00327666021379969
0.00343489605253922
0.00325982661394164
0.00336756165307861
0.00330359397358393
0.00335072805319214
0.00319585893444696
0.00343826277250514
0.00338439525293666
0.00354936453160803
0.00323625957412332
0.00381870212945046
0.00350559717196575
0.00363016581096076
0.00339449541286285
0.00328339365373154
0.00318575877452076
0.00327666021379969
0.00366046629071093
0.00335409477318649
0.00340459557276063
0.0031554582947706
0.00323625957412332
0.00331032741351578
0.00338439525293666
0.00358639845131847
0.00333726117330002
0.00332716101340225
0.00332042757344198
0.00360996549113679
0.00349549701203955
0.00354936453160803
0.00336082821311834
0.00338439525293666
0.0033338944533341
0.00333052773336817
0.00338102853297073
0.00323962629408925
0.00309149061527592
0.0032328928541574
0.003300227253618
0.0035796650113582
0.00353253093174999
0.0031554582947706
0.00329012709369181
0.00330359397358393
0.00333052773336817
0.00322952613416305
0.00333052773336817
0.00326992677383942
0.0034786634121815
0.00349886373200548
0.0034012288527947
0.00307129029542352
0.00330696069354985
0.00321269253430501
0.00308475717531564
0.00343152933254487
0.00336082821311834
0.00332716101340225
0.00325982661394164
0.00320595909437316
0.00320595909437316
0.00303088965574716
0.00324972645401544
0.0031453581348444
0.00339449541286285
0.00315209157480467
0.0033338944533341
0.0034887635721077
0.00312852453498635
0.00331706085347605
0.00320595909437316
0.00338102853297073
0.0035897651712844
0.00308812389530999
0.00343152933254487
0.00332042757344198
0.00365036613081315
0.00363016581096076
0.00350896389193167
0.00369076677048952
0.00343152933254487
0.0031453581348444
0.00334062789329437
0.00332716101340225
0.00328339365373154
0.003300227253618
0.00319922565441289
0.00295008837639443
0.00334062789329437
0.00319249221448104
0.00334399461326029
0.00310495749516804
0.00315209157480467
0.00318239205455484
0.00322952613416305
0.00350559717196575
0.00314199141487848
0.00342479589261302
0.00320595909437316
0.00333052773336817
0.00314199141487848
0.00311842437506016
0.00363353253092669
0.00343152933254487
0.00320932581433908
0.0033237942934079
0.0030578234155314
0.00309822405520777
0.00322615941419713
0.00320932581433908
0.00324635973404952
0.00316219173470245
0.00359986533121059
0.00310495749516804
0.00307465701541787
0.00316892517466272
0.00320595909437316
0.00359649861124467
0.00322952613416305
0.003300227253618
0.00330696069354985
0.00328339365373154
0.00330696069354985
0.00320259237437881
0.00324635973404952
0.00307802373538379
0.00329686053362366
0.00311169093509989
0.00331369413351013
0.00312852453498635
0.00314199141487848
0.00319249221448104
0.00317565861459457
0.00337766181297638
0.00343826277250514
0.00318575877452076
0.00301068933592319
0.0031554582947706
0.00302415621581531
0.00316892517466272
0.00322615941419713
0.00317229189462864
0.00324635973404952
0.00360659877114244
0.00335409477318649
0.00306455685549167
0.00316555845469679
0.00311505765509423
0.00316555845469679
0.00303088965574716
0.00309149061527592
0.00326319333390757
0.00323962629408925
0.00299385573606514
0.00312515781499201
0.00321942597426528
0.00313189125495228
0.00354599781164211
0.00305445669556548
0.00320259237437881
0.00310159077520211
0.00306119013552575
0.00316892517466272
0.00315209157480467
0.00304435653563928
0.00311505765509423
0.0033237942934079
0.00316219173470245
0.00302752293578124
0.00324299301405517
0.00302078949584939
0.00307802373538379
0.00302752293578124
0.00334736133322622
0.00302078949584939
0.00312179109502608
0.00316892517466272
0.00329686053362366
0.00325309317398137
0.00336082821311834
0.00342479589261302
0.00323625957412332
0.00300732261595726
0.00301068933592319
0.00338439525293666
0.00309485733524184
0.00305108997559955
0.0031554582947706
0.00319922565441289
0.00323625957412332
0.00315209157480467
0.00322615941419713
0.00310495749516804
0.00293325477653639
0.00310159077520211
0.00319585893444696
0.00303762309570743
0.00301405605588911
0.00318239205455484
0.00310159077520211
0.00299722245603107
0.00301742277585504
0.00308812389530999
0.00304772325563363
0.00308139045534972
0.00303425637574151
0.00331369413351013
0.00320595909437316
0.00309485733524184
0.00304098981567336
0.00325309317398137
0.00313862469488413
0.00292988805657046
0.00322615941419713
0.0033338944533341
0.00319585893444696
0.00302078949584939
0.00325645989394729
0.00314199141487848
0.00318912549448669
0.00322952613416305
0.00308139045534972
0.00322952613416305
0.0030679235754576
0.00304772325563363
0.00317229189462864
0.00309822405520777
0.00311169093509989
0.00310495749516804
0.00338102853297073
0.00324635973404952
0.0031352579749182
0.00312179109502608
0.00326992677383942
0.00312852453498635
0.00303088965574716
0.00305108997559955
0.00312179109502608
0.00331706085347605
0.00289622085682595
0.00332716101340225
0.00293998821649666
0.00302752293578124
0.00302415621581531
0.00330696069354985
0.00309149061527592
0.00328339365373154
0.0030578234155314
0.00304435653563928
0.00317229189462864
0.00291642117667834
0.00321942597426528
0.00310495749516804
0.0031453581348444
0.00310495749516804
0.00310832421513396
0.00295008837639443
0.00303088965574716
0.0031352579749182
0.00311505765509423
0.00303762309570743
0.00310832421513396
0.00308139045534972
0.00310495749516804
0.00295008837639443
0.00313189125495228
0.00323625957412332
0.00303425637574151
0.00286592037707578
0.0031453581348444
0.00309822405520777
0.00316555845469679
0.0030578234155314
0.00308812389530999
0.0028995875768203
0.00303762309570743
0.00344499621243699
0.00314199141487848
0.0031554582947706
0.0031453581348444
0.00302415621581531
0.00311169093509989
0.00309149061527592
0.00324972645401544
0.00312852453498635
0.00305108997559955
0.00336082821311834
0.00304435653563928
0.00308139045534972
0.00290632101675214
0.00307802373538379
0.00297365541621275
0.00317229189462864
0.00319249221448104
0.0031453581348444
0.00301068933592319
0.00301742277585504
0.00292652133660454
0.00300732261595726
0.00311842437506016
0.00288275397693383
0.00298038885617302
0.00296018853632063
0.00318239205455484
0.00302415621581531
0.00308139045534972
0.00298375557613895
0.00303088965574716
0.00299722245603107
0.00335409477318649
0.00316219173470245
0.00314872485481033
0.00327329349383376
0.00293325477653639
0.00315882501473652
0.00311842437506016
0.00310832421513396
0.00302078949584939
0.00298375557613895
0.00316555845469679
0.00295345509638878
0.00309149061527592
0.0033237942934079
0.00326319333390757
0.00308139045534972
0.00308475717531564
0.00305108997559955
0.00291978789664427
0.00302078949584939
0.00309822405520777
0.00292988805657046
0.00312179109502608
0.00334062789329437
0.0031554582947706
0.00308812389530999
0.00285245349718366
0.003300227253618
0.00301405605588911
0.00300395589596292
0.00310159077520211
0.00314872485481033
0.00306119013552575
0.00290632101675214
0.0028894874168941
0.00316219173470245
0.00306455685549167
0.00285918693714393
0.00302752293578124
0.00296018853632063
0.00297028869624683
0.00286928709704171
0.00318575877452076
0.00302752293578124
0.00293325477653639
0.0029568218163547
0.00306119013552575
0.00312179109502608
0.00304772325563363
0.00293998821649666
0.00294672165642851
0.00293998821649666
0.00290632101675214
0.00306455685549167
0.00313189125495228
0.00322615941419713
0.00303425637574151
0.00303762309570743
0.0029904890160708
0.00292988805657046
0.00301068933592319
0.0030578234155314
0.00328002693376561
0.0029568218163547
0.00301742277585504
0.00290295429678622
0.00298038885617302
0.00293325477653639
0.00329012709369181
0.00295345509638878
0.00289622085682595
0.00301405605588911
0.00316219173470245
0.00324635973404952
0.00299722245603107
0.00309149061527592
0.00302415621581531
0.00291305445671242
0.00298038885617302
0.0030679235754576
0.00296355525628655
0.00308475717531564
0.00290632101675214
0.00292988805657046
0.00303425637574151
0.00303088965574716
0.00308475717531564
0.0029669219762809
0.00295008837639443
0.00316892517466272
0.00320932581433908
0.00281541957747322
0.00304098981567336
0.00292652133660454
0.00297365541621275
0.00300732261595726
0.00288612069692817
0.00304098981567336
0.00301405605588911
0.00321605925427093
0.00308139045534972
0.00299385573606514
0.00294672165642851
0.00301405605588911
0.00300058917599699
0.00300058917599699
0.00304772325563363
0.0031352579749182
0.00304772325563363
0.00301405605588911
0.00285245349718366
0.00312852453498635
0.0028019526975811
0.00297028869624683
0.00309149061527592
0.00327666021379969
0.00292988805657046
0.00292652133660454
0.00320595909437316
0.00305445669556548
0.00304435653563928
0.00290968773671807
0.00297028869624683
0.00301068933592319
0.00292652133660454
0.00302752293578124
0.00305108997559955
0.00278848581768898
0.00297028869624683
0.00298038885617302
0.00298375557613895
0.00292315461661019
0.00303088965574716
0.00316555845469679
0.00286928709704171
0.00307129029542352
0.00288275397693383
0.00303088965574716
0.00296355525628655
0.00286592037707578
0.00302078949584939
0.00300058917599699
0.00277501893779686
0.00297028869624683
0.0027783856577912
0.00296355525628655
0.00290632101675214
0.00301405605588911
0.00302415621581531
0.00309149061527592
0.00310159077520211
0.00294672165642851
0.00297028869624683
0.00285582021714959
0.00297028869624683
0.00269085093847821
0.00299722245603107
0.00311169093509989
0.00298375557613895
0.00283898661729154
0.00294672165642851
0.00309149061527592
0.00302752293578124
0.0028995875768203
0.0028793872569679
0.00311842437506016
0.00307465701541787
0.00280531941757545
0.00319249221448104
0.00290632101675214
0.00296018853632063
0.00284572005725181
0.00293998821649666
0.00282215301743349
0.00300395589596292
0.00280868613754137
0.00292315461661019
0.00319922565441289
0.00265045029880184
0.00312179109502608
0.00286928709704171
0.0028793872569679
0.00290968773671807
0.00280868613754137
0.00280868613754137
0.00297702213617868
0.0030578234155314
0.00284572005725181
0.00287602053700198
0.00315882501473652
0.00289622085682595
0.00287602053700198
0.00304435653563928
0.00298712229610487
0.00298712229610487
0.00274808517801262
0.00293998821649666
0.0029669219762809
0.00302415621581531
0.00321605925427093
0.00280868613754137
0.00332042757344198
0.00271778469826245
0.00290968773671807
0.0028793872569679
0.0029568218163547
0.00309149061527592
0.00306119013552575
0.00295345509638878
0.00304772325563363
0.00289622085682595
0.00283561989732561
0.00289285413686002
0.00298038885617302
0.00287602053700198
0.00287602053700198
0.00303762309570743
0.00282888645736534
0.00285918693714393
0.00292652133660454
0.00282888645736534
0.00294672165642851
0.00326992677383942
0.00284235333725746
0.00282215301743349
0.00285582021714959
0.00284572005725181
0.00280531941757545
0.00287602053700198
0.00289622085682595
0.00307465701541787
0.00285582021714959
0.00278511909772305
0.00290968773671807
0.0028019526975811
0.0027009510984044
0.00276491877789908
0.00290632101675214
0.00268411749854636
0.0028995875768203
0.00294335493646258
0.00280868613754137
0.00282215301743349
0.00284908677721774
0.00283561989732561
0.00277165221783093
0.00291642117667834
0.00304772325563363
0.00278511909772305
0.00275145189800696
0.00292652133660454
0.00290295429678622
0.00286928709704171
0.00294335493646258
0.00284572005725181
0.00275145189800696
0.00284572005725181
0.00324972645401544
0.00278848581768898
0.00298712229610487
0.0029669219762809
0.00302078949584939
0.00300058917599699
0.00293998821649666
0.00304772325563363
0.00280868613754137
0.00283225317735969
0.00280531941757545
0.00271778469826245
0.00295008837639443
0.00283898661729154
0.00293998821649666
0.00266391717869396
0.0029568218163547
0.00273125157815457
0.00312852453498635
0.00266391717869396
0.0028120528575073
0.00292988805657046
0.00269421765844413
0.00273798501811484
0.0028894874168941
0.00284572005725181
0.00287602053700198
0.00285582021714959
0.00280868613754137
0.00288612069692817
0.00283225317735969
0.00284235333725746
0.00292988805657046
0.00296355525628655
0.00267065061865424
0.00303425637574151
0.00253934853969895
0.00286928709704171
0.00275818533793881
0.0027110512583306
0.0028120528575073
0.00304435653563928
0.00269085093847821
0.00296018853632063
0.00272788485818865
0.00285245349718366
0.00309822405520777
0.00282888645736534
0.00280531941757545
0.00282551973739942
0.00274471845804669
0.00286928709704171
0.00278511909772305
0.00269421765844413
0.00290968773671807
0.00288612069692817
0.00284235333725746
0.0026134163790914
0.00289622085682595
0.00276828549786501
0.00278848581768898
0.00274471845804669
0.0029669219762809
0.00272451813822272
0.00287265381703605
0.00301405605588911
0.00277165221783093
0.00283561989732561
0.00285245349718366
0.00307802373538379
0.00249894790002259
0.00278848581768898
0.00276155205790474
0.00286592037707578
0.00284572005725181
0.00315882501473652
0.00270431781837033
0.0027110512583306
0.00264371685886999
0.00289285413686002
0.00276491877789908
0.00259321605926743
0.00274135173808077
0.0027110512583306
0.00268075077855201
0.00278848581768898
0.00263698341890972
0.00268075077855201
0.0027009510984044
0.00290968773671807
0.00274471845804669
0.00283225317735969
0.00291978789664427
0.00284235333725746
0.00278848581768898
0.00285245349718366
0.0028995875768203
0.00286928709704171
0.00268748421851228
0.00305108997559955
0.00272788485818865
0.00278175237775713
0.00271778469826245
0.00279521925764925
0.00301742277585504
0.00289285413686002
0.00291305445671242
0.00267401733862016
0.00289285413686002
0.00279185253768333
0.0026336166989438
0.00280531941757545
0.00310495749516804
0.00303425637574151
0.00295008837639443
0.00306119013552575
0.00294672165642851
0.00247201414023834
0.00269085093847821
0.00274135173808077
0.00286255365710986
0.00281878629746757
0.00277501893779686
0.00274808517801262
0.00283561989732561
0.00266055045872804
0.00268748421851228
0.00259321605926743
0.00298038885617302
0.00276155205790474
0.00276828549786501
0.00294335493646258
0.00278175237775713
0.00286592037707578
0.00252924837977275
0.00270431781837033
0.00266391717869396
0.00276155205790474
0.00267065061865424
0.00285245349718366
0.00269421765844413
0.00249894790002259
0.00286255365710986
0.00263024997897787
0.00272788485818865
0.00258984933930151
0.00275481861797289
0.00275818533793881
0.00264035013887565
0.00268748421851228
0.00267065061865424
0.00301742277585504
0.00257974917937531
0.00271778469826245
0.00255954885952292
0.00258648261930716
0.00261004965912548
0.00279185253768333
0.00276491877789908
0.00250904805994878
0.00262014981905168
0.00274808517801262
0.0026134163790914
0.00273461829812049
0.00284572005725181
0.0027110512583306
0.00273125157815457
0.00276828549786501
0.00301405605588911
0.00258311589934124
0.00247874758017019
0.00262014981905168
0.0027110512583306
0.00293325477653639
0.0026134163790914
0.00278848581768898
0.00229357798164642
0.00266728389865989
0.00269758437843848
0.00250568133995444
0.00283225317735969
0.00263698341890972
0.00271441797829652
0.00263024997897787
0.00251914821984656
0.00265045029880184
0.00271441797829652
0.00267065061865424
0.00268411749854636
0.00261004965912548
0.00256291557951727
0.00262688325898353
0.00258648261930716
0.00271778469826245
0.0027110512583306
0.00268748421851228
0.00246528070027807
0.00275818533793881
0.00265381701876777
0.00259994949919928
0.00258311589934124
0.00257301573941504
0.00265381701876777
0.0026336166989438
0.00252924837977275
0.00286928709704171
0.00265718373876211
0.00282888645736534
0.00267738405858609
0.00249894790002259
0.00270768453833625
0.00273125157815457
0.0026235165390176
0.00279858597761518
0.0026134163790914
0.00263024997897787
0.00272451813822272
0.0025460819796308
0.00258984933930151
0.00257301573941504
0.0026235165390176
0.00252924837977275
0.00259658277923336
0.00249894790002259
0.00258984933930151
0.00246528070027807
0.00247874758017019
0.00267738405858609
0.00266728389865989
0.00291305445671242
0.00259994949919928
0.00252588165980683
0.00259994949919928
0.002556182139557
0.002556182139557
0.00269085093847821
0.00270768453833625
0.00256964901944912
0.0026235165390176
0.00264708357883592
0.00262688325898353
0.00275481861797289
0.00279185253768333
0.00240804646074366
0.00263698341890972
0.00276155205790474
0.00259994949919928
0.00270431781837033
0.00251241477991471
0.00255281541959107
0.00258984933930151
0.00269421765844413
0.00269421765844413
0.00239794630081747
0.00255954885952292
0.00268411749854636
0.00261678309908575
0.0026336166989438
0.00278511909772305
0.00275481861797289
0.00268075077855201
0.00245518054035188
0.00263698341890972
0.00251241477991471
0.00253598181973302
0.0024349802205279
0.00255954885952292
0.00285582021714959
0.00246191398031215
0.00271441797829652
0.00237101254103322
0.00255281541959107
0.00253934853969895
0.00255281541959107
0.00264035013887565
0.00258311589934124
0.00237101254103322
0.00249558118005666
0.00261678309908575
0.00246191398031215
0.00247874758017019
0.00266391717869396
0.00246528070027807
0.00243161350056198
0.00253934853969895
0.00259994949919928
0.00247538086020427
0.00261678309908575
0.00251914821984656
0.00251578149988063
0.00248884774009639
0.00276828549786501
0.00248548102013046
0.00232051174143066
0.00252588165980683
0.00256628229948319
0.00252924837977275
0.00249894790002259
0.00253598181973302
0.00258648261930716
0.00250904805994878
0.0025225149398409
0.00261678309908575
0.00256628229948319
0.002556182139557
0.002468647420244
0.00253598181973302
0.00238447942092535
0.0028019526975811
0.00241477990067551
0.00257301573941504
0.0025460819796308
0.00263698341890972
0.00261004965912548
0.00247201414023834
0.00283561989732561
0.00249558118005666
0.00253934853969895
0.00256291557951727
0.00257638245940939
0.00250568133995444
0.00290632101675214
0.00267738405858609
0.00250904805994878
0.00250904805994878
0.00263698341890972
0.00238111270095942
0.00249894790002259
0.00245518054035188
0.00230031142160669
0.00252924837977275
0.00244844710042003
0.00237437926099915
0.0024349802205279
0.00267401733862016
0.00249221446006231
0.00251578149988063
0.00271441797829652
0.00236427910110137
0.00263024997897787
0.00241141318070959
0.00249894790002259
0.00246191398031215
0.00251241477991471
0.00246528070027807
0.00246191398031215
0.00248884774009639
0.00238447942092535
0.00270768453833625
0.00236091238110703
0.00245518054035188
0.00250568133995444
0.00245181382038595
0.00251578149988063
0.00238111270095942
0.00265381701876777
0.00245181382038595
0.00247874758017019
0.002556182139557
0.00242824678056763
0.00272115141822837
0.00256291557951727
0.00242824678056763
0.00252588165980683
0.00238447942092535
0.00249221446006231
0.00233734534131713
0.00242151334063578
0.00234744550121491
0.00248884774009639
0.00234071206128306
0.00242488006060171
0.00248548102013046
0.00230031142160669
0.0024349802205279
0.002468647420244
0.00232724518139094
0.00233397862132279
0.00248211430016454
0.00239457958085154
0.00241141318070959
0.00252588165980683
0.00255281541959107
0.00233061190135686
0.00253934853969895
0.00247201414023834
0.00261678309908575
0.00232724518139094
0.00236427910110137
0.00235417894117518
0.00241477990067551
0.00235417894117518
0.00240131302078339
0.00249221446006231
0.00267738405858609
0.00230031142160669
0.00259994949919928
0.00254271525966487
0.00248211430016454
0.0024349802205279
0.00249894790002259
0.00266728389865989
0.0024349802205279
0.00240804646074366
0.00228347782174865
0.0024450803804541
0.0025460819796308
0.0026235165390176
0.00242488006060171
0.0023676458210673
0.00253934853969895
0.00268075077855201
0.0023777459809935
0.00249558118005666
0.00255954885952292
0.0022902112616805
0.00242824678056763
0.00233734534131713
0.00240131302078339
0.00247538086020427
0.00230367814157262
0.0026134163790914
0.00237101254103322
0.00231377830149881
0.0023777459809935
0.00238447942092535
0.00233397862132279
0.00231041158153289
0.00230031142160669
0.0023575456611411
0.00249558118005666
0.00229694470164077
0.00230367814157262
0.00231377830149881
0.00232051174143066
0.00259658277923336
0.00240804646074366
0.00235081222120925
0.00230031142160669
0.00241141318070959
0.0023777459809935
0.0023777459809935
0.00259658277923336
0.002556182139557
0.00231377830149881
0.00243834694049383
0.00244844710042003
0.00238447942092535
0.00234407878124898
0.00231041158153289
0.0023575456611411
0.00236427910110137
0.00242488006060171
0.00230704486153854
0.00250231461998851
0.00252588165980683
0.00232724518139094
0.00233734534131713
0.0024450803804541
0.00242151334063578
0.00236427910110137
0.00231714502146474
0.00242488006060171
0.00266728389865989
0.00239121286088562
0.0023575456611411
0.00249221446006231
0.00245181382038595
0.00238447942092535
0.00246191398031215
0.00237437926099915
0.00234071206128306
0.00231041158153289
0.00232387846142501
0.00236427910110137
0.00231714502146474
0.00230367814157262
0.00233734534131713
0.0023777459809935
0.00241141318070959
0.00235417894117518
0.00242488006060171
0.00250568133995444
0.00239121286088562
0.00245518054035188
0.00254271525966487
0.0022801111017543
0.0022902112616805
0.00233061190135686
0.00232724518139094
0.00223971046207794
0.002556182139557
0.00233397862132279
0.00232724518139094
0.00241814662066986
0.00239457958085154
0.00231377830149881
0.00231714502146474
0.00230031142160669
0.00246191398031215
0.00230704486153854
0.00235417894117518
0.0023676458210673
0.00226664422186218
0.00228347782174865
0.00237101254103322
0.0022801111017543
0.00235081222120925
0.00230031142160669
0.00231377830149881
0.00232387846142501
0.00232387846142501
0.00240804646074366
0.00231714502146474
0.00228347782174865
0.00232724518139094
0.00233397862132279
0.00232051174143066
0.00243161350056198
0.00229357798164642
0.00231041158153289
0.00224307718207228
0.00237101254103322
0.00226664422186218
0.00238111270095942
0.00236091238110703
0.0022902112616805
0.00232051174143066
0.00234071206128306
0.00239457958085154
0.00245181382038595
0.00234744550121491
0.00232387846142501
0.00231041158153289
0.00233397862132279
0.00239457958085154
0.00239121286088562
0.00223634374211201
0.00233397862132279
0.00233061190135686
0.00227001094185653
0.00232724518139094
0.00238111270095942
0.00228347782174865
0.00258648261930716
0.00230031142160669
0.00234407878124898
0.00229694470164077
0.00230031142160669
0.00228684454171457
0.00230367814157262
0.00228684454171457
0.00228684454171457
0.00233397862132279
0.00231041158153289
0.00224644390203821
0.00234071206128306
0.00235081222120925
0.00229694470164077
0.00242151334063578
0.00238111270095942
0.00231714502146474
0.00230031142160669
0.00231377830149881
0.00229694470164077
0.00238447942092535
0.00224644390203821
0.00241814662066986
0.00242151334063578
0.00223297702214609
0.0022801111017543
0.00223971046207794
0.00234744550121491
0.00227001094185653
0.00227001094185653
0.00230367814157262
0.0022801111017543
0.00227674438178838
0.00233061190135686
0.0023676458210673
0.0023676458210673
0.00225654406196441
0.00226664422186218
0.00232051174143066
0.00232051174143066
0.00227674438178838
0.00232724518139094
0.00234071206128306
0.00228684454171457
0.00228347782174865
0.00229694470164077
0.00221614342228804
0.00240467974077774
0.00234744550121491
0.00232724518139094
0.00248211430016454
0.00220940998232777
0.00234744550121491
0.00224644390203821
0.0023676458210673
0.00238447942092535
0.00235081222120925
0.00228347782174865
0.00242488006060171
0.00227337766182245
0.00231041158153289
0.00230031142160669
0.0023575456611411
0.00232387846142501
0.00230031142160669
0.0026235165390176
0.00241141318070959
0.00228684454171457
0.00235417894117518
0.00235417894117518
0.00242151334063578
0.00239794630081747
0.00226327750189625
0.00234407878124898
0.00232724518139094
0.00227674438178838
0.00220604326236185
0.00230031142160669
0.0022801111017543
0.00220940998232777
0.00234744550121491
0.00240467974077774
0.00228684454171457
0.00219594310243565
0.00227001094185653
0.00239794630081747
0.00224644390203821
0.00226327750189625
0.00225317734197006
0.00227674438178838
0.0023777459809935
0.00225317734197006
0.0022902112616805
0.0022902112616805
0.00243161350056198
0.00230031142160669
0.00234407878124898
0.00227001094185653
0.00242151334063578
0.00232051174143066
0.00222287686221989
0.00233734534131713
0.00231377830149881
0.00224307718207228
0.0023575456611411
0.00226327750189625
0.00230704486153854
0.00230367814157262
0.0022801111017543
0.00225991078193033
0.00230031142160669
0.00249894790002259
0.00225317734197006
0.00233061190135686
0.00233734534131713
0.00230704486153854
0.00222624358218582
0.00225991078193033
0.00216564262268548
0.00231041158153289
0.00225654406196441
0.00245181382038595
0.00242824678056763
0.00232724518139094
0.00220940998232777
0.00220940998232777
0.00227001094185653
0.00228684454171457
0.00220940998232777
0.00219930982240157
0.00231714502146474
0.00229357798164642
0.00223297702214609
0.00225317734197006
0.00228347782174865
0.00227001094185653
0.00223971046207794
0.00223297702214609
0.00237101254103322
0.00225991078193033
0.0022127767022937
0.00223634374211201
0.00229357798164642
0.0023777459809935
0.00222624358218582
0.00225654406196441
0.0021892096625038
0.00226664422186218
0.00234744550121491
0.00225991078193033
0.00228347782174865
0.00250568133995444
0.00216227590271956
0.00230031142160669
0.00225654406196441
0.00232051174143066
0.00221614342228804
0.00225654406196441
0.0022127767022937
0.00220940998232777
0.00234071206128306
0.00232724518139094
0.00239121286088562
0.00225654406196441
0.00227337766182245
0.00232387846142501
0.00224307718207228
0.00223971046207794
0.00230031142160669
0.00225991078193033
0.00228684454171457
0.00240131302078339
0.00225317734197006
0.00225317734197006
0.00225654406196441
0.00219930982240157
0.00214207558286716
0.00220267654239592
0.00241477990067551
0.00226327750189625
0.00225991078193033
0.00223634374211201
0.00217574278261168
0.00220604326236185
0.00222287686221989
0.00226664422186218
0.00218247622254353
0.00227674438178838
0.00232387846142501
0.00220267654239592
0.00225654406196441
0.00227674438178838
0.00215890918272521
0.00230704486153854
0.00233397862132279
0.00225654406196441
0.00225317734197006
0.00226664422186218
0.00231041158153289
0.00219930982240157
0.00227337766182245
0.00220604326236185
0.00233061190135686
0.00219930982240157
0.00221614342228804
0.00227337766182245
0.0021892096625038
0.00241814662066986
0.00223971046207794
0.0022801111017543
0.0021892096625038
0.00224981062200413
0.00220267654239592
0.0022801111017543
0.00219257638246972
0.0023575456611411
0.00219594310243565
0.0022127767022937
0.00224307718207228
0.00222287686221989
0.00223297702214609
0.00220940998232777
0.00215554246275929
0.00224307718207228
0.00227674438178838
0.00222624358218582
0.00220604326236185
0.00216227590271956
0.00230704486153854
0.00229694470164077
0.00228347782174865
0.00237437926099915
0.00224307718207228
0.0021892096625038
0.00216227590271956
0.00221951014225397
0.00224307718207228
0.00219930982240157
0.00222624358218582
0.00224981062200413
0.00219257638246972
0.0021791095025776
0.00227337766182245
0.00225317734197006
0.00220267654239592
0.00225317734197006
0.0022127767022937
0.00226327750189625
0.00234407878124898
0.00215554246275929
0.00224644390203821
0.00225317734197006
0.00222624358218582
0.0021791095025776
0.00221951014225397
0.00220604326236185
0.00218584294250945
0.00219257638246972
0.00228347782174865
0.00234071206128306
0.00219257638246972
0.00221951014225397
0.00259994949919928
0.00213870886290124
0.00222961030218016
0.00219257638246972
0.00225654406196441
0.00216900934265141
0.00220267654239592
0.00224307718207228
0.00219930982240157
0.00213197542294097
0.00219257638246972
0.00223297702214609
0.00221614342228804
0.00221951014225397
0.0023575456611411
0.00215890918272521
0.00222961030218016
0.00216900934265141
0.00219257638246972
0.00222287686221989
0.00214207558286716
0.00232051174143066
0.00220267654239592
0.00217237606261733
0.00229357798164642
0.00222624358218582
0.00214544230283309
0.00219257638246972
0.00220604326236185
0.00216227590271956
0.00213870886290124
0.00226327750189625
0.00226327750189625
0.00217574278261168
0.00218584294250945
0.00230367814157262
0.00220604326236185
0.00230704486153854
0.00233397862132279
0.00234071206128306
0.0022801111017543
0.00221614342228804
0.00225991078193033
0.00219594310243565
0.00219594310243565
0.00224307718207228
0.00218247622254353
0.00227337766182245
0.00217574278261168
0.00216227590271956
0.00220604326236185
0.00220940998232777
0.00218247622254353
0.00220267654239592
0.00217574278261168
0.00218247622254353
0.00220604326236185
0.00217237606261733
0.00224307718207228
0.00218584294250945
0.00222961030218016
0.0021892096625038
0.00217237606261733
0.00216227590271956
0.00213870886290124
0.00229694470164077
0.00219594310243565
0.0022127767022937
0.00231377830149881
0.00224307718207228
0.00220604326236185
0.00218584294250945
0.0021791095025776
0.00215890918272521
0.00219594310243565
0.00218247622254353
0.00216227590271956
0.00215890918272521
0.00221951014225397
0.00239794630081747
0.00223634374211201
0.00217237606261733
0.00223297702214609
0.00220267654239592
0.0021791095025776
0.00213534214293531
0.00216900934265141
0.00230704486153854
0.00217237606261733
0.00220267654239592
0.00230367814157262
0.00217574278261168
0.00214880902282744
0.00215554246275929
0.00220940998232777
0.00219257638246972
0.0022902112616805
0.00231041158153289
0.00221614342228804
0.00230031142160669
0.00227674438178838
0.00217574278261168
0.0021892096625038
0.00222624358218582
0.00219257638246972
0.00220604326236185
0.00217574278261168
0.00220267654239592
0.00218584294250945
0.00221614342228804
0.00238784614089127
0.00210840838315107
0.00216900934265141
0.00219257638246972
0.0021892096625038
0.00215554246275929
0.00227337766182245
0.00210504166315673
0.00235417894117518
0.00222624358218582
0.00212524198300912
0.00220940998232777
0.00226664422186218
0.00213197542294097
0.00220267654239592
0.00214207558286716
0.00214880902282744
0.0021791095025776
0.00220267654239592
0.00234407878124898
0.0021791095025776
0.00218247622254353
0.00216227590271956
0.00214207558286716
0.00223971046207794
0.00210840838315107
0.00224981062200413
0.00222624358218582
0.00214544230283309
0.00222961030218016
0.00217237606261733
0.0021791095025776
0.00214880902282744
0.0021892096625038
0.00212187526304319
0.00213870886290124
0.00221614342228804
0.00215217574279336
0.00231377830149881
0.00209494150325895
0.00215554246275929
0.00216227590271956
0.00227337766182245
0.00212524198300912
0.00220604326236185
0.00216227590271956
0.00220940998232777
0.00222961030218016
0.00216900934265141
0.00219930982240157
0.00216564262268548
0.0020915747832646
