1654.82448054427
244.395902233266
-14.3124336197616
241.844286981034
352.518105515596
3172.52873314656
1814.05967399432
419.642236835261
197.206881570353
-252.984785239632
467.106912522512
572.385074582826
-397.620109796673
366.890828929807
2716.19199725157
655.853506775237
3045.02254848496
231.409335162118
1761.98317594367
468.728835582608
146.117065348366
-1225.1691970456
167.626751869073
292.116065199064
500.617658838299
2310.36496872906
16.896132105135
-702.812219304833
-29.9494843352809
478.107757138241
-71.1751468542111
427.322051494284
105.34673686915
2244.73860394858
3181.55543259529
-180.036823059655
90.0095351398563
-1245.57985476471
2791.61413533176
2633.94172307864
2669.52770981872
305.322186523108
278.149028455534
3360.51843413975
589.289181054795
2510.55829539322
2275.75331486344
-47.9139297620594
37.206053530302
-1264.64642158166
497.664890424343
-13.5852464503214
375.957621640095
583.011593587683
-1164.76619337413
1244.65947454309
-1455.94918289629
-1063.627574764
1030.15311595645
-640.789788162136
731.561715942515
3434.24751544037
196.956786187777
111.731647777054
1185.79299978612
216.768012786753
-196.235537224702
419.302058123915
-357.062855589495
3906.95623056387
2835.78543424507
2739.29238362532
230.343728569215
-301.771287589377
1076.71506700453
-125.34383668774
-1096.56116037406
796.582440044935
-53.7837003628325
-1279.25360025964
1719.97664872243
413.215864485945
-128.149737180759
-606.119755693313
-126.049692803457
1725.68100844147
-143.307614284255
1533.02942296934
-146.588631085779
-208.778751544422
986.369222885526
3276.13325688313
1494.17832896957
47.0771518343108
1419.82922070509
-1009.19801528186
420.951392318746
406.045151413117
-342.924049705477
-59.0026984558406
-782.278874877053
3130.7460154147
3073.12804304974
-349.979730723011
160.477653495518
506.096065261782
-286.091253577655
-38.0744630067391
1028.41753008495
3434.05282324284
-566.127214078895
1575.39302899323
833.226267093313
357.97393603009
1918.41897310656
702.704388869592
-639.28282722737
1378.76906842026
63.3886615708546
-52.9781727338844
-1451.90641074425
-570.556467348133
3833.35541354116
447.308944617141
3219.70047528267
490.084835924867
442.652431646813
649.786087560173
3592.88145979425
-472.418192396282
336.7837633255
3813.99422793353
1913.16665484559
2328.94203275201
-1400.44097169537
1098.97298849008
168.500043665458
-849.839296865598
-1251.14911763873
-97.1057004092038
-222.378890841964
592.128012405071
3687.21101902393
652.480800858694
3382.40469153865
3477.00179527066
-634.827054643259
247.62333574101
1093.15819914413
1435.46977730952
1898.50618766575
300.288198638783
-418.012482945754
4008.654940306
2000.20843856899
2886.76543637021
2438.65411540544
2862.34414034481
1870.11330918111
162.584670604838
37.8883280006578
503.434929327683
1352.47771884209
488.01272786388
-678.241604631517
220.730543845767
535.157332978199
-444.915051639182
727.925058581575
930.138105866933
574.207507693867
938.232909941395
-900.963075650176
805.852900450693
-807.640598379901
-392.113116234825
516.256222895583
-269.763812355959
1715.73090649661
-132.789280789588
1114.52749631207
-75.7039133184356
490.858475120792
2022.13090285076
3708.58420335546
588.071319993414
2911.69389246351
1432.4362379782
972.047993638496
3578.60459676729
864.779295890412
3397.85046845515
83.0283481466575
3899.19435020422
-512.273716719771
-452.948462570477
-386.112831064183
578.952694069373
197.98781329371
757.066615114553
649.184152528538
-738.391168482957
-130.9508960244
279.353624390573
2970.23448334819
186.682385144313
-1252.99614544476
719.060574635507
3102.07982320285
-812.159920009375
169.756486331426
-1162.64564511352
1841.26977799378
-51.9978906675834
-104.026672977842
-888.710965210849
2967.78457624706
-991.848570157188
198.032471149442
3774.06564478458
2786.06124200917
763.026094467825
-10.3914294739796
1968.26792106461
-104.624711579107
2054.46494708058
-76.4724192776101
3956.94949713254
221.316125291384
490.238346479356
595.076429375679
2582.1153138094
-327.814030591248
4057.75957925911
420.490264872063
1456.70405371088
-677.928945206682
419.786958840672
3095.71574538552
194.350734598077
2781.6658998973
3508.57133285858
-621.702316937485
1653.49128629339
444.467423182555
384.532731552021
350.342605344475
1131.93271747136
399.074888111536
514.255794439724
-179.444592447451
833.96858904606
570.836771957956
266.001532042436
3915.76991053873
1993.48643723061
-1246.16719556581
3324.55460902147
-469.836213537148
1061.68566847194
304.352501697594
1519.12149308533
733.325596571371
898.059987210438
3472.45961948784
662.195370584706
589.753790362555
2831.76618302209
-420.72820103715
2670.75425261441
337.880662591157
101.354919437992
-423.209843235293
400.016470470277
1579.69799237147
2812.45475047247
2468.31721873114
754.700682915203
388.692325140765
750.833494878974
459.692477026661
433.30485352182
1808.69901461118
-201.574330267515
3984.43577948425
635.048447332015
115.188950371407
119.746405319542
143.555488659377
-592.927003575699
-490.172593594755
966.83622922412
290.893744758263
3239.27141166001
216.251468830903
1954.89261294892
489.9564042353
-266.140573914222
148.117249234784
2339.94011356001
1164.16412395639
743.219833653257
601.832801774546
-277.771127530966
251.440477549611
3429.42074452255
2566.73578080445
751.2990343667
-96.9218340860028
129.200902171058
1099.62345326555
3024.09200944944
972.348335376545
-545.394783748091
-232.790687772842
-216.611550910452
-960.962673434088
101.784207882317
1832.38233348962
1744.7759464967
1610.00187729496
166.400909171404
2065.45789852312
3406.26735631173
2670.24246899393
2856.3664970991
540.061564289383
203.86748015121
-1397.71371450836
-140.121995961672
1813.81885798697
1231.74832895427
3151.43479344658
2050.26660356546
-180.868825126871
2523.25119614805
-935.531196043083
-362.859394983949
1679.15380898266
3557.17938738659
275.883122577183
439.425880763102
-203.394570519104
430.299127892254
1142.7087735036
104.136145954236
-38.0487449952044
-976.805062268898
-21.3778824835909
67.0879482389253
638.72362900399
1244.68784812019
830.447627746383
160.560845762516
77.7285526315883
1542.89643589697
-214.504709888958
364.119881200837
-71.1625328656065
218.78430241426
451.357005803115
2022.28514606221
-733.450525576498
4076.76763754583
-23.3372094675204
461.66049056564
2299.60954662644
816.465665217981
490.637552802378
252.551908082402
-19.6515097441894
-257.202624540848
2694.37394348816
-1126.96506513261
-1356.58337710433
15.8609499927918
2906.29183080452
-355.709375169512
-243.759223048116
663.563906248882
1048.44942311215
2203.66839086379
2678.87611827372
1927.7047652626
2402.6435616269
954.51544311772
29.5056237095157
785.699879752797
-226.099618094302
1474.72097398982
229.377502359903
1985.53738418306
222.177733336145
439.967016530062
603.446713646
902.5009134031
-324.369387987163
3534.94603930796
88.7723488861959
532.524769579825
450.306584558768
-216.782418034928
-333.19681201092
1089.8790815056
-484.45783474943
-1214.1062683289
594.419275552088
1643.12923557233
2002.48767969748
3533.15545821805
326.076870088661
3427.891800157
4153.08471759088
1454.3533087386
136.907701783265
886.019394311446
397.103304870836
818.780383715725
-361.043555200216
1196.73115494319
527.75523765923
-1177.89470886818
202.749664462206
1513.49403139651
3122.12828060585
1830.91063404499
-43.5893555963141
-1442.93050841864
981.482614580439
-499.549730076839
-137.919988231156
380.422613091318
772.028204450629
3212.412672493
-1398.73716258773
89.4854735554799
754.663528052059
-342.84577815061
1431.70297106113
140.892311440495
-602.419451660394
-267.878616059968
404.604527251964
3318.87634177192
582.468856523882
-338.343678962599
-1378.8470948331
2700.59923669862
950.314453055524
318.467170375119
831.199288163215
783.411386669199
412.446647562695
1214.65213922028
2515.38584092349
123.716975469959
1783.13903826758
-110.189966520278
565.068958928885
293.599872695952
231.130184415017
791.334046759138
685.478473358994
-480.457514538829
200.380357735833
469.657329672157
2760.64259159351
4199.65099193449
1856.37224918219
-278.834723181951
-113.763030502004
977.939535370649
719.488583595831
195.487916452724
-149.384017784628
-90.2522514222376
1052.57074425769
-369.546676528794
-437.6145837679
249.423714007964
101.745605358851
-1183.53714425906
286.35365436377
542.231205448734
3653.02424947952
76.9729816115901
246.716725838975
1678.18371564212
305.473232954422
-163.486293952098
342.947884908842
3743.46760874583
-1360.08935875421
3982.13250864044
142.965771837583
3993.94253326954
1386.47805237395
-212.89448209128
-300.845394222155
-544.180808267166
590.893569396108
1486.42814368588
542.271005632171
2739.52239240071
874.877331451705
2567.32860649267
633.821066727999
3476.63144295054
-177.823023690677
292.283021029849
2270.85998370223
3371.16355270853
1976.26858182954
548.402925336094
121.144167509821
665.700969527334
274.905296930009
2737.31492408985
2722.90485371751
304.325697084957
1418.56368619552
549.609645512696
1643.72970465007
612.524770361903
74.8563184968097
-981.962048250779
-457.742354438434
754.556010991694
-260.992116394492
-51.8704590127381
865.955191366714
261.90508174678
837.977522858418
151.13357219089
3779.53679526155
-989.948967820207
-219.786708027079
673.244814242821
-613.794903076995
-50.2479349582423
2802.23608504161
342.978772158036
737.306685816913
336.952219149547
594.0013325941
