6.52320259237439
5.95529753387763
6.79288022893695
6.09911034424712
5.86357798165139
6.21623516539012
5.21263277501893
5.28676794882585
6.6659649861123
5.93018180287856
5.38564851443482
5.43114973487081
4.87974497096204
6.74559801363523
6.69303004797575
6.5548127262015
6.46747327666023
5.55280616109755
4.64990909856073
7.28751872737985
5.02581685043347
6.26590775187273
5.05546755323627
6.2667628987459
7.15633111690937
6.26261846645906
5.68452234660384
6.19997054120023
6.02005639255955
5.90443986196448
5.37763572089892
7.32291642117667
4.99767107145863
5.25060600959515
7.22266560053868
4.66543641107651
6.050249137278
5.61175406110598
5.03893359144854
5.28764666273884
8.23777880649777
4.44295682181635
6.4206018011952
6.86364194933088
4.76361333221109
6.22178688662572
5.77118171871055
4.65756838649946
5.54593805235251
5.60511152259912
6.70592795219258
5.45017170271862
5.65190556350476
6.18189462166484
5.43119350223046
6.87846561737229
5.35048985775609
5.6875523945796
5.01960861880315
5.43114973487081
5.41547091995625
6.45383132732937
5.44219257638247
5.68467048228266
4.76739415874084
3.97869623769043
5.18577308307383
4.94548354515615
4.91089049743289
5.77420166652638
5.82503577139971
5.37707011194345
5.78937884016497
5.09070364447439
5.59881912296945
5.07940156552479
5.25324551805403
4.50952360912382
6.79860028617119
5.38981314704151
5.1725385068597
5.77895547512836
4.95570827371435
5.41964565272283
5.9567014561064
5.30423449204613
4.64990909856073
5.21122885279019
6.25371685885028
6.49665600538677
4.97358555677133
4.75476559212188
5.53523861627809
7.49085851359314
4.22458126420335
5.04295008837641
5.20163370086695
5.42753051089977
5.07654658698763
4.20370760037034
4.41719804730243
4.90698510226412
4.04734702466124
4.30907246864743
5.88295345509638
4.97646073562831
4.22458126420335
4.66526470835788
3.77609039643127
4.85114805151082
5.11065819375474
4.92513508963893
5.13714081306287
4.98755744465956
5.03564093931487
4.19706842858346
5.14024492887805
4.32689588418484
4.51305193165558
5.09827876441378
5.08906405184749
4.93249473950004
4.09721151418231
5.40227674438179
4.87919619560643
5.19561400555509
4.78481020116152
5.62026512919789
6.21849086777209
4.63152680750778
3.82627135762985
4.34711977106303
5.15182981230538
5.28215890918273
4.58661812978707
6.28695311842438
4.82624779059003
5.32343489605253
4.56616530595068
4.15961366888311
4.8226150997391
5.05163285918695
5.78076340375389
5.46265550037876
4.0118011951856
4.03940829896473
4.97364279101086
4.94548354515615
4.23164464270684
5.35572510731421
4.08624274051007
4.08251914821986
4.25154195774766
3.86353758101171
4.22012372695903
4.87125073646999
4.8776508711388
4.30147378166822
4.90159835030721
4.48254608197965
3.82799848497601
4.90341637909268
4.46742950930056
4.05222203518224
4.90997811632019
4.42337597845301
4.64990909856073
4.62303257301573
3.59964733608282
4.7913248043094
4.18632185842944
4.70237269590103
4.85801279353589
3.9163277501894
3.94119097719047
4.42195522262438
4.07351317229191
4.91238868782091
3.88272115141825
3.882876020537
4.13876357208989
4.36367056645065
4.68117582695061
4.5529509300564
4.51891675784867
4.83497432876021
4.49423533372612
4.09959851864321
4.31506186347951
5.23989647336083
3.5961021799512
4.64990909856073
3.99813904553488
4.19715596330275
4.82624779059003
4.47288022893696
4.63491372780069
4.30847655921218
4.02920377072638
3.97445080380439
4.10828465617374
4.40600370339197
3.87106556687149
4.17174059422609
4.40126336166989
3.52156973318745
4.01427236764582
3.71509553067924
3.9903248884774
4.00321942597427
4.51076592879389
3.71648261930815
4.46062536823501
4.34987038128105
4.25999579160003
3.63026092079792
4.66123474455014
3.4666113963471
4.29427910108578
3.7000496591196
4.34483713492131
3.59039558959685
3.89060937631513
3.98624442387006
3.72210504166316
3.26812642033499
4.4662747243498
4.29177762814578
4.47289032909688
3.63401144684792
4.48328339365375
4.20385573604915
3.65691524282468
4.1249263530006
4.63634795050922
4.40766012961873
3.83000168336
3.78866172881072
4.61006733439947
3.21611059675112
4.2786777207306
3.43519989899841
4.12508458883934
3.59464439020286
4.05328591869372
3.9723264035014
4.18464859860282
3.71740510058078
3.98985691440114
4.26085767191316
4.07964060264288
3.72669051426649
3.80340796229274
3.51247622254019
3.75424711724602
3.92668041410656
3.62282046965746
4.4455390960357
4.53767275481863
3.29239710462082
3.58060853463513
3.41647756922819
3.37774682265803
3.7517254439862
3.5313130207895
4.34664169682688
3.3524021547008
4.11838818281291
3.9270642201835
3.5966778890666
3.7816522178268
3.69058580927532
3.82799848497601
3.26812642033499
3.65216816766267
3.45195943102433
3.42210672502316
3.8859363689925
3.71816934601466
3.38446342900431
3.96526975843784
3.54844289201247
3.83865415369078
3.65635636730914
3.8502020031984
3.61843026681257
3.57645400218837
3.59464439020286
3.77702297786382
3.72325982661394
3.91009595151925
4.02634205874926
3.66544987795641
3.25172039390625
3.74782678225739
4.30487416884102
3.47192071374465
3.39706842858345
4.11470499116237
3.44634710882923
3.80289622085684
3.49104368319166
3.58910950256714
3.70478326740175
3.39797407625622
3.52956232640352
3.55812221193503
3.42366551637068
2.93498611228011
4.15529080043768
3.62957074320343
3.47099149903207
3.26812642033499
3.48088292231296
3.17417136604664
3.04177846982577
4.223877619729
3.45195943102433
3.58794798417642
3.00372780069017
3.29239710462082
3.45673007322617
3.19655332042757
3.52156973318745
3.5961021799512
3.67411918188705
3.33177762814577
3.45550458715596
3.51115310159079
3.37963891928288
3.4846873158825
3.46488763572091
3.44281878629747
3.39349970541201
3.42910276912718
3.22914653648684
3.56756586145949
3.51418651628651
3.79880565608957
3.08442807844457
3.35024745391803
3.52599023651209
3.39264792525881
3.48122632775019
3.87870128777038
3.40601043683193
3.67910192744719
3.10457453076341
3.24561653059507
3.98182392054542
3.14722077266225
3.0484277417726
3.11297449709622
3.68375810116993
3.11707516202341
3.60927278848584
3.00479168420168
3.16679151586567
3.25650450298798
3.43767443817862
2.91026765423786
4.0621639592627
3.2519257638246
3.56905731840754
3.46857082737145
3.35024745391803
3.29318491709452
3.94188115478497
3.05784109081728
3.14856072721153
3.21489857756083
3.33061947647505
2.98353421429172
2.97316471677468
3.64866004545073
2.65454170524367
3.71045619055636
3.01355525629157
3.49493561148051
3.284249642286
2.63253682349972
3.49331621917347
3.32090985607272
3.43527733355779
3.40852874337179
3.3876113121791
3.08346519653227
3.37819796313443
3.25857840249137
3.23787644137698
2.96435401060518
3.42639592626884
4.00675784866596
2.84472434980222
2.88069775271441
3.24634374210925
3.31158740846732
3.32300732261595
3.81564935611482
3.119876273041
3.96900008416802
2.56800353505596
2.9852748085178
2.70708273714334
2.90964481104285
3.13051847487586
2.72914821984682
2.84746822658028
3.19805151081559
3.2277257806582
3.09724518138205
2.92450887972393
2.96839407457284
3.52532699267738
3.18989731504084
3.03938136520495
3.16889571584883
3.06328844373371
2.94034256375727
2.70424795892603
2.8954776533962
3.25145442302838
3.33863227001095
3.01796229273631
3.20210840838314
3.25447100412424
3.12853211009175
2.87768453833854
2.8176155205791
2.94738574194093
3.22406278932752
3.05880397272958
2.94327497685381
3.24175826950594
2.90797155121624
3.39194091406449
3.2540871980473
3.29378082652977
2.85269000925848
2.95348287181216
3.22914653648684
3.04841764161267
2.68983839744129
3.28649187778808
2.73437000252505
2.35914569480684
3.75696742698426
3.62401902196785
2.6223390287013
2.93375389276997
2.4061888729905
3.14868192913056
3.36273125157817
3.09567965659457
2.6531377830149
2.60637067586904
2.87612911371099
2.80749179362007
3.22623769043011
2.90487080212105
2.70323120949416
2.71054372527567
3.02995791600034
2.75292062957664
2.85016496927869
3.21170356030638
2.49449120444407
2.96822237185424
3.87682602474541
2.35403164716774
3.04194343910447
2.6223390287013
2.65454170524367
3.01978032152178
3.00103442471172
2.74256459893948
2.56756586145949
2.94266223381871
3.18308307381534
2.27384311084927
2.83394747916842
3.04478495076174
2.78898156720817
2.79665768874673
3.22038969783688
2.60701708610387
3.01530258395758
2.37862553657101
3.16047554919621
2.32328339365375
2.63593047723256
2.894625873243
2.91977190472184
2.35796060937633
2.88742782594059
2.83107903375137
2.79333136941335
3.04471088292232
2.8217633195859
2.89250483965998
2.60433717700531
2.52652217826784
2.86926100496592
2.67247958926018
2.88153606598772
2.97660550458716
2.58578654995372
2.68688241730496
2.5414131807087
2.53733271610133
2.50936200656511
2.77637993434897
2.43110933423114
2.50641275986871
2.75915579496677
2.73715764666275
2.68712818786298
2.91779227337767
2.0871652217827
2.36603400387173
2.84209494150323
2.31752293577983
2.36823247201414
2.87134837134923
2.93761215385911
2.25749768538003
2.69566282299471
2.33775355609797
2.56954212608366
2.71614258059086
2.33961198552311
2.8906497769548
2.25968605336251
3.52044188199648
2.12648851106809
2.56154953286762
2.48493645316051
2.32131049574951
2.72352916421178
2.75217321774261
2.57280111101761
2.98911960272704
2.50465533204277
2.37862553657101
3.10493140308054
2.63222035182224
2.6667123979463
2.30500883763995
2.62498527060012
2.6046772157226
2.18572931571418
2.37990489016076
2.07866762057066
2.49384479420925
2.73538001851696
2.05946721656426
2.53808686137532
2.11489352748086
2.49385826108914
2.28381196868952
2.4304393569565
2.27036865583705
2.39850938473194
2.52996969952025
2.2041520074068
2.17767948825858
2.59110933423113
2.50648009426817
2.35311589933508
2.19989310664087
2.30544314451646
2.59619981483041
2.31305529837556
2.20189630502483
2.55205874926355
2.40775439777798
2.21248463934012
2.70428835956571
2.56756586145949
2.6411387930309
2.09756838649946
2.12978789664172
2.19060432623516
2.47913896136689
2.65767948825857
2.52240467974076
2.30147041494826
2.85579075835369
2.28847487585222
2.42555424627557
2.13121538591028
1.92485228516119
3.03053362511574
2.22867182897062
2.36574446595404
2.20259321605926
2.61028280447775
2.35148640686811
2.60303088965577
2.49454507196364
2.09886794040906
2.33415116572681
2.27758353673934
2.30718037202257
2.20259321605926
2.81652133658784
2.33775355609797
2.53082484639341
2.15999074152009
2.34417052436663
1.95881912296946
1.9808509384732
2.1450391381197
2.31124063631009
2.00583536739333
2.26723760626211
2.13847403417222
2.29392559548862
2.31811211177512
2.17089891423282
2.3171896305025
2.35796060937633
2.27539516875686
2.28381196868952
2.09972982072216
1.92485228516119
1.95501136267993
2.15443228684455
2.27166147630672
2.21105378335159
1.75035518895717
2.30234912886121
1.97962881912298
2.39680245770558
2.36573436579414
2.11161770894708
2.06680666610555
2.30739584210085
2.04142159750864
2.25770978873834
2.12420924164633
2.51343573773252
2.12931655584546
2.33144768958843
2.34954044272368
2.47672165642624
1.83991667368068
2.07820974665432
2.37494234492047
1.94622422355022
1.88626630754987
2.21278764413771
2.19351653901188
1.97734281626126
1.79456695564346
2.33772325561822
1.6597769548018
1.98194848918442
2.04792946721656
2.21451477148389
2.04391633700868
1.96398367140813
1.81837639929299
2.15073562831412
2.01106051679153
2.14150071542801
2.136127430351
2.004751283562
2.34133237942936
2.13102011615186
1.96088965575288
2.31393064556858
2.19684285834526
1.98930813904553
2.10434222708528
2.43368150829056
2.16527312515782
1.83335493645316
2.05496927868026
2.19903459304774
2.02728137362175
2.17076087871391
2.02031562999747
2.02492803636059
2.09583452571334
2.20121622759027
2.07242235502062
1.76948152512415
2.3604620823163
1.90154448278764
2.14534550963725
2.12074825351402
1.98046039895632
1.94622422355022
2.16607777123139
1.91488342732094
1.94706590354349
2.01308391549534
2.11586650955309
2.20619897315041
1.79865415369076
1.92993266560055
1.922626883259
1.6776643380187
2.0191776786466
2.04662654658699
2.03843195017257
2.06719720562242
1.55285666189715
2.05538001851696
1.87796397609628
2.1172636983419
1.79456695564346
1.90492466964062
1.91019358639846
1.92828297281375
1.93340375389278
1.91595067755239
2.010373705917
2.02728137362175
1.86598518643211
2.1183511488932
2.0553025839576
1.93804982745561
1.76580170019361
1.7985262183318
2.12305445669557
2.08936032320511
1.7850021042
1.80664674690684
2.01308391549534
1.96215890918273
1.94444659540443
2.03327750189379
2.24726959010184
2.24608450467133
1.87262435821901
2.23482955980137
1.84290295429679
1.73062957663498
1.68380523524957
1.77365962461073
1.97813736217492
1.93671660634627
1.85155879134754
1.93940324888479
2.07172881070619
1.95844541705245
1.91596751115227
1.94652386162781
1.76147546502821
1.73574025755408
2.02197542294419
1.8615141823079
1.71681592458549
2.19737143338102
1.75069522767444
1.63581937547346
1.76380860196954
2.1179505092164
2.06458126420335
1.61633616698933
1.94254776533961
2.06031562999749
1.46650702802796
1.65389192828889
1.85216143422272
1.80684201666526
1.79133153774936
1.6318870465449
1.87189041326488
1.7826891675785
1.85222876862218
1.79750273545997
2.12226664422187
1.92357629829141
1.6736882417305
1.96891928288866
1.84528322531773
2.07089723087282
1.64428667620572
1.6626150997391
1.73159245854725
1.8870137193839
1.72209157478326
1.86085767191315
1.50698173554414
1.97587155963305
1.6970364447437
1.70057823415539
1.98390455348877
2.02390455348876
1.99649271946805
1.64316219173472
1.89719468058246
1.70382375220942
1.744126757007
1.90142328086861
1.69121538591028
1.94615688915076
1.45399292988807
1.69314451645485
1.8499259321606
1.92748169346015
1.70466206548272
1.744749600202
1.61249810622002
1.50780994865752
1.63948573352411
1.76380860196954
1.72980473024157
1.71681592458549
1.62909266896727
2.0542757343658
1.42364868277082
1.57414443228686
1.68846814241226
1.77231967006145
1.53072721151418
1.70265886709873
1.76147546502821
1.88941755744466
1.61631259994951
1.96135762982914
1.53037033919705
1.63954633448364
1.81741688410068
1.74098560727211
1.79740846730073
1.73023903711808
1.66343321269255
1.48674101506609
1.58705243666358
1.84111522599108
1.53354515613165
1.57528575035772
1.78739584210084
1.66995454928036
1.6840274387678
1.8015495328676
2.10010352663917
1.61016496927869
1.7396894200825
1.46503577139973
1.76363016581098
1.65672333978623
1.60623600707012
1.63454338860365
1.51098813231209
1.91263109165897
1.48245854726034
1.53684454170525
1.40413180708694
1.51197794798418
1.64928288864576
1.66689756754482
1.60492635300059
1.57942681592459
1.649377156805
1.54115730999075
1.50724770642202
1.67305193165558
1.64588923491289
1.65705327834357
1.50729820722162
1.74137614678901
1.83240888814075
1.64371096709033
1.44802373537581
1.53939988216482
1.5981626125747
1.68598013635216
1.61677047386584
1.61691524282469
1.66170608534637
1.37549448699605
1.68474455012205
1.42207305782341
1.5656131638751
1.5285253766518
1.63419324972645
1.6700622843195
1.47964060264289
1.3505268916758
1.64318575877451
1.51047302415623
1.53037033919705
1.71186011278513
1.79724013130209
1.3336629913307
1.62510983923912
1.64786549953709
1.5044499621244
1.76191650534469
1.45569649019444
1.45190893022473
1.60584883427322
1.65234660382123
1.3322388687821
1.79840838313274
1.63112953455098
1.46788738321692
1.67830401481356
1.37838986617288
1.4252748085178
1.32628314114973
1.44568049827456
1.47822658025419
1.70065566871477
1.30315377493477
1.53183822910529
1.62235922902113
1.45214123390286
1.35037202255702
1.81875683864996
1.34697163538422
1.44460314788319
1.50390792020875
1.45614763067081
1.60613837219091
1.42244339702046
1.38479673428162
1.51329096877367
1.52553236259575
1.4006741856746
1.4226521336588
1.54757764497938
1.4799638077603
1.43675869034593
1.50729820722162
1.38847319249223
1.35059759279523
1.51428415116573
1.55451645484388
1.43911876104707
1.58988721488092
1.55354347277165
1.56245518054035
1.57395589596837
1.44505092163959
1.51197794798418
1.40055635047557
1.39374547597004
1.41068344415453
1.74314704149484
1.37901944280785
1.27545240299639
1.35492046124065
1.59383301068934
1.73826866425387
1.48756586145947
1.33350475549196
1.45505681339955
1.31144263950847
1.46736554162109
1.54150071542801
1.3527994276576
1.40418230788654
1.46233902870131
1.40847150913223
1.37186516286508
1.43826698089387
1.34098224055214
1.43060432623517
1.43433801868531
1.44931318912549
1.75403164716775
1.58456106388351
1.44512498947901
1.52649861122802
1.31061105967513
1.15384647756923
1.31948573352412
1.3636503661308
1.34532530931742
1.35343237101256
1.3495640097635
1.34153774934771
1.36681844962547
1.38086777207306
1.45674354010606
1.32134752966923
1.25492551132061
1.53316471677468
1.4543531689252
1.40645484386837
1.39336166989312
1.41633616698931
1.35005891759954
1.36778469825774
1.24078192071374
1.32628314114973
1.35054372527566
1.59295766349635
1.29248463934013
1.51324046797407
1.56653901186769
1.3612027607104
1.40169093510647
1.42712650450301
1.2461888729905
1.41136688830906
1.3583141149735
1.32130039558962
1.3331512498948
1.37838986617288
1.24058665095532
1.41947058328424
1.47114973487081
1.24958589344331
1.23051005807594
1.46730830738153
1.35415621580677
1.24632354178942
1.34511657267907
1.21390539516875
1.35253345677975
1.25320511741435
1.32751536065987
1.51644221866846
1.36966669472267
1.27817271273463
1.3403021631176
1.33139382206886
1.30500210419999
1.31859018601128
1.13166652638668
1.34276323541789
1.38569228179446
1.47372190893023
1.37149482366806
1.34700530258397
1.02987711472099
1.44554246275567
1.56567713155459
1.13754145273967
1.28765676289876
1.29228600286172
1.31034845551721
1.08821563841428
1.38371938389025
1.3636503661308
1.27193418062453
1.38896136688831
1.29753471929973
1.36005470919957
1.40255618213956
1.4528112111775
1.11467132396263
1.34546671155627
1.10029879639762
1.09237353758101
1.46871559633027
1.38511993939906
1.36607103779144
1.0737656762899
1.28765676289876
1.2735636730915
1.32639087618887
1.3210512583116
1.37561905563504
1.09554498779565
1.29063294335495
1.27427741772578
1.10545661139636
1.31331116909351
1.2793645316051
1.16503072131977
1.34541621075667
1.14214712566283
1.21528238363774
1.42470919956233
1.15797407625621
1.41472350812222
1.33616109755073
1.22093847319249
1.14087787223298
1.21149145694807
1.25789832505683
1.21182139550544
1.07484639340123
1.08907078528745
1.32979463008164
1.30599865331203
1.23400808012795
1.25613079707097
1.09335325309317
1.26367898325057
1.10248043094018
1.28026681255787
1.29039727295682
1.32080548775357
1.29321521757427
1.13167999326657
1.39377577644981
1.15670145610639
1.18726117330192
1.3665996128272
1.11853968521169
1.28264708357884
1.1351645484387
1.21451140476393
1.05943691608451
1.34801868529587
1.20236427910109
1.23329770221363
1.14864152849088
1.1464632606683
1.21305024829562
0.941756586145942
1.00733019106136
1.23355357293158
1.13052520831582
1.09193586398453
1.23400134668799
1.11968437000255
1.19465785708275
1.1199368740005
1.02622085683024
1.17812052857505
1.12535392643719
1.19246612238027
1.16063378503495
1.14732850770139
1.24058665095532
1.24019274471846
1.12204444070366
1.24639760962882
1.21541705243666
1.07856325225151
1.05082147967343
1.12527312515783
1.18051089975592
1.43704149482369
1.1205125831159
1.10015402743878
1.11480262604158
1.12743119266057
1.01565945627473
1.10121791095025
1.14429845972563
1.15384647756923
1.10029879639762
1.07868445417054
1.0890404848077
1.17679067418567
1.05499621244005
1.22093847319249
1.14676289874589
1.24774093089809
1.06835872401314
1.01519821563843
1.113125999495
1.07758353673933
1.07170187694641
1.22332884437338
1.20781163201752
0.938080127935365
1.10899840080802
0.955519737395861
0.933333052773349
1.1182366804141
1.05224223550206
1.12897651712819
1.25178772830571
0.952691692618487
0.925229357798173
1.09266307549871
1.03936789832505
1.08686558370508
1.00448867940409
1.08578823331371
1.11850265129198
1.12527312515783
1.10308980725529
1.05410403164717
1.06385405268918
1.07856325225151
1.07846561737227
1.04385236932919
1.15432118508545
1.06750021042001
1.15517296523862
1.00873411329013
1.01557192155542
1.06035603063717
1.05394579580843
1.1222632775019
1.12643127682855
1.22896473360828
1.12762646241899
1.07300479757598
1.03567797323458
1.11163454254694
1.05912044440706
1.25395589596835
1.04982829728138
1.02030552983757
1.10066576887468
0.928171871054644
1.06846982577224
1.04176500294588
1.20110849255113
1.09632943354939
0.937012877703893
1.10133911286928
1.1071500715428
1.00222624358219
1.12949835872402
0.981127009510999
0.984214291726289
1.18131891254944
0.89978368824174
1.13068681087452
0.979261846645926
0.947261173301911
1.12546502819629
0.972413938220683
1.01383469404934
1.06780321521759
0.964461745644314
1.02238952950088
1.06035603063717
0.988284656173732
0.933333052773349
1.13827203097384
0.944231125326155
1.00448867940409
1.02708610386333
1.11935443144517
0.950940998232483
1.00916168672671
0.968286339533705
1.11042589007661
0.901413180708715
1.00236764582107
1.00411497348708
1.00658614594732
1.07758353673933
1.1629265213366
1.01900934264793
0.787705580338354
0.927437926100509
0.986799932665605
1.08036444743709
0.977376483461001
0.917768706337853
0.91326066829393
1.1659498358724
1.31093089807257
0.827493476980067
0.902298628061629
0.958970625368238
0.765461661476309
1.1037395842101
0.980985607272117
1.0703013214376
0.994449120444415
0.862877703896999
0.889558959683541
0.896248632270016
1.04715512162278
0.889037118087714
0.981281878629744
1.01316808349466
0.938305698173565
0.980086693039311
0.915051763319582
0.741056308391563
1.19185674606516
1.00046208231632
1.0159893948321
0.914768958841847
0.952987963976113
0.9231992256544
0.876896725864839
1.00658614594732
1.00112195943103
0.976847908425214
0.870735628314122
0.900450298796414
1.03331790253347
0.879404932244768
0.988779564009775
1.00700025250401
0.901160676710731
0.960465449036292
0.893080548775373
0.972740510058088
0.978261930813915
1.05682434138541
0.920182644558537
0.971861796145106
0.94340627893277
0.965629997474963
0.969606093763161
0.969138119686903
0.901645484386847
0.997105462503157
0.974292567965676
0.862473697500207
0.962293577981654
0.961441797828485
0.902961871896309
0.974147799006829
0.817457284740357
0.872344920461245
0.900520999915841
0.833018264455859
0.802855820217161
0.971757427825935
0.884212608366312
0.713452571332397
0.82173975254608
0.95630418314957
0.952971130376227
0.973939062368487
0.972777543977799
0.846461577308304
0.940322363437417
0.929006817607956
0.892259069101925
0.923495497012055
0.904631765002961
0.994156215806754
0.777352916421194
0.842128608702978
1.05618466459052
0.881761636225917
0.822207726622338
0.760384647756922
0.992122716943015
0.87423028364617
0.856632438346935
0.915337934517311
0.919324130965407
0.992227085262186
0.96503745475971
0.893258984933937
0.996378250988982
0.859558118003548
0.845670398114635
0.819224812726219
1.04277165221782
0.80253261509975
0.836065146031473
0.991661476306717
0.916980893864149
0.888653312010774
0.924071206127451
0.852693375978447
0.95022052015824
0.708345257133232
0.881192660550454
0.864813567881498
0.893040148135697
0.839896473360824
0.877411834020705
0.906257890749941
0.778605336251161
0.903988721488105
0.686438010268489
0.835139298038882
0.788937799848497
0.853336419493303
0.824695732682443
0.929585893443317
0.76582863395339
0.90373621749012
0.997842774177258
0.76085262183318
0.87423028364617
0.760573184075412
1.0059397357125
0.855130881238949
0.835149398198809
0.846195606430456
0.818083494655326
0.707318407541464
0.84988216480096
0.709011867687906
0.943978621328171
0.746601296187208
0.880462082316313
0.777703055298389
0.856161097550711
0.757671071458645
0.880024408719805
0.825783183233739
0.884677215722576
0.943786718289715
0.889535392643722
0.848205538254376
0.827325140981401
0.845525629155816
0.784291726285687
0.864305193165563
0.797963976096298
0.917751872737995
0.751681676626561
0.773720225570258
0.844885952360926
0.700318996717442
0.812009931823923
0.73698594394412
0.839401565524781
0.797862974497093
0.761761636225913
0.724859018601137
0.772437505260513
0.813599023651221
0.806690514266478
0.69008080127935
0.792351653901193
0.836223381870212
0.7754742866762
0.733844794209261
0.80077182055382
0.780379597676983
0.623049406615621
0.82260499957917
0.756304183149581
0.986634963386933
0.791291137109681
0.616999410824008
0.843387761972906
0.871183402070528
0.751735544146129
0.81633280026935
0.833216900934275
0.788880565608963
0.742450130460412
0.724683949162539
0.852057065903551
0.684182307886545
0.818766938809858
0.747032236343756
0.783931487248566
0.832028448783774
0.707318407541464
0.842256544061968
0.772046965743641
0.717442134500459
0.774205033246375
0.707884016496934
0.85122211935024
0.729552226243584
0.722044440703655
0.883111690935124
0.760573184075412
0.761754902785981
0.741063041831495
0.838519484891862
0.676957326824351
0.687410992340716
0.745385910276923
0.825507112195965
0.639458799764327
0.680290379597693
0.677677804898593
0.700278596077766
0.71844878377243
0.756630754986958
0.78707600370339
0.709587576803301
0.686438010268489
0.741773419745812
0.681017591111868
0.84293325477654
0.814612406363096
0.648202171534393
0.802263277501908
0.61570322363437
0.683559464691541
0.724922986280632
0.707318407541464
0.634459220604327
0.710180119518554
0.750132985438938
0.714691524282472
0.658103694975182
0.85342058749265
0.672388687820899
0.806774682265797
0.686007070111941
0.73484807676121
0.760657352074759
0.712647925258835
0.627022136183825
0.787894116656844
0.72274135173808
0.722529248379772
0.707177005302583
0.7730872822153
0.721172460230633
0.772343237101268
0.726209073310343
0.777245181382057
0.823453413012373
0.635300900597599
0.667503577139968
0.712068849423446
0.669358639845143
0.599667536402677
0.772767443817855
0.626163622590695
0.693258984933948
0.734107398367144
0.706402659708772
0.608959683528326
0.637155963302746
0.654996212440039
0.615760457873932
0.68718878882251
0.775595488595229
0.655807591953533
0.721667368066676
0.726589512667289
0.692915579496685
0.699645652722836
0.677445501220433
0.679458799764348
0.618110428415122
0.642498947900009
0.763195858934438
0.697346182981249
0.737426984260594
0.646855483545153
0.635300900597599
0.684182307886545
0.581625284067002
0.688057402575538
0.605266391717862
0.772659708778718
0.806609712987125
0.609606093763148
0.699945290800457
0.67650618634795
0.633115899335081
0.706392559548874
0.611612658867102
0.722781752377756
0.66535560979716
0.687410992340716
0.710180119518554
0.617036444743718
0.623042673175661
0.718697921050421
0.652558707179537
0.647744297618061
0.589503408803978
0.694491204444091
0.604616614763074
0.611094183991241
0.670459557276331
0.630042083999683
0.635745307634039
0.562966921976283
0.607973234576235
0.656760373705936
0.600324046797425
0.524471845804243
0.730252503997974
0.721997306624019
0.603657099570739
0.554772325561828
0.645808433633533
0.695484386836142
0.625207474118355
0.584470162444234
0.748567460651458
0.607350391381203
0.70034256375726
0.63709199562328
0.587042336503657
0.616188031310514
0.651370255029036
0.643451729652384
0.655541621075685
0.654104031647165
0.714536655163727
0.591550374547609
0.669665011362696
0.594816092921491
0.530528575035788
0.727835199057324
0.603849002609223
0.72605420419157
0.675031562999749
0.535050079959603
0.716014645231894
0.552439188620497
0.697706422018342
0.689710462082331
0.635300900597599
0.611552057907602
0.615211682518321
0.651228852790183
0.691885363184923
0.617036444743718
0.592351653901204
0.61226916926185
0.53162612574701
0.609824930561416
0.617033078023752
0.681589933507297
0.604566113963472
0.530528575035788
0.641886204864932
0.56485228516118
0.540669135594641
0.568569144011462
0.570299638077614
0.585389276996892
0.526781415705756
0.553644474370856
0.58563168083495
0.663248043094029
0.552607524619134
0.632799427657602
0.636967426984256
0.596078612911384
0.645337092837309
0.551408972308735
0.636435485228532
0.579275313525812
0.567448026260422
0.600041242319691
0.534282467805753
0.529326656005395
0.589506775523944
0.61047807423617
0.575773924753804
0.648922649608636
0.657477485060184
0.564434811884524
0.688653312010786
0.564737816682111
0.525451561316402
0.786523861627813
0.541194343910462
0.592240552142073
0.554664590522691
0.586823499705417
0.627715680498284
0.579150744886789
0.697891591616866
0.562229610302182
0.61927868024577
0.600916589512678
0.63584967595321
0.471796145105628
0.579635552562934
0.589422607524625
0.548863732009096
0.562438346940496
0.423328844373373
0.657635720898924
0.579275313525812
0.507392475380868
0.569710462082327
0.575736890834122
0.526481777628163
0.588836798249304
0.591425805908614
0.578107061695164
0.64738405858094
0.561061358471505
0.539100244087194
0.611949330864405
0.502675700698603
0.479054793367567
0.516994360744064
0.592186684622504
0.534524871643811
0.487875599696991
0.661392980388854
0.562286844541717
0.54360491541118
0.584406194764767
0.60458968100329
0.570797912633623
0.559990741520068
0.513186600454503
0.578154195774772
0.596735123306132
0.599869539601059
0.551668209746651
0.549250904806001
0.507991751536082
0.533215217574281
0.531764161265897
0.576312599949517
0.567875599697004
0.505029037959787
0.499824088881411
0.611366888309078
0.522653817018778
0.577123979463011
0.576656005386752
0.471705243666378
0.635240299638099
0.522653817018778
0.520148977358815
0.52353253093176
0.516994360744064
0.539278680245786
0.421584883427329
0.476337850349296
0.475782341553753
0.533551889571584
0.505029037959787
0.575851359313191
0.531127851190973
0.497164380102703
0.527878966416978
0.572669808938656
0.546069354431467
0.488084336335334
0.52154616614763
0.480280279437778
0.510227253598202
0.576713239626315
0.494380102684971
0.510328255197379
0.542022557023813
0.551940914064488
0.481997306624038
0.581376146789012
0.544874168841005
0.517698005218421
0.513597340291227
0.517768706337847
0.455841259153289
0.591594141907251
0.528417641612663
0.584793367561673
0.554300984765604
0.514199983166407
0.438741688410062
0.561549532867616
0.524737816682091
0.526158572510752
0.515674606514608
0.48095699015235
0.535406952276759
0.569424290884626
0.494784109081735
0.454915411160698
0.492373537581017
0.521115225991082
0.413774093089813
0.507688746738495
0.454915411160698
0.451861796145124
0.517698005218421
0.43682265802542
0.520260079117918
0.503214375894288
0.471705243666378
0.598394916252857
0.432765760457869
0.46110344247117
0.461170776870631
0.505244508038061
0.540962040232301
0.53330611901356
0.472627724938974
0.483694133490445
0.435132564598945
0.467537244339695
0.510058917599537
0.454925511320596
0.462665600538685
0.50520747411835
0.519061526807519
0.457272115141819
0.393590606851291
0.45052520831581
0.453545156131639
0.455134247958938
0.568474875852218
0.479859439441128
0.474348118845228
0.456110596751131
0.498514434811881
0.466507028027962
0.536858008585142
0.5242025082064
0.468840164969293
0.461355946469155
0.487656762898752
0.540780237353772
0.453922228768619
0.419864489521103
0.592247285582033
0.471802878545589
0.407340291221288
0.491336587829323
0.512402154700794
0.415215049238299
0.421584883427329
0.451814662065487
0.391631175826944
0.448666778890669
0.464365794125087
0.406885784024922
0.446040737311677
0.422480430940169
0.461813820385487
0.460928373032573
0.487835199057315
0.476246948910045
0.454228600286172
0.427416042420674
0.436031478831751
0.407380691860965
0.491077350391379
0.422056224223553
0.376656005386764
0.508877198888996
0.461234744550126
0.377628987458962
0.497743455938064
0.520377914316981
0.473351569733182
0.442307044861565
0.447134921302933
0.489387256964903
0.475768874673861
0.43727379850182
0.399495833684028
0.519903206800791
0.414784109081722
0.601303762309584
0.404054372527582
0.482094941503249
0.510287854557703
0.442165642622683
0.56261678309906
0.39919282888647
0.353432371012559
0.436442218668475
0.432930729736569
0.461746485986026
0.413397020452834
0.462928204696595
0.483381028532961
0.475183065398539
0.464662065482713
0.454609039643145
0.371114384311085
0.366821816345436
0.350065651039472
0.377268748421869
0.4219148219847
0.394974328760213
0.413639424290892
0.416571837387437
0.438741688410062
0.454915411160698
0.487707263698354
0.414306034845566
0.4002769127178
0.471658109586741
0.396654322026762
0.414922144600638
0.423332211093339
0.461914821984692
0.442138708862899
0.492083999663322
0.369107819207159
0.391408972308739
0.422480430940169
0.380106893359141
0.4486129113711
0.415215049238299
0.386136688830902
0.442131975422939
0.3491633700867
0.437903375136784
0.424150324046792
0.473014897735879
0.420271862637833
0.450407373116747
0.45253514013973
0.464247958926023
0.438145778974842
0.450602642875197
0.393499705412012
0.419211345846321
0.361589933507275
0.431159835030741
0.423345677973231
0.402576382459387
0.502406363100761
0.426769632185852
0.410579075835386
0.383981988048163
0.445188957158507
0.444343910445269
0.3596136688831
0.34740930898073
0.3919880481441
0.422955138456359
0.345365709957093
0.395108997559134
0.355822742193425
0.396654322026762
0.392338187021295
0.3491633700867
0.480994024072061
0.405828633953377
0.381456948068347
0.40492298628061
0.362064641023494
0.35770810537835
0.336420334988645
0.394577055803381
0.382574699099422
0.414396936284845
0.39810201161518
0.376878208904969
0.374770642201838
0.391866846225071
0.393176500294601
0.486077771231379
0.338948741688426
0.417379850180964
0.413639424290892
0.393950845888412
0.385884184832946
0.418265297533878
0.392092416463271
0.383281710293744
0.334565272283498
0.427385741940924
0.443805235249556
0.342429930140554
0.433452571332396
0.42153101590776
0.397068428583452
0.471661476306707
0.403953370928377
0.407538927699704
0.334205033246377
0.387520410739853
0.434233650366139
0.383867519569066
0.382056224223561
0.386065987711476
0.380298796397625
0.346476727548207
0.349143169766876
0.33434643548523
0.363411329012706
0.373457621412342
0.409128019526975
0.361350896389212
0.378016160255868
0.346523861627816
0.338797239289619
0.355233566198137
0.362179109502563
0.336420334988645
0.360401481356803
0.327384058580947
0.335679656594579
0.468096119855232
0.381127009511005
0.32905395168757
0.346547428667634
0.427308307381537
0.40291978789665
0.385938052352515
0.3305891759953
0.333619223971056
0.339585051763322
0.408306539853555
0.375666189714678
0.339430182644577
0.344820301321448
0.394364952445102
0.30544987795642
0.373528322531769
0.38650702802795
0.321677468226596
0.400169177678663
0.346517128187884
0.350065651039472
0.409188620486503
0.401741435906075
0.392617624779064
0.355822742193425
0.321004124231962
0.42019106135848
0.382500631260001
0.391291137109675
0.363751367730003
0.409848497601217
0.337723255618215
0.346803299385584
0.345483545156128
0.364125073647017
0.336608871307135
0.330279437757781
0.309096035687247
0.315125831159008
0.339389782004901
0.333060348455518
0.396435485228523
0.32125326150998
0.332831411497352
0.317317565861458
0.380231461998164
0.335629155794976
0.398472350812227
0.295831158993366
0.407027186263804
0.334901944280801
0.354146115646842
0.330134668798934
0.337830990657352
0.322923154616632
0.34345677973235
0.373854894369174
0.338888140728898
0.315337934517316
0.334895210840841
0.298830906489371
0.395388435316903
0.339036276407711
0.33103358303174
0.396411918188704
0.380776870633781
0.33972982072217
0.349160003366734
0.383588081811297
0.348045619055654
0.311590775187284
0.347900850096806
0.30331874421347
0.366104704991159
0.326289874589691
0.344625031562998
0.335507953875947
0.348998400808028
0.336810874505517
0.304961703560309
0.322633616698937
0.308143253934873
0.321054625031564
0.324764750441886
0.342897904216812
0.357118929383063
0.326481777628146
0.318462250652317
0.283478663412183
0.314378419324981
0.425564346435493
0.371504923827956
0.365838734113311
0.308325056813402
0.285832000673338
0.309994949920053
0.357630670818963
0.373097382375221
0.33890160760879
0.272156384142761
0.278546418651644
0.362236343742126
0.348254355693967
0.27951266728391
0.310796229273649
0.250397272956832
0.38434559380525
0.327552394579584
0.330037033919723
0.266958168504345
0.358893190808857
0.300601801195199
0.360260079117921
0.384008921807947
0.31513256459894
0.301665684706677
0.309503408803977
0.358095278175256
0.346244423870047
0.322057907583542
0.302503997979983
0.348547260331628
0.331346687989225
0.30706927026344
0.309160003366713
0.314149482366815
0.325263024997895
0.337662654658715
0.344416294924685
0.337686221698505
0.331727127346198
0.293188283814487
0.258595236091253
0.352324720141411
0.340005891759972
0.29608366299135
0.286121538591033
0.294454170524375
0.29658867098729
0.287474960020205
0.329865331201091
0.343197542294433
0.287205622422363
0.316304183149583
0.330037033919723
0.334326235165406
0.308250988974009
0.301665684706677
0.244333810285326
0.315112364279116
0.312516623179874
0.266958168504345
0.326586145947317
0.257692955138452
0.308143253934873
0.27080969615352
0.36225654406195
0.293322952613437
0.278546418651644
0.311112700951099
0.293309485733545
0.322633616698937
0.290114468479089
0.309745812642035
0.338608702971129
0.309638077602898
0.299716353842285
0.266816766265464
0.284138540526897
0.322344078781242
0.270001683359993
0.35270179277839
0.343214375894291
0.282643716858871
0.283478663412183
0.267853716017186
0.324485312684118
0.339921723760625
0.273620907331036
0.308345257133254
0.31140560558876
0.257615520579094
0.264931403080567
0.2770886289033
0.288986617288117
0.326434643548538
0.278701287770389
0.285811800353514
0.295645989394842
0.257602053699202
0.251289453749678
0.345389276996883
0.294242067166067
0.275300900597614
0.310826529753399
0.324431445164549
0.25675364026597
0.254390202844888
0.341463681508287
0.244892685800863
0.273863311169094
0.302362595741101
0.298379766012971
0.240909856072733
0.250599276155214
0.315792441713654
0.299086777207322
0.331562158067499
0.2525519737396
0.324175574446599
0.265587913475315
0.263382711892945
0.238152512414786
0.249124652807012
0.319179362006565
0.322391212860879
0.274129282046971
0.302857503577144
0.291659792946717
0.294117498527072
0.235866509553063
0.294124231967004
0.283862469489094
0.257888224896902
0.301120276071032
0.280721319754235
0.273301068933591
0.233738742530107
0.255016412759886
0.324431445164549
0.288104536655169
0.240148977358814
0.270877030552981
0.287299890581608
0.20713828802289
0.281441797828478
0.264557697163553
0.259032909687733
0.235866509553063
0.276341217069273
0.29518811547851
0.231351738069179
0.259470583284241
0.27099823247201
0.271880313104958
0.256989310664096
0.241249894790002
0.280428415116575
0.248330106893377
0.229106135847161
0.252151334062802
0.276765423785889
0.227665179698676
0.299739920882075
0.269688578402508
0.245364026597088
0.292407204780744
0.213972729568212
0.245879134752983
0.30984008080128
0.263150408214813
0.26331874421345
0.293498022052034
0.231452739668384
0.26723423954212
0.270233987038125
0.271782678225748
0.204727716522171
0.252710209578339
0.297440451140488
0.261621917347043
0.273863311169094
0.250626209914998
0.259379681844962
0.277240131302079
0.197152596582782
0.264362427405104
0.265941419072476
0.317155963302753
0.21855146873159
0.251575624947407
0.272317986701466
0.235923743792625
0.230045450719643
0.218554835451556
0.275910276912725
0.220749936874
0.362148809022813
0.219426815924606
0.226665263866693
0.233270768453849
0.259144011446864
0.276889992424884
0.249057318407552
0.261706085346361
0.231631175826948
0.243340627893275
0.20886878208907
0.235125831158996
0.222625199898999
0.258285497853734
0.190712061274297
0.222318828381447
0.23429425132565
0.260652301994782
0.261224644390211
0.193021631175839
0.243933170608528
0.277617203939059
0.275321100917438
0.246471677468236
0.256686305866509
0.210498274556016
0.245606430435146
0.194859860281127
0.213363353253101
0.198438683612494
0.24146199814831
0.225123306119031
0.234297618045616
0.299867856241065
0.232270852621838
0.25784445753726
0.244960020200324
0.175706590354366
0.235866509553063
0.263204275734381
0.247370591701042
0.23753976937968
0.255077013719387
0.223534214291732
0.243202592374388
0.217878124736984
0.237603737059175
0.211740594226086
0.223742950930074
0.204444912044437
0.173164716774693
0.233301068933599
0.186921134584651
0.239576634963385
0.222386162780907
0.227203939062377
0.262931571416544
0.209929298880581
0.188745896810048
0.195152764918788
0.242980388856154
0.252491372780071
0.212043599023644
0.218686137530511
0.232732093258164
0.190341722077278
0.223709283730329
0.231166568470684
0.207650029458819
0.209979799680156
0.198226580254186
0.231722077266227
0.209188620486486
0.197496002020046
0.227665179698676
0.232153017422775
0.23691355946471
0.165667031394662
0.199586735123319
0.225739415874102
0.264722666442225
0.222399629660799
0.206441376988465
0.278394916252836
0.197650871138791
0.287956400976356
0.211919030384649
0.226473360828209
0.204677215722597
0.233856577729142
0.196428751788574
0.2283620907331
0.234149482366803
0.184850601801202
0.229048901607626
0.193062031815515
0.207414359060692
0.195092163959259
0.183668883090661
0.172016665263868
0.203172291894617
0.192169851022641
0.183298543893613
0.188863732009111
0.179413349044694
0.187947984176418
0.228456358892345
0.195125831159004
0.212198468142418
0.192923996296628
0.200781920713752
0.205700698594399
0.194762225401917
0.247670229778635
0.207582695059358
0.215380018516953
0.20341132901271
0.197401733860801
0.207912633616701
0.197852874337173
0.199206295766345
0.212737143338103
0.20565356451479
0.177164380102681
0.16349886373203
0.203421429172636
0.222668967258642
0.185224307718215
0.200064809359475
0.213575456611409
0.200239878798101
0.183355778133148
0.171238952950091
0.201327329349397
0.163327161013399
0.211595825267239
0.256824341385425
0.202179109502566
0.193290968773681
0.17990489016077
0.204215975086271
0.165667031394662
0.213969362848246
0.190048817439617
0.185022304519833
0.194762225401917
0.203323794293425
0.175743624274048
0.215945627472451
0.184635131722928
0.176888309064907
0.176925342984617
0.193896978368826
0.171622759027031
0.200394747916846
0.20539096035688
0.180642201834871
0.173582190051349
0.163744634290055
0.178531268411746
0.163131891254949
0.190156552478754
0.156132480430955
0.175881659792964
0.177945459136453
0.216959010184326
0.202690850938467
0.161589933507287
0.175807591953543
0.176262099149909
0.175528154195774
0.187766181297889
0.162620149819048
0.174969278680265
0.183298543893613
0.195381701876954
0.165667031394662
0.167831832337356
0.188900765928793
0.173864994529083
0.172427405100592
0.180133827118937
0.184857335241162
0.199973907920224
0.18273630165811
0.206532278427744
0.23802121033583
0.166959851864334
0.187621412339041
0.189880481440952
0.189463008164296
0.189139803046885
0.178635636730917
0.186900934264798
0.190526891675802
0.182551132059587
0.171989731504084
0.158280447773762
0.17632943354937
0.173366719973075
0.175544987795661
0.170972982072215
0.172390371180882
0.17378419324973
0.188378924332966
0.180581600875342
0.154977695480198
0.177453918020376
0.161552899587576
0.168151670734801
0.157913475296709
0.175787391633719
0.150220520158257
0.193880144768968
0.170693544314446
0.162990489016096
0.157273798501819
0.169552226243582
0.181901355104799
0.198815756249473
0.141810453665528
0.183668883090661
0.172016665263868
0.154008080127937
0.188671828970627
0.175881659792964
0.170700277754406
0.171100917431204
0.170979715512175
0.180308896557534
0.151206969110348
0.178133995454942
0.183904553488759
0.169333389445342
0.188163454254692
0.174686474202503
0.202239710462095
0.169723928962213
0.187655079538757
0.184318660045449
0.164259742445921
0.193240467974078
0.169097719047215
0.181729652386167
