-107.411836565308
56.4036212883867
1313.99939323246
2709.60450152881
4231.06423209435
-895.776309328698
208.54462355089
451.11707146301
-659.129698598078
608.643363848754
917.432142264683
3466.13377047396
3019.00592033268
1052.42678997295
829.258218104586
120.105240868753
648.885455891845
-849.641436766598
263.397180993841
123.507466722393
511.106828317437
1073.87538958095
241.245740590668
-597.976462366428
-466.802537302835
-377.79177203289
3541.76230242067
429.321811647769
-793.921642354981
-287.260293907513
63.6192939746444
4.65989243073248
141.766299209119
2007.90620815912
3781.19414378201
811.308865889412
925.516760501356
648.50092791003
868.902681128738
3005.71073934146
-273.457579457941
114.271932476184
-149.513562811892
2524.79446555922
2550.59695922349
72.4697942793591
-559.575466957968
187.062615622493
1161.19702852037
-216.203755445855
-208.023920860994
368.232476209279
888.361998352009
313.186074413727
277.377995952528
408.00398207379
-133.025565755255
-318.783219227565
-218.349443147555
3375.0319136074
85.5275765456115
-496.70677548748
-168.477383928758
-214.302363145888
3472.05144372185
-402.056064753164
-556.654571481727
157.422840417729
2247.3242988716
3260.98928529132
439.614119244324
656.047084087965
-844.420806671023
636.31965538735
665.044424519512
735.394633001791
3408.55861121753
3028.99041726709
2598.12859684053
379.872944683428
118.375541834398
561.947778818845
3230.50054958618
3086.79298091996
-647.523384895416
-442.4700783395
31.5948921314706
605.461069271428
68.7113371873707
729.558186739853
144.969615324133
4083.48965140298
2811.43621363288
466.584600440879
523.516153033107
1060.42692001897
3188.18797565809
781.821598685268
806.185534959192
1233.15486931938
3369.35243854904
637.417472355716
370.000075170777
1064.16583811522
749.161059966992
496.402658554343
-143.18551410369
493.38010254967
3151.67465109088
119.861948554926
959.133949695214
327.59388567381
587.550820468016
419.474191664106
-57.92588275929
-111.688730996605
236.22658316023
-251.219586811686
2710.36592739307
2694.89262065549
36.1692167130059
-59.7384756313345
316.525037327705
3700.96410345459
-415.107084788446
977.787833364349
806.04831169496
537.18021128489
3487.9093272149
-340.943539700209
302.271757314564
-94.4221107731688
787.829424796346
1856.37009566942
2379.37978064437
303.479987741891
232.324317178415
1005.5996655821
314.408866466052
241.548236395271
875.27448082383
336.370118690084
-1486.54964565551
2630.19130206658
2096.5120702425
1115.32516908392
806.631706294615
385.378369366924
3483.23368703529
91.3500573077828
1096.84712285683
2718.60898995018
2532.5273585795
91.7356393792269
2168.14830268948
3026.50793538143
3553.15698015073
779.825328156602
2899.04140334559
229.152740820409
-49.2776188443663
386.489285030581
-86.9239103777946
555.031798811277
-259.465311416772
232.98317636562
816.391279377056
-813.739237750446
513.955964553886
851.865296694338
-730.864747142833
367.483687039142
2652.00257103068
773.370990673887
769.800774994582
-182.847331464478
3104.83285818684
3243.92799659739
138.782536920242
3098.37530859535
2673.53505636474
1099.49978762344
-20.7558967082531
303.959481827489
360.371728547902
286.430445934629
473.077367139884
-642.26666577893
-129.236711020261
2862.82362275562
770.929709607165
2788.01750339659
-856.836801869764
905.081843210835
162.64240650198
-426.939484250395
907.090631284032
673.418100167589
4174.42856950642
2944.84969086885
44.7906131230677
1177.55645751439
823.840766626017
218.530033095681
-218.519713055267
301.802681210006
891.843466755453
2972.58150053905
1647.6677615707
3180.16609907897
-52.0491273257288
-143.751156054276
4046.32387803093
-184.7721581325
-574.877433075266
-177.677147734313
137.257920913447
508.745685973418
1000.08346909029
-497.368273208423
3241.58404135297
-31.577837938363
675.348735593221
206.376935123471
638.923065188017
388.472391818805
347.139840473375
-350.815793508696
-630.793174748933
2907.10840679044
1113.84653651847
-215.112406979077
-345.882663902549
3350.77259446048
2745.9479225568
381.246167963332
449.192054656985
491.628460799414
25.6620075738511
491.510074963432
1366.78993440676
-52.1181740398888
3500.6943009609
258.900795889254
-38.835142648455
286.207785939906
79.5778341695563
2099.28017898854
402.17880494624
121.113804130714
-213.701923608736
401.198486272596
67.2981600417667
515.667109749638
289.67925323261
631.376061049941
3084.86417997658
-150.984084464336
-264.795362042879
3738.20840338418
3420.41890775423
-100.865787518316
-327.924069427185
-527.664894709375
-363.882981262214
-249.333850450662
3403.35786711364
-33.3946765186323
851.271963731641
1000.91093998898
687.095483826794
-35.6168728262804
551.641664731663
3133.2978077028
-449.900963574463
-184.051917924602
3057.90882866342
150.244486706552
267.020755521976
201.54468181287
-851.893258719084
267.507931456151
768.049727433707
359.258519142439
-642.379971017389
328.008113920889
969.781186753544
3175.64884348731
56.0010156247183
2945.3203794896
3279.65843302063
344.019734862223
1065.8445106101
1106.87538664716
275.285682829867
-593.526959549176
3135.7281203572
24.8600197630514
-495.104360368155
1183.9272178487
3685.69432538189
-165.549862562021
1268.50210203785
2688.42911366368
1395.4713676972
-610.393005038264
1566.79819162675
3462.29050212122
147.318812889694
3364.42284466747
497.912668687637
369.23216900677
872.563683527937
457.849571827553
4127.60227501507
530.21341071627
684.283340073422
732.795833530258
1485.41200842399
-250.282302917654
3406.37855308005
-285.02702260176
496.927062026541
2444.27052237741
-160.249957476734
-41.3421563030705
135.530557720232
2858.83686283861
1164.07279221674
3548.4428778854
3676.53809872092
186.384062110637
-338.994151989161
478.064728486071
855.163518358608
985.134148079214
2876.94689405081
-358.123216106427
212.570798497048
535.64082550188
3205.52640492788
145.105057569763
3014.51303913122
106.60644054325
465.077408931007
-1047.12505101648
2948.30170668517
455.82544171017
327.431451526144
3388.33343427442
714.674809623928
3998.38222523531
-1131.11955240493
1316.99143784014
1011.86213582027
180.545920278246
2502.35523450481
-71.2194707523834
2758.69560060682
3320.03500180275
791.59117046524
-1034.58104197691
278.518216963176
-593.346913522188
-247.554174769943
2556.57627530716
439.474561926901
-288.990516354517
666.618540623331
542.499345460475
-203.133102574652
3045.01794052736
2406.92826346826
-268.640407680372
2495.32062875385
-278.542993811543
-16.7532611206364
827.985232922636
249.815832897934
147.809589215897
833.452905248902
868.09689581153
292.992361148945
1036.66985022662
-493.398722215454
1689.58770947006
-734.081739401498
3205.12701634798
3596.04308287188
-70.5515244129901
349.295641683819
2950.06785351741
2336.62250219515
3231.93077042796
105.145320353048
181.607514520262
830.435839605245
744.958618944366
611.259058062572
3234.15761243634
260.903248053005
-272.759022483183
378.045609454751
-399.319435982454
662.175400285403
789.627944164681
3971.89953853996
1043.11918677214
63.4112200511263
827.48421505085
1408.56076215545
3733.75993850769
2982.84140702834
854.2018224882
967.10244377746
-385.446157886252
447.265111508654
920.635612012074
-142.96044678244
521.270513007444
-859.900777066528
99.5568603588238
3053.61111397863
483.956473627827
501.228932133219
403.287097824107
-543.335011389534
211.088084917853
635.38617854317
3269.41158953295
-119.129249761462
742.542304112878
-66.4011678866224
1415.64454250916
-240.918001671367
870.817443752738
-544.156416833707
-68.3431076253067
-137.725326442317
517.494305420237
2428.32594818829
2948.69749978347
279.16317031751
320.554320096508
-124.496964253139
-59.7845974080214
-73.1540159203815
476.398345744338
806.394875896694
319.479435143641
434.131620490853
-292.372798898525
3406.62910131645
-222.43596422949
1965.0486339769
412.466267788335
166.797141051758
1134.7429599171
82.039054323594
-426.412314015697
-122.165038846775
2390.97055441636
-32.969734549583
475.865440824327
3226.43591383648
-65.2813637648555
266.5514027285
3122.33139503967
-660.928073814726
58.9073675028436
-272.118224760354
494.758209354542
2959.04061398965
50.2307566105661
513.970733778449
-238.112681676771
3037.64911916931
-848.783982576845
2485.69617399606
66.8707435323545
611.712712412627
3133.13986304149
304.917184449433
-328.476345214234
-7.29636183733974
-868.743085728154
-763.447257475847
236.261081420975
43.2182993326527
419.322347800821
1100.57284940406
382.684211627268
514.968019509683
-341.022622186267
775.541073091541
0.265184809944524
-481.012277004367
821.298987150113
-415.110907451861
47.8127872455906
3085.42951331221
940.28152453178
551.115094722806
972.488332070863
-592.050012278141
-566.199561990342
387.286606851573
-418.563166606791
-356.401830978491
616.003337716302
-49.9608863610023
767.814733977662
-197.286966552936
-818.619767386256
1023.48208926534
162.308001298829
-152.901891354175
-381.376439704695
4.22307241109418
-270.400036805569
975.345646171879
3363.56004104321
637.851408843085
712.779786779628
297.37467765963
548.347123776073
2299.97092601566
785.750901420906
2855.15549596616
2576.15284644966
3099.69314113736
86.1050454273788
2498.6022261055
283.663953698536
552.283861123996
-264.928758466901
3130.82598195097
-414.872111393664
809.547893203983
367.195411595433
3206.98559658011
726.120052478601
-498.571082164741
96.7970058314949
431.912975327909
