445.856346501448
9603.68322093765
146.494108361566
215.634520256745
-383.46970606806
29.1013142639114
8925.66254142803
4548.66073698593
9191.25017789097
9526.53574680068
-131.740514396708
-101.07596407955
589.218852407309
6371.07049603351
-855.136077689824
827.723632636755
5475.94689684711
6579.63091949826
7150.97805925961
-130.831104380493
1014.22553687818
233.525014628946
-234.559497438171
-522.937132694104
48.4380890846043
9653.68948511431
308.265933367941
8607.4250313754
829.269186283937
-189.611397353025
442.650658544636
7896.8911729171
376.474265136011
4663.74255623696
4597.6009584436
7806.39288619072
137.884471849107
134.308837048202
44.9032967990977
-45.4039703145312
5394.02255255034
271.282968892012
106.561042111962
-309.457312387708
389.171929503498
315.233908007648
-172.770467516766
9465.06504657684
294.498833285359
147.139995112816
5064.59961343201
5901.28120246855
-126.977744764006
390.372067508391
-154.263810371818
283.568421372693
249.054114323229
9372.68469887455
133.784698033022
4709.81878618282
7016.95981102158
7779.13887186957
-354.901165598373
-162.943319107594
776.640889574279
0.118142102710347
738.467765643591
371.868347659179
6.79288122964035
216.65410202991
-61.1001974329931
62.7975118744288
147.441753948804
9453.03331286897
296.075932189299
8895.03966029767
-77.0185413474279
665.082999894412
9110.48753833571
5780.29036467006
7796.99119218256
5444.68313817443
276.980070567239
281.74541589268
89.0308600241375
375.663009395204
-224.332273083636
187.36700198776
1096.48242654734
8206.28133618107
549.506650092192
323.97266840972
257.425719084967
-41.0081536721713
-70.4223337652352
-318.936498939957
1033.4073776246
695.038749733145
-76.5398638526664
760.116821072962
8172.33626974559
1019.85067675155
14.3315310797646
-275.815398361831
29.3813578491183
383.623338187065
8879.77489861214
-252.818417804287
9430.52387219011
-401.930284208023
893.702916362338
9879.90702491401
169.05744999425
323.219844513131
16.3554023424753
-245.588049022209
38.1374480754673
835.896251906162
-236.093021320597
-159.507281321089
9675.03395121545
-331.324806297606
273.354575389176
615.659491498167
-5.09193280698402
38.1606180375177
9709.21682109852
9529.17502327119
-99.2854268987602
83.6534601312655
-404.636800049636
-246.33443067538
390.603403045606
9382.06854603578
113.860080860899
-116.301841420816
-99.8152546155594
-312.073239424019
163.553366398756
9708.49706835036
8962.94878549124
9644.60681646395
7558.74045768514
456.356151475494
783.427995340682
-73.2048358749843
-3.61381342980418
7.49638183329067
8781.68334490654
9273.71393744686
5435.15377395429
5904.83972744348
416.294601511065
9093.82382603034
473.348847640325
-325.863665371654
5396.54621083401
247.259384806364
-43.4966692527853
6567.51859952323
-65.7040795954264
308.373464725574
9297.47383579299
-147.433250980284
62.9738351501257
499.32656883118
-27.7825006105255
906.389661739569
-67.3631768701576
211.253437946929
9238.87139527492
6123.92931759957
-273.32826022759
8268.34766264644
134.380080638508
347.245147903941
6120.03463832314
5416.654517996
334.886447817503
-184.925241107401
6004.51913901213
184.760778385293
1045.14629818216
258.773841025156
-14.5889682305241
-377.91871462303
7943.09478477209
7841.52402073701
-289.006666307247
5807.63639830883
5327.73724606789
942.999415244666
171.45127881277
413.993646641603
1010.21319369117
6115.4078520995
-151.515457406463
452.452722294211
-458.288874766202
74.6618251268846
-330.431082704674
216.265393107633
-213.571574913062
6659.00790605478
16.0672589909822
456.778960902485
1089.3659439694
-230.014148946959
6159.51120403944
514.924393905072
1014.06372543281
100.399178367836
8082.52223251999
-258.831030702708
4409.44663042103
-199.919432398631
8826.82715666767
6965.83452754531
-805.273910244432
7404.68751501532
486.962245376778
477.507579096157
-66.039029430766
9485.87992706431
985.409619021068
-436.758272472576
953.395475210115
841.475345628116
5988.56073468955
1129.93220749103
882.490525904772
-208.765468484845
7982.55208023119
664.200056051544
-9.90183996498605
213.566568527857
-269.777960313835
7039.40177246741
-51.8956456867869
9180.2138607188
-380.187875663201
-754.174628624618
-81.5155004592977
4431.55985957511
534.241952228628
6711.70427564321
852.050986957697
-246.153073761736
888.183424015638
198.204364119087
1005.37727564538
9439.89351275501
-47.3745315501532
670.128890899974
188.515593818716
-192.199807372649
421.094647188005
-270.734735215534
49.9313400448201
-229.302358763395
4974.17881297639
-61.0578380987597
909.439592260036
6501.22946599357
149.81016126474
1066.83646988122
-184.558598859186
-286.50462517909
4123.03293109533
91.2081035860021
7408.32660920385
-160.004402364598
-78.7588586544964
-146.997575474257
6674.2704863677
98.2640650698018
9820.17927885888
-88.3092740436138
207.295602090698
263.43973889493
704.308514417531
5158.14608934439
836.769592294705
853.593484874987
757.421466701424
922.396783311397
206.010970781685
8.78051166152328
4752.33029668484
705.038535508365
8360.12642922275
915.732060207245
267.271203386165
6.36568476454181
510.359880131779
-299.722828509224
793.460578735577
9482.01270891201
4589.29319553594
47.5252818872317
85.6159380877096
-282.934919184309
-256.090872256057
-295.463494134299
6730.41615981592
6568.61583140235
281.670265813591
961.02773592805
8173.90048794774
-320.178318908372
-648.291760434173
433.08589589227
822.918651213192
242.800512261306
348.271705980072
675.345948417566
994.397835907245
220.475492799895
275.031146668123
-384.193112067827
947.362710869289
7603.52579076726
124.482541895707
971.447277510198
69.7888351904496
4144.45068766965
-22.8351676277968
8951.92698130377
5513.29047204255
330.080386878467
1083.26961390974
43.5289927667565
62.9089657242832
-40.6672641247535
345.979131340295
38.6527619975052
-134.27096946131
-288.86541388282
3936.58659206743
160.747093650024
5117.43958414587
6007.12905371211
473.391284793014
521.540882391922
115.770947399574
-13.7679677984829
-196.54082926901
4829.1880246993
7231.1835993429
125.801289658953
7618.75627369538
-22.2011557165159
3300.81902075831
8005.53444866394
165.525605367737
346.326164956574
258.593528310182
9742.06314460111
9296.25792487858
-30.1639887535626
322.100114146307
-5.57139927130741
528.413146752222
124.994065235802
438.156903498498
7908.6767862762
466.784621209222
5141.1950168906
7832.83783077034
964.239883637523
910.522995718236
5544.29158934494
8098.75070736862
9564.93058137732
8600.44548860584
8899.58219934266
130.05128657032
123.072693656673
9385.94924985501
-374.06749946011
285.377541701563
5369.0990286566
639.794195624524
-644.249217437786
1.13556646177578
3614.86937901635
15.7017459136046
9335.78234075344
-213.772587748163
148.430327427706
-110.548673485088
-116.29846799261
5135.44921776142
224.148446582669
-195.366084717044
7334.80348665129
839.896686356665
-0.0798758465924437
201.895456459811
-54.9688533872924
-107.969410180169
5558.13137905072
359.464801099581
-223.729407049203
1060.63136542077
9873.26189495977
5132.99559513384
-136.309538919286
68.9775053119915
1013.08456296551
153.492379742159
35.4975733522594
8150.19543433271
-21.8376557784959
-344.845217677511
-326.246038430983
4720.89873194188
393.926533197778
246.828390689016
-114.43942495872
-79.2880292776561
499.326353193827
738.886872086135
75.6107409975695
997.216588751599
9832.03617126204
9275.57851619206
248.774495091642
-146.185398647112
952.641655883155
-260.579376608634
977.772069870554
5550.11405294998
7314.45045789042
-166.457264794915
-19.5909774938746
628.807898348338
-300.943939614057
-416.162636173163
5749.95639703939
211.314625784652
-303.257664455869
4418.85469665381
548.343256581325
6176.26072542677
306.621536527351
5128.29864684795
874.171098852481
530.495595808277
124.244811672231
3984.34680420415
6547.0840074128
449.015520872896
162.319629166079
-272.780576261132
227.457377422688
-67.8018761252421
59.3793949421694
395.449740906806
5773.03673001394
-232.474277817459
304.825301772114
5934.97746103354
277.055076275752
7392.59427256859
50.4904687323869
8154.88665132231
16.7314383562042
90.3896910064937
663.949869234631
589.655069408983
141.746978333759
-212.627981054685
-837.371263870534
-300.906337819501
-188.135082379234
213.908023037714
173.668923120702
423.8571635097
104.237030176766
-865.08661687073
1048.81969666543
141.582720706172
-553.498123690728
-343.346146104844
554.715384885937
-479.055779594691
591.436197939709
-85.9447458872269
-306.567796793668
448.883494691936
166.15256340792
1726.38181949455
8285.970570257
168.098746551682
629.469477618132
325.256538607028
769.366542442135
4551.03055208271
986.370175881299
9371.18819237856
-272.316042386044
239.309806219918
622.715855961397
1014.14116610639
54.5807457858178
-272.905432467257
-175.362960125724
9369.81987527036
-175.317301810378
-159.709852544543
369.569825390017
3951.61888430393
6827.24010923378
234.787753244908
1042.37684646026
216.067156280182
-6.52667317931007
5765.79678048527
7047.55807690582
889.460911619127
-578.536487677672
402.788138344988
817.536499998527
631.947417782911
8758.98013656742
-91.0728280408471
5376.99833805082
336.743252735473
933.065377556355
4691.88271401171
-293.584489734245
80.5852278496669
9351.62086553895
9157.838194018
5139.93737117582
111.907909930698
374.756870184468
6319.00647177095
4863.52981749722
-125.339389478298
9147.82123958936
451.379843560435
954.130954910996
61.7339065061032
