13.0654005251996
5.64266096084703
5.33842259163042
9.21797638482647
5.12123001414459
5.27374944680798
9.52750123991739
5.30184808390613
13.7529149267568
5.93996598025375
5.66258981586425
9.60329861913309
11.3786632855851
5.27798584051384
6.9162188092667
13.3612524638902
5.35014787970768
8.33319408005594
11.1538963085293
8.3863960911773
6.36209082916086
11.0971855120847
5.1621115299216
10.8744265068428
5.86211084832656
5.64833064067547
12.9784306157456
5.52430837627407
5.54036278646332
6.02249495657537
13.7466660975409
5.23060005819608
8.56547862037874
8.92828871874381
5.29764710516798
9.24732848221604
11.0504489499922
7.28058770253025
5.4200070246248
5.56185745195912
13.5098453956207
11.8637602607222
9.20929524056207
5.08844087203538
14.0564203109359
5.23712253507576
14.0861325621346
5.09435846894463
5.3367880158746
7.19022696251935
14.5232866901498
9.12109515556271
10.5447631479794
5.70558960214312
14.5244379895696
10.822663304877
11.0727670516468
10.3803320336438
11.2700013696964
5.35200947291547
5.4803729669942
5.1797724488971
5.50308760721712
5.0767734704834
5.4756664077368
5.4523327388408
5.37280172805825
13.3295540150465
11.6301571328984
5.94110573042531
5.09423507140993
6.07108895936146
7.9750729989457
9.80707450199377
5.36773486939844
12.3322673863002
5.38011979619059
5.51478088427174
14.5372950118887
10.910236785
13.749667833413
5.54737516776539
5.53482677211876
10.425126431523
9.07952776110006
10.3110439509647
10.3032143885908
8.15461693006425
5.03596538593009
5.33121954333584
9.68726515719655
11.3158057696668
11.1533024806983
5.47572483686699
5.57360256554136
9.05614446467351
13.4663886469418
5.42039662227892
14.6491154488698
10.9491393639626
5.4271368352947
13.3010508096537
10.3889299115087
5.11987836091815
5.05195220771701
11.2650493207657
5.57394342388934
10.5471481194764
13.6321800120485
14.6632115478119
5.08186087442421
5.25737351308565
11.0239301761689
5.69680946697535
5.01900260863038
13.5191308885858
5.63412644302515
7.40880947454169
5.13777762696021
5.12128462148442
14.1976709390133
13.3381990435443
5.00936295028332
10.3992658277276
9.33353971693136
5.50254729684979
9.3917016667239
5.21993426250034
11.4525205964274
13.4819202133773
5.62772446614565
5.13604610456896
5.72200424635614
10.7427840780613
13.4549010142598
5.62162272268668
6.77400856122752
8.46654025474606
11.7143003501523
5.50840125486241
5.70911458656459
12.3669037845932
6.91565941977297
12.0746495474948
5.01541869384842
9.43070852140453
10.8502605212216
9.67833594505238
5.48378231920138
14.2476199082059
12.3594775683212
8.73498355800083
5.6952118019459
5.04247468461106
5.52031367268716
7.42152873121495
5.10863786309976
11.4064733772104
5.33619921300147
14.5069622438528
13.2139600631521
11.3616295676407
5.52567151342213
5.24826004873796
13.8096840008729
10.4658452005584
5.47499985646127
7.80279902731639
12.0843876202706
7.96654172362022
10.7427072276132
5.03107293632197
5.74337331460791
12.7930866411282
10.4946131692828
5.90478029182377
5.81972871050596
5.57209556147078
10.870236275525
5.34533949437921
5.42536506440577
14.7544270694128
5.40091198369937
5.00813876102355
12.9677832870101
7.9452154709312
8.17521943914713
5.44220909939113
11.3619701907525
14.0391928875729
6.8415684670703
7.90380277640687
9.87509205145238
13.1646875013516
5.54120489729335
5.30381125296548
5.41462360168845
13.6785421831596
12.7618785266403
5.27469608192017
8.17251089851124
9.10071059148907
10.3118612232769
14.3780139412132
7.56467821333178
9.52095447210422
5.79698690585788
9.20803465794231
6.62002939770319
8.6836332228011
8.12410516914688
5.44901011665851
5.21301033612982
5.52689016020524
5.44947044745511
5.22463773562645
13.4079190493416
14.1519662381882
7.48809660992123
10.4040514564382
5.29904670776716
5.44106389952925
9.18668311708253
13.106613958267
5.40101549600856
5.27078233159942
5.52566326937489
5.06452618881281
12.8642861815179
13.7206110881717
12.3026706710264
7.75977329352227
5.01539311507307
5.15732923126064
12.435666797123
10.8629166577575
5.03261882296047
5.46022499400216
11.7161197927602
6.8850510641332
5.76744174567131
8.57324561067508
5.15478442464806
9.47835859883931
11.087704399369
12.6570684892194
13.3203821556634
7.39830444076618
13.2103111901651
14.0189212892887
12.5346625043181
10.2745725610305
10.1852049764512
5.80020262395313
5.36148524686119
5.37856197795805
5.10741698535891
6.13178262253558
9.84178537514835
9.74973318342184
6.25479547097229
11.8846839248684
5.38418026146023
5.17591354566747
5.26359258898736
5.41898977729695
12.8205611952863
5.01146540492897
13.1788054802461
12.098015827859
10.6877576019025
6.98870990548624
11.6030153027257
11.2532930234331
14.2192089358858
13.8865485376859
5.52159706103025
12.3838948896075
5.28097704208261
5.57646132886828
10.2966356849404
10.1963450706469
14.8345148426486
13.8947076959909
14.0620182095347
5.53121169051341
12.0596102334309
13.4143590364138
5.32628503472268
7.48145124200814
5.51173182948894
5.47598674830748
10.3438085767942
13.1968394105887
5.35740357150685
7.52872128655908
5.19908372385158
13.5709532858984
13.3359092260002
11.1744443588224
13.944493111388
5.12847374717376
5.55097679804634
5.69985165218443
6.71586237259707
5.36986070453674
5.83604726417535
5.52393493675872
5.44695434313689
5.75562384941629
14.3258835799356
5.60251462352574
13.2793312546606
5.74379493152672
11.1046954146037
12.5620782343423
10.2973791347876
7.69059813268937
14.6837708399393
5.89617704748257
8.74227427695534
14.6208649730544
5.11211992732803
12.343411205601
6.38104663754156
5.4611487111219
5.22890724022183
11.3623278952532
10.7228401265048
10.0673337505341
11.8244759773546
5.59526382656766
5.53517799816984
12.8442713109107
12.7281623832612
5.02499130687261
14.8581665313019
5.63468766819134
12.1119214246111
14.8593596817274
5.33015530286364
10.8296338384425
11.2517013446413
5.2051635392355
5.87426300740064
10.2973582876041
5.59766933508644
5.53438427653238
14.3766827693993
5.05577507920607
12.3538481659542
5.58958562292836
5.09374287681686
6.7602597348525
5.52108958668676
5.10573355599782
5.47658354252539
5.7871840681161
5.0215724634415
5.3062121488499
5.30333920254016
7.55753716958747
5.92958514268417
13.239101402422
13.8052617275198
8.53493238739696
5.28541019311583
13.1384954462822
5.70706565537964
5.63850180437435
9.59926072278829
5.28078157674853
9.57873643790882
6.03830228453789
13.1089664026013
11.2234898692345
10.4630032008431
5.4094524650103
13.4210820399684
11.0388200132218
9.22913585256767
5.00084855288341
5.89962991795736
8.27836028027406
5.38821791429614
5.37153955066938
9.79616381069018
5.83421790408833
5.14831395844276
10.6864171015982
5.43496893796845
13.2013942769036
5.49840095024916
6.00366160255711
13.371622142235
7.29948271000993
5.40020322266284
5.23187878950451
11.3590410909174
5.14085524834443
5.56278335872491
5.29506810552648
11.0759506313302
13.5957032515735
9.17312151135652
9.44640576300372
7.96774027486534
14.0836079917547
7.08041982885252
5.23496013034267
9.57631274774975
5.30511050839782
6.08211366290507
12.9338332872513
5.22304159422269
10.3175168267691
5.50758614042501
7.68510890176795
13.8796543745536
5.14519625338574
5.39071554870409
5.43762392584348
14.3610606267616
5.16589994276894
12.0291071999211
12.1658616887225
13.0930254650523
5.87664029544438
14.8067944149686
7.57440370902974
5.06223398820959
11.860732420844
9.58085476630907
7.62846204585914
8.09267098598392
5.71861272262044
6.14518087335662
11.092842426703
10.2297713904784
5.64586608781807
5.07467489527473
5.30494536520515
14.2486386293824
12.8165099051675
5.31258853032275
12.6029297083873
5.52152335357149
5.24150403119061
9.1029354508211
9.8090607928431
10.6214580372706
11.8224503116029
5.42124207068027
11.2444523771029
5.58967922561947
13.9480855752056
7.9232065216641
5.00190259956616
13.2306382442482
12.0388292339103
11.2214449726785
9.50854347615607
9.27275986291793
5.10804545031344
5.6877637954287
5.14534929632693
5.56443113827666
5.3101610888849
5.96228215995095
13.1116648604198
14.8817941321901
9.0804104768847
5.59500648402374
5.8747613482796
13.8376577271035
10.7559842737846
14.0889017981639
5.16220477365223
5.04213870143839
8.91362206565584
9.81674597867214
5.10040415747465
11.8522770841354
12.1530594544101
13.5163288460032
13.6642522040043
5.56144951347098
9.99924298111698
7.78997691221433
5.56824127069863
10.2063897355437
5.41768657515731
5.5574844830843
5.0597356897674
10.0848278039831
11.2747162132175
12.3900179574462
6.10863837477299
9.47765002166192
5.39025235585225
11.962765241912
13.0714428221672
5.40062237958897
6.12747009418803
13.7615263535181
5.4947713558352
5.37994039337562
12.5949139329713
5.55457639170417
14.8683900173858
5.34966312698764
6.49856381048736
7.66811983442391
13.4712173142535
5.63380524866759
5.19049679838729
12.5111991249609
11.4375781145127
8.06735951301915
5.13729056220921
5.18466262595982
10.069033342295
13.676998003588
13.601873843088
5.41645950910764
9.16080558623405
6.21405303837205
9.64985616095849
5.26795229788074
8.29412738001173
5.29212585725282
10.3125101233268
5.42939834259944
5.53234890981407
5.24231878895201
5.48001203150758
5.37972689819154
6.03159702461749
5.40952769739998
13.0366810050522
5.30744359243775
5.1410674850396
14.6390925146829
8.6078025797339
5.04290144834001
