52.9485236932918
55.2639213870886
53.0892020873664
54.0054279942766
53.3112069691103
50.1153918020369
51.7282122716943
52.8585750357714
53.6174774850602
56.8460407373117
53.0484816092922
57.3450155710799
56.1748043094016
58.2140265970878
56.8436907667705
52.6539053951688
52.7425679656595
55.3368546418652
54.910372022557
56.0260491541116
56.012629408299
52.504372527565
54.1640476390876
52.4464413769885
52.3633608282131
52.4525385068597
58.831004965912
56.7154322026765
53.7264716774682
51.7425073646999
54.0194470162444
54.5938464775692
54.6794655332043
57.7275422944197
56.7510958673512
54.3077358808181
54.5533078023736
53.3358984933928
60.0457646662739
56.8440173386079
52.1504427236765
56.2637867182897
53.2926765423786
55.8000143085599
58.8399537076004
56.3599200404007
57.8397820048818
56.2495353926437
52.7238220688494
53.1752049490784
51.4869261846646
53.7579000084168
52.4422801111018
53.3112069691103
54.5938464775692
53.0410579917515
52.6977838565777
55.212380271021
52.5714880902281
55.1120520158236
54.0741124484471
49.9559574109923
51.1883957579329
53.9110958673512
52.0094916252841
53.3754574530763
54.9368849423449
53.7467090312263
52.5631689251747
55.599128861207
56.6548245097214
54.8046401818029
53.1842681592459
55.7782282636142
55.122869287097
55.0219148219847
53.5817330191061
51.3961998148304
54.1309393148725
55.2071551216228
52.4387147546503
53.0892020873664
54.0054279942766
54.6219484891844
56.0114005555088
53.1683671408131
53.9549978958
52.7034736133322
54.1108871307129
54.7824635973403
53.5295555929636
53.7766021378672
57.3648320848413
52.0382770810538
54.2766374884269
57.0354860701961
53.8441688410066
54.9489142328087
52.03500462924
51.6062057065904
52.2328128945375
51.4833473613332
51.8467746822658
52.7034736133322
51.4735098055719
50.1153918020369
50.3981558791347
50.0655071121959
54.6300387172797
53.5664077097887
53.7483654574531
52.4387147546503
55.4711026007912
51.9885809275314
53.9844061947647
51.6020545408636
50.4465390118677
53.0993998821648
52.1192365962461
55.410494907836
50.684744550122
52.9406186347951
51.1231520915748
51.687380691861
53.1213845635889
51.7425073646999
52.3648085178015
52.0133397862133
51.3055104789159
53.0484816092922
51.8433069606936
53.527878966417
52.1362082316303
52.8744693207643
54.1812650450299
52.926374042589
53.2932051174144
52.0094916252841
53.2168512751452
53.5817330191061
51.8290994024072
51.2479092668967
53.602377745981
52.5631689251747
50.2825662822995
53.9572434980221
49.5358513593132
52.4525385068597
52.2252243077182
54.2622144600623
51.9761947647505
52.4546528070028
49.8497239289622
51.9057966501136
49.5891027691272
51.7210680919115
50.6139558959684
52.1509881323121
49.3431167410151
51.9638523693292
50.6844247117246
50.2825662822995
52.1382450972141
51.3510790337514
51.5701683359987
51.0287223297702
53.2969556434644
53.2684024913728
48.4410377914317
51.919374631765
51.755627472435
50.4779707095362
50.8216926184665
53.5600782762394
51.7155668714755
51.8470541200236
52.8720217153438
52.8752268327582
49.9249061526808
50.8041823078865
51.4938279606094
48.6724694891003
52.5450324046797
52.7505201582358
50.2007280531942
53.1317675279859
52.5130182644559
50.4465390118677
51.9499680161603
50.5628659203771
50.9101868529585
53.7703703391971
50.8728364615773
51.6020545408636
51.987749347698
50.272375220941
51.5124627556603
48.4530839154953
52.5141999831664
51.6223625957411
50.9978124736975
48.0525385068597
50.4577838565777
50.960374547597
52.0247327666021
52.6925991078192
47.8741966164464
52.6877611312179
48.710998232472
48.6502693375978
50.7966846225065
51.1954860701961
50.4779707095362
50.4465390118677
49.2715874084673
49.9939171786887
49.6538683612491
50.3483688241731
48.7037867182897
49.7401338271189
51.584618298123
50.3121934180625
49.3431167410151
50.1918028785456
51.8920402323037
48.8304629239963
51.2641671576467
50.312254019022
51.4545181382039
50.1209132227927
46.9198661728811
50.8041823078865
50.3981558791347
51.4297761131218
50.2025797491794
50.9346124063631
49.4989386415285
51.389496675364
51.8708332631933
49.5552638666779
51.6545181382039
50.2234298459726
51.738002693376
48.1533515697332
50.0163024997896
50.684744550122
48.4993224476054
51.065752882754
51.2474210925006
48.7624114131807
46.5755247874758
49.8342740510058
48.0527034761384
52.1723567039812
52.7670945206633
47.9439920882081
48.1979336756165
50.933501388772
50.2058185337935
48.3629063210168
50.3483688241731
49.1424097298207
50.2825662822995
49.2318668462251
50.5389420082485
49.9429147378167
49.3431167410151
47.8620393906237
48.7624114131807
50.2206624021547
48.2935687231715
46.9636705664506
49.3840930898073
47.5746595404427
51.1447361333221
50.5129913306961
48.1636772998906
50.6397416042421
49.1620208736638
50.28125662823
49.9282324720141
45.6842833094858
51.3702255702382
50.834876693881
48.6393476980052
52.0842395421261
47.1964388519485
49.5731041158152
49.5876887467385
48.8131916505345
48.4993224476054
49.3431167410151
49.4989386415285
49.8657023819544
48.0676517128188
50.5636537328508
47.8210765087114
48.741123642791
47.343497180372
51.3905403585557
50.2993998821648
49.8466837808265
47.6213929803889
49.2968681087451
47.7112642033499
48.6502693375978
47.744752966922
50.1434332126925
46.6005092163959
47.5700572342396
47.2875523945796
47.2131781836546
49.7406624021547
46.5204688157563
48.1647310832421
48.5342589007659
46.9028575035771
48.0527034761384
48.4993224476054
49.2102693375979
48.9364405353085
48.5612128608703
47.8289074993687
47.6223457621412
49.4040779395674
48.2274328760205
50.0718298123054
49.3439786213282
46.0390918272873
46.8514611564683
49.9265996128272
48.9521833179026
47.315876609713
50.8723954212608
48.6775599696995
48.6390918272873
49.1562671492299
47.200630418315
47.5283065398536
47.8467679488259
50.1007836040737
46.9149271946806
47.3972199309823
48.201371096709
47.9198863732009
47.3912372695901
48.987123137783
45.175874926353
49.2090674185675
48.6841890413265
47.838495917852
48.1231184243751
47.1079782846562
47.4243253934854
45.1779488258564
46.6791692618467
47.9324139382207
44.401132059591
47.0181945964144
46.8683183233735
46.4674497096204
46.8872695901019
47.9989638919283
46.7149271946806
47.0006910192745
48.4938414274893
46.341123642791
47.8819670061443
50.3444701624443
49.4783107482535
48.0567873074657
48.6152756501978
45.9097020452824
49.0681836545745
46.7778612911371
44.2498148304015
49.5109342647925
47.9142605841259
49.5822582274219
47.9272796902618
47.5410731419914
49.0062932413097
46.4805900176753
46.168996717448
48.0022430771821
48.4699377156805
46.1208660887131
47.3340669977275
46.9500959515192
48.1837732514098
46.4420612743035
47.2579420924165
46.8202853295177
48.5592332295261
45.7213071290296
46.0931882838145
46.1017666863059
48.4712440030301
48.7464565272284
49.1474362427405
47.3125334567797
46.2619350223045
45.8981104284151
45.5767267065062
46.5083688241731
46.5553211009174
50.3617044019864
46.6310824004713
47.1096717448026
48.9519880481441
46.2870204528238
45.9887627304099
45.7996170356031
46.1464363269085
47.2491987206464
46.7467595320259
48.4592079791263
45.9996002020032
45.1641486406868
45.5831638750947
45.4047782173218
45.5524492887804
48.3663302752294
48.3363159666695
46.2982046965744
46.1208660887131
45.9721614342227
47.3246637488427
46.0901380355189
46.0390918272873
46.9500959515192
46.8202853295177
45.9097020452824
51.1628423533373
45.175874926353
47.200630418315
44.2498148304015
46.9911867687905
43.2430073226159
47.500877872233
47.8425999494992
46.2119526975844
47.9666905142665
44.3521900513425
45.1779488258564
46.341123642791
46.8217431192661
45.4158345257133
46.7149271946806
46.9149271946806
45.175874926353
46.1464363269085
43.7494057739248
47.8223491288612
48.000872822153
43.5685152764919
45.6674261425806
46.3087930308897
45.1835847150913
45.3717809948658
46.1017666863059
45.1641486406868
44.797876441377
46.5726731756586
45.2999015234408
45.7163412170693
47.8942723676458
44.2149490783604
45.5260609376315
45.3479513508964
44.7030999074152
46.1753968521168
46.0931882838145
45.9996002020032
46.1208660887131
45.175874926353
45.3264582105883
45.1472780069018
46.7153143674775
43.060874505513
43.4492121875263
48.5218188704655
45.07750273546
47.2157032236344
45.9887627304099
45.4158345257133
47.7325789074994
45.2494276576046
47.1030797070954
44.6525486070196
44.7687240131302
45.9042647925259
44.2498148304015
44.2498148304015
47.9770835788233
43.5576205706591
44.4854717616362
45.8578848581769
45.4448859523609
45.4304292567966
43.3425544987796
44.7052579749179
44.6018660045451
45.0843169766855
44.8484344752125
45.5350197794799
43.7502070532784
45.3569808938641
43.7908871307129
46.0402600791179
45.1526445585388
44.3294714249642
44.2498148304015
44.3521900513425
46.0241065566871
44.2498148304015
45.7851334062789
45.1422986280616
44.7628928541369
46.2504376735965
46.5921866846225
44.4160432623517
44.5843927278849
44.3984858176921
44.3037934517297
45.5348144095615
44.1264514771484
45.6883435737733
44.2149490783604
43.0914207558286
45.3628221530174
43.2430073226159
43.2430073226159
45.1472780069018
47.4592382796061
46.1139070785287
45.4395968352832
43.3580481440956
44.2945955727633
44.3987046544904
44.2498148304015
45.5238321690094
45.175874926353
45.4027379850181
45.1429416715765
44.3329593468563
42.8696145105631
44.0268133995455
44.3207112195943
44.4413037623096
43.2684529921724
43.2098451308812
43.0788157562495
45.5224316135005
43.0283149566535
45.0676752798586
45.7961526807508
43.8721765844626
43.7509005975928
45.0878183654575
45.478374715933
43.2430073226159
43.600499116236
43.2430073226159
44.6338195438094
43.5576205706591
43.0934609881323
45.2414687315883
44.0633019106136
41.9143245518054
43.7345383385237
44.4013340627893
43.8925452402997
43.2430073226159
47.49124905311
43.2430073226159
43.7221723760626
45.8384588839323
43.4516631596667
45.982746401818
42.1022683275819
42.7026049995792
44.5070995707432
46.6395901018433
44.5092610049659
43.8494613248043
42.2931647167747
42.8950433465197
46.8328364615773
44.0501178351991
44.5950079959599
42.6501447689589
44.420874505513
43.3629871222961
43.6668538001852
46.076502819628
44.7001910613585
45.3387938725697
42.9455542462756
43.3458000168336
43.3293872569649
43.2430073226159
43.0283149566535
42.2762772493898
43.0914207558286
44.1796119855231
42.5525132564599
40.6940400639677
43.2430073226159
46.1267713155458
43.2430073226159
42.869500042084
44.6446603821227
41.6166560053868
45.4112961871896
41.9327405100581
43.600499116236
43.2430073226159
43.5949642286003
43.7801977947984
43.2417212355862
42.5188965575288
42.8950433465197
44.9319257638246
44.509378840165
44.0268133995455
43.060874505513
43.21875683865
42.8558547260332
41.6510605167915
43.5831201077351
43.789500042084
43.5004805992762
43.3622632775019
42.3960483124316
43.7592803636058
41.4585279016918
44.7308888140729
45.1645593805235
42.7414098139887
43.0591709452066
43.5810630418315
44.5391137109671
42.89250483966
42.6672140392223
45.043505597172
41.6273386078613
43.3699730662402
43.1432783435738
44.1856316808349
41.6361560474708
40.0262141233903
42.6501447689589
42.7239735712482
43.2084782425722
41.3682223718542
42.5351712818786
42.8895488595236
44.545877451393
42.8456400976349
43.3199402407205
42.7016118171871
42.5580245770558
43.6048388182813
42.0401052099992
41.9477358808181
42.6804183149567
42.604758017002
43.9353295177174
42.0891549532868
43.7099848497601
44.1604856493561
42.7497963134416
41.2952015823584
42.7245560138036
42.8906632438347
42.2309847655921
44.8961341637909
45.1421168251831
41.5143615857251
42.0849398198805
42.8920200319838
43.1966913559465
40.3080388856157
44.9328549785372
45.3730569817355
44.1476988468984
43.0139053951688
42.6916463260668
42.7977081053783
40.9283907078529
44.1775582863395
42.5532775018938
41.8135384226917
43.8225780658194
42.2495421260837
40.7567014561064
42.324751283562
42.8970633785035
45.0160600959515
38.8731664001347
44.0332135342143
42.2319510142244
42.4583225317734
42.2412195943103
43.768875515529
41.9892408046461
41.9792382796061
41.3682223718542
40.7192736301658
42.4555752882754
42.5532775018938
41.8966997727464
41.4629383048565
42.6765364868277
41.9941595825267
39.3385885026513
42.0689546334484
43.5702929046377
41.9125704906994
42.1973478663412
42.4247698005219
41.991503240468
41.1916547428668
42.2762772493898
42.2309847655921
42.6166425385069
42.3571626967427
40.9885539937716
42.7236032320512
42.0274059422608
42.2623390287013
43.3175263024998
41.3471770053026
41.9622094099823
44.0107070111943
40.7191625284067
39.8270894705833
41.2567031394664
42.9504359902365
40.5667174480263
44.6436570995708
43.227005302584
43.5732017506944
41.467119771063
44.1698215638414
38.6832295261342
39.919250063126
42.0969388098645
40.3753059506776
40.4020747411834
40.9846957326824
41.968131470415
41.6254633448363
41.2939895631681
41.0760079117919
39.8160668293915
40.7121530174228
41.0458353673933
42.501871054625
39.8044651123643
40.5832379429341
40.7850357713997
41.546618129787
41.92375136773
41.1221925763825
39.5055172123559
42.9674278259406
41.1527388266981
43.1750332463597
40.6804082147967
40.0401018432792
41.846623179867
41.2170633785035
42.5497963134416
38.4752099991583
39.7513652049491
39.7520149819039
42.4563597340291
40.9018407541453
41.3804065314368
38.3452983755576
43.336006228432
43.972127767023
40.7209468899924
42.1022683275819
41.1999907415201
39.5035813483714
41.1047327666022
41.6043674774851
41.6489866172881
42.0407920208737
38.6842227085262
41.5094933086441
36.9447967342816
40.9518567460651
42.2268908341049
43.362623516539
40.5873958421008
41.0229383048565
41.0458353673933
41.1916547428668
40.8820814746234
39.9911160676711
40.3751140476391
39.7126714922986
38.0585986028112
38.7404233650366
39.0218845215049
39.3588090228095
39.7829282046966
40.0571542799428
42.1022885279017
41.1777602895379
40.1988527901692
41.5894596414443
40.7454162107567
42.2762267485902
38.8104612406363
39.8614367477485
40.0401018432792
37.3909780321522
41.9628255197374
39.1302020031984
39.3385885026513
40.9885539937716
40.080997390792
41.0699781163202
39.0179084252167
40.2601540274388
41.1102137867183
38.7189571584883
39.0147437084421
42.4724896894201
38.7769792105042
39.8150366130797
40.7121530174228
36.8874278259406
38.7746056729232
40.234506354684
42.2810074909519
39.8474648598603
39.3445846309233
38.6832295261342
42.7954153690767
39.34124821143
40.6109056476728
40.3578326740173
40.6305403585557
37.8924577055803
38.7669261846646
39.990877030553
38.8227969026176
39.6078991667368
40.0451586566788
35.9024366635805
40.3551561316388
40.6340552142076
37.8346679572427
39.0147437084421
38.6651704401986
40.5755719215554
40.6203459304772
37.3800227253598
39.3152975338776
39.3135569396516
39.6292340712061
38.7970549617036
38.4753951687568
38.9269026176248
40.3560550458716
41.1857394158741
37.2992450130461
37.7206876525545
37.6591372780069
38.8885556771316
39.6434281626126
39.8511480515108
37.9914258059086
38.7038708862891
38.5521866846225
37.6296852116825
40.9411505765508
39.2145114047639
40.0719880481441
38.792001515024
41.0336815082906
36.5493317060854
39.6043708442051
38.0307962292736
37.0515352243077
40.1602432455181
38.1880456190556
38.4739912465281
40.7674345593805
37.7032682434139
40.8401725443986
38.2061047049912
40.0603122632775
35.6443237101254
37.5565566871475
38.6527102095783
36.0556628229947
37.7221858429425
37.7105369918357
39.2441149734871
35.7454094773167
37.7032682434139
36.5493317060854
38.1782013298544
39.7291549532868
38.0373141991415
38.9269026176248
37.2992450130461
37.4822363437421
38.8346915242825
38.2323920545409
37.2230662402155
39.33625536571
39.9103484555172
37.2819602727043
39.2211337429509
37.2880372022557
36.9046654322027
39.5611354263109
37.5094327076845
35.7770869455433
37.9688990825688
38.7543043514856
37.2103467721572
38.1337202255702
38.3569303930646
37.1689394832085
39.6816438010269
38.2665474286676
38.6832295261342
37.7206876525545
37.9659767696322
36.7517995118256
35.7128095278175
38.3344407036445
39.1949507617204
37.6746544903628
37.2437648346099
37.8924577055803
35.6443237101254
38.507375641781
39.7321378671829
38.9806725023146
37.9425376651797
37.2230662402155
35.6658909182729
37.2544743708442
36.3552268327582
36.8874278259406
35.6470406531437
35.7454094773167
36.6449734870802
38.232132817103
37.5094327076845
38.4085253766518
36.540625368235
36.0349406615605
39.0765432202677
35.8312709367898
36.8199621244003
37.6762301153102
34.9731815503746
39.896504502988
39.554247117246
37.0087307465702
36.3593308644054
37.1478267822574
37.2421521757428
37.0769505933844
37.2049162528407
35.7128095278175
35.1634618298123
35.06874589681
37.3909780321522
36.9758984933928
37.1738313273294
36.4778394074573
37.2963496338692
37.5311480515108
38.4893098224055
37.8922725359818
37.3349187778807
38.36999663328
37.4413071290296
37.111873579665
36.8603492971972
36.2414821984682
36.9681718710546
38.6232312094942
36.6274463429004
36.6396372359229
38.2263555256292
36.7917894116657
36.636627388267
36.0418626378251
35.7720907331033
36.2245139298039
35.0936360575709
35.1207246864742
36.4036032320512
35.9206068512752
37.1746056729232
35.06874589681
37.1671584883428
36.7435241141318
36.9985228516118
35.06874589681
36.3549810622002
35.7770869455433
36.9930687652555
37.122872653817
35.3335922902113
35.8827884858177
34.9139710462082
36.6670591701035
35.1052579749179
37.7754035855568
37.9557284740342
35.4810613584715
37.0990834104873
35.9507591953539
34.8335165390119
36.6779841764161
34.3849314030805
37.0257091153943
37.1085977611312
37.395997811632
34.8149524450804
39.620625368235
35.0233120107735
38.6714695732682
34.6526092079791
36.1008644053531
36.7715621580675
37.0129290463766
35.5200547091996
35.0224029963808
37.2966021378672
37.1738313273294
36.2988174396095
36.0556628229947
35.6033170608535
36.3027363016581
38.5503316219174
35.4018592711051
35.615130881239
35.7720907331033
36.7179875431361
35.0936360575709
36.0349406615605
35.7765179698679
35.4543700025251
35.6209889739921
36.4644566955644
35.956876525545
34.6652815419578
35.06874589681
35.06874589681
35.1991423280869
35.5324240383806
35.7454094773167
34.0276954801784
36.0099663328003
35.9278587660971
35.4104242067166
36.4794352327245
35.06874589681
35.1634618298123
35.3066955643465
33.6449297197206
35.9384673007323
34.9845206632438
36.5370297113038
35.4085388435317
36.9647007827624
36.2283082232135
35.1124593889403
35.5580313104958
36.12875431361
35.9394907836041
35.6470406531437
34.7397803215218
35.7454094773167
36.1034500462924
35.2055289958758
35.0233120107735
35.1052579749179
37.2626992677384
35.7054195774766
34.4667426984261
35.0224029963808
34.8335165390119
35.6128213113374
34.2185077013719
36.8430712902954
35.2275641780995
33.6867241814662
35.5398442892013
36.7772586482619
36.9658488342732
34.4852630249979
34.0268942008248
35.6834853968521
35.9420898914233
33.3627851190977
36.3838506859692
35.5508332631933
34.1257848665937
35.7958059085936
34.1766021378672
34.6274093089807
35.7695993603232
34.6770347613837
34.5057091153943
35.2580161602559
35.2775431360997
35.3503551889572
33.4172384479421
35.144874168841
36.1736899250905
34.574252167326
34.111627809107
34.7397803215218
35.0045997811632
35.0210293746318
34.2652916421177
35.2036503661308
35.8091179193671
33.6616825183065
34.8278099486575
35.472126083663
35.0820478074236
34.0196086188031
36.0872392896221
34.4667426984261
35.5950685969194
34.4320116151839
36.0714022388688
34.2879631344163
34.7877089470583
35.6201573941588
35.4037850349297
34.2754860701961
34.3849314030805
35.6526125746991
35.0180464607356
33.7063689925091
32.9947689588419
33.9141764161266
34.6335333726117
35.0276382459389
34.4026605504587
34.9260441040317
34.6595783183234
33.1051872737985
35.9006691355947
34.5892711051258
35.1935636730915
34.0268942008248
34.6184908677721
33.9926007911792
34.3152638666779
34.1555466711556
35.8882089049743
34.3070726369834
34.3849314030805
34.3863319585894
34.6207634037539
34.2754860701961
34.7397803215218
34.7974219341806
35.4722001515024
33.8015899335073
32.3933482030132
34.6499528659204
35.0224029963808
35.0045997811632
35.0232278427742
34.6866130797071
33.5192163959263
35.5006758690346
34.0800412423197
33.9008206379934
34.7502272535982
32.1281752377746
35.4187635720899
36.5254414611565
34.0547403417221
34.0484041747328
35.3718314956654
32.948873832169
34.5016589512667
33.628877198889
34.9927085262183
34.7294343910445
31.7774606514603
33.5192163959263
33.9426454002189
33.0560668293915
32.3811000757512
32.1654347277165
34.2822060432624
32.8502390371181
35.1920318155038
32.892875178857
35.1878065819376
34.148247622254
34.4035291642118
33.8884546755324
33.0203627640771
34.9633944954128
33.2302306203182
32.8272207726622
35.1087997643296
34.400630418315
32.3138431108493
34.2349810622001
33.6547975759616
33.5761913980305
33.7492239710462
34.4691768369666
33.4830881238953
32.9897626462419
33.2116799932666
34.5950450298797
34.2471483881828
33.7914527396684
34.1231958589345
34.3515975086272
33.7872308728222
33.5015916168673
34.4044752125242
33.1413290127094
34.6076735964986
33.2492997222456
33.7944188199646
32.7529441966165
35.5432985438936
32.4013003955896
33.3406826024745
32.6714729399882
33.931996464944
34.7823558623012
35.1130889655753
32.441997306624
33.3656064304352
34.4595143506439
32.288003535056
34.8670389697837
32.6319644811043
32.1732118508543
33.8902693375979
34.8371525965828
30.9524863227001
34.0620124568639
33.7654784950762
33.1619299722246
32.7881499873748
32.8870709536234
32.7125536570996
31.3938363774093
32.2328936958169
34.3215629997475
32.8874581264203
33.8772906321017
35.4520940998233
34.1426420334989
33.3655828633953
32.8638035518896
32.518630586651
33.6419636394243
33.7306834441546
34.7847967342816
32.0395227674438
33.3134929719721
32.1824905311001
34.0237968184496
31.5470995707432
33.4152217826782
32.4477341974581
32.0993864152849
35.4557974917936
32.3681550374548
33.2454448278764
32.9447226664422
31.8301161518391
33.6883301068934
33.7904932244761
33.770373705917
32.8755332042757
33.6125486070196
32.2430847571753
32.7119678478243
33.3983982829728
33.2651165726791
31.0845627472435
32.288003535056
32.2091179193671
32.9432110091743
32.219504250484
32.3030325730157
33.7488435316893
32.3809721403922
32.3936377409309
32.0993864152849
31.9124762225402
33.0525553404596
30.9970280279438
33.9664952445081
32.4016842016665
33.0107608787139
31.7774606514603
33.3129812305362
32.3007196363943
33.1509409982325
31.076496086188
32.9089344331285
32.1732118508543
32.9287206464103
34.2301127851191
30.366754481946
31.2593359144853
32.6287155963303
31.2822262435822
32.8299882164801
32.6245442302836
31.5605832842353
33.5687307465702
33.6903232051174
30.0129761804562
32.129124652807
31.1334710882922
31.4975582863395
31.5436183822911
34.287370591701
32.7155635047555
30.8936528911708
32.7937791431698
32.0559658277923
32.8399570743204
32.5617818365457
31.3553884353169
32.1311345846309
31.7076079454591
32.1732118508543
31.5436183822911
30.8895488595236
31.9000328255198
30.8923634374211
33.1270844205033
31.3534256375726
31.6395833684034
31.1155130039559
31.2193022472856
32.3682728726538
31.9419080885448
30.2209182728727
32.271631175827
31.540999074152
32.1198897399209
30.6062595741099
31.4420377072637
32.7518500126252
31.9829248379766
32.8421117751031
32.1654852285161
31.3440526891676
31.7961695143507
32.7730300479758
30.52500715428
31.3650879555593
29.5612128608703
32.9499680161603
31.5943077182056
31.6492828886458
31.5135535729316
31.1659902365121
32.5656973318744
31.076496086188
31.4056097971551
30.8936528911708
31.4975582863395
31.3161392138709
32.615130881239
30.8199385573605
30.3893014056056
32.4650256712398
32.3078604494571
32.9245358134837
30.67875515529
32.8428389866173
31.6511042841512
31.2164674690683
32.3353261509974
31.8193864152849
29.2725469236596
31.5255188957159
30.4806842858345
32.5535805066914
27.8690421681677
31.632624358219
32.3897121454423
31.3554793367562
29.9589201245686
29.3294613248043
32.653871727969
30.67875515529
30.5714712566282
30.9661518390708
30.9765617372275
31.3440526891676
30.8936528911708
32.0619855231041
30.292626041579
32.6147033078024
30.3808846056729
30.6297693796818
31.0228541368572
31.5505470919956
30.5547218247622
32.2920132985439
30.7490421681677
32.2530704486154
30.185123306119
31.2001153101591
32.1070861038633
30.5309090143927
31.9734677215723
31.1365920377073
29.8387416884101
30.3420797912634
32.9567081895463
30.3461568891508
31.8033170608535
32.1504393569565
30.673503072132
29.534750441882
32.7793864152849
31.0035325309318
31.4056097971551
31.076496086188
31.3977956400977
29.9010529416716
30.7878469825772
31.9472443397021
29.917246864742
29.1233540947732
31.0633692450131
30.61125241983
30.2010546250316
29.5739424290885
30.6658538843532
30.9839819880482
30.1125603905395
30.0270255029038
31.4533397862133
30.9439213870886
27.9900892180793
31.5439146536487
30.8121917347025
29.3317271273462
31.4487846140897
30.4639550542884
30.3346730073226
30.6060508374716
30.2791052941672
29.2981811295346
30.3319021967848
30.3372822153017
29.6429029542968
29.8487273798502
31.0857646662739
28.2182383637741
30.6963967679488
31.5182400471341
29.8189352748085
29.979507617204
30.4548076761215
30.2043405437253
28.9028911707769
31.3685556771316
29.0305773924754
31.6234029122128
30.8512254860702
30.5743969362848
31.0878621328171
30.0437749347698
29.8429164211767
30.67875515529
29.8182720309738
30.6385733524114
29.5533919703729
30.67875515529
29.3603004797576
30.292626041579
29.534750441882
28.7740131302079
27.6812431613501
30.7881634542547
29.9647849507617
29.6075692281794
30.8678638161771
31.1293535897652
29.7047226664422
31.3060929214713
29.1065575288276
28.7076685464187
30.2439836714081
28.7234584630923
29.462881070617
30.4343077182056
28.5860659877115
28.9101397188789
30.7967990909856
28.358620486491
30.3527118929383
28.9674480262604
29.9093620065651
29.6931680834947
27.9494865752041
29.5941393822069
28.2182383637741
29.9796961535224
29.5809519400724
27.6106699772747
29.4139727295682
30.0229618718963
31.9293232892854
28.9944760542042
28.0982383637741
31.4386070196111
29.7470221361838
28.3050088376399
30.8163159666695
28.3182333136942
29.7547184580422
30.3105504587156
29.3659060685128
29.488629744971
31.0269245013046
28.3867729989058
29.7992298628062
29.6569792105042
30.2859532025924
29.3884563588924
28.0204940661561
28.302123558623
29.4667898325057
27.8243152933255
29.6923230367814
30.9209064893527
28.3029214712566
28.6706985943944
29.3243910445249
28.7769724770642
28.2858555677132
29.0327926942177
28.9082408888141
29.3952571332379
27.9900892180793
29.4063538422692
28.1616471677468
28.8553665516371
28.2226992677384
28.283872569649
29.0094478579244
29.8535552562916
28.8891044524872
27.771376988469
27.1140888814073
29.7880759195354
28.2825965827792
27.8418188704655
28.636506186348
29.7187450551301
29.2725469236596
28.0982383637741
29.3659060685128
26.7925772241394
27.6101346687989
27.6812431613501
27.585126672839
29.3658421008333
31.1694747916842
29.3303972729568
29.1601557107988
29.1672897904217
28.3055441461157
29.5121025166232
28.2723213534214
27.7560718794714
29.8542824678057
29.5272729568218
28.6777081053783
27.9900892180793
27.9900892180793
26.8157604578739
28.9711817187105
28.5815343826277
27.9313264876694
29.3244280784446
28.1661754061106
28.2246081979631
29.2400547091996
27.5022649608619
28.2885321100918
27.2027649187779
27.4288973992088
27.7321345004629
27.4542185001262
28.4082392054541
28.0661838229105
27.896622338187
28.4558547260332
27.6483839744129
28.1549204612406
28.2580397272957
29.9271854221025
26.7199537076004
28.0200530258396
28.6203694975171
27.9054532446764
29.1395311842438
29.375504587156
27.9900892180793
28.3029214712566
28.3638557360492
27.6799368740005
29.034129282047
27.466752798586
26.9107221614342
27.9760398956317
28.5029719720562
27.6812431613501
27.898507701372
27.3913248043094
27.3962873495497
27.6114645231883
28.3055441461157
28.8802937463176
27.7975936368993
29.0319914148641
28.0993392812053
27.8763344836293
28.0993392812053
27.8945720057234
26.9916513761468
27.7802684959179
27.2600967931992
27.4542185001262
28.7464767275482
27.5449415032405
28.0235611480515
27.6456367309149
27.6483839744129
27.9896448110428
28.4660962881912
26.2441452739668
26.4432295261342
27.8901447689589
28.3472376062621
27.9578225738574
27.6548480767612
27.6113130207895
27.899376315125
27.4542185001262
26.6757924417137
28.6780919114553
28.3524627556603
26.2073402912213
27.9975667031395
28.4276584462587
26.8351426647589
28.3930519316556
26.8006068512751
27.9054532446764
27.6101346687989
26.3756325225149
28.2343009847656
27.7484226916926
27.6830477232556
28.6132623516539
28.1534862385321
28.1011808770306
27.3503450887972
27.2852832253178
26.5098333473613
27.6802668125579
27.5871164043431
27.4252950088377
27.4311396347109
27.2095421260837
27.4823272451814
27.1732084841343
27.3591086608871
27.3961863479505
26.2073402912213
26.4417986701456
27.5946073562831
26.5987921892097
27.3957890749937
26.7697811632018
27.4093266560054
26.7925772241394
27.6812431613501
27.0980127935359
26.7925772241394
26.6930233145358
27.3806455685549
26.7015714165474
26.6669548017844
27.5293199225654
27.3492408046461
27.4517203939062
26.8987804056898
27.0444752125242
27.4823272451814
25.5940249137278
26.5621555424628
28.7951190977191
27.4661164885111
27.5039213870886
26.2941881996465
27.6861013382712
28.036004545072
28.1087795640098
25.5823491288612
27.5390564767276
27.5769051426648
26.7865541621076
27.3415815167074
25.9438641528491
28.4823339786213
28.7182131133743
26.1637345341301
27.2004351485565
26.8515823583874
26.3805344667957
26.0391793620066
27.0145518054036
26.3726193081391
28.3051098392391
27.9165162865079
26.6312675700699
26.7554726033162
26.3763530005892
26.0616724181466
26.1746763740426
27.5249633869203
26.9314375894285
26.3805344667957
25.7484193249726
26.7847933675617
26.7919038801448
27.0392870970457
25.6581676626547
27.1348043094016
26.4779875431361
27.2198005218416
25.9399015234408
25.58000589176
27.3681415705749
25.7870793704234
26.7227649187779
26.5663471088292
26.7806051679152
26.14875263025
26.7220478074236
26.5410933423113
26.6240796229274
26.5607650871139
26.3241823078866
26.2564674690683
26.5651451897988
25.4636116488511
26.1993005639256
26.4955281541958
27.1468302331454
26.6950399797997
27.7116749431866
26.2372737985018
27.0902087366383
26.3325418735797
27.079122127767
26.1215899335073
26.5098333473613
26.9916513761468
26.220248295598
26.3424130965407
25.8883974412928
27.7075574446596
26.1406422018349
26.5863353253093
26.4432295261342
25.39125410319
26.9913652049491
26.6212583115899
25.3609300563926
27.6194470162444
24.8081011699352
26.193247201414
25.9891128692871
25.3257983334736
26.7039483208484
27.2195210840839
26.3860424206717
25.6102255702382
24.6013273293494
27.1300471340796
26.0843001430856
25.3548093594815
25.9065440619476
26.3324408719805
26.1314746233482
26.2558479925932
25.6496027270432
26.6065322784278
25.0134744550122
27.540632101675
25.8779909098561
26.9922809527818
26.3544794209242
26.6369236596246
26.0010411581517
25.1867763656258
26.9386188031311
25.6600698594395
27.4056771315546
26.0553598181971
26.6529526134164
25.8863235417894
25.9259363689925
26.6305605588755
25.6758126420335
25.9810327413518
25.8760954465112
25.4323920545409
26.3718449625453
26.1553379345173
25.8505386751957
26.615622422355
27.0829366214965
24.4559658277923
25.8359338439525
26.2146696406026
26.6900673343995
24.8233052773336
25.2566997727464
25.1998459725612
26.9130923322953
25.228247622254
26.0236924501305
25.4190396431277
26.1526714922986
24.4559658277923
25.4323920545409
25.3146612238027
26.1417936200657
24.882377745981
26.0773040989816
26.2580228936958
25.6799705412002
25.0392433296861
25.6091650534467
25.1240409056477
25.7409721403922
25.3485506270516
26.5858000168336
25.3587686221699
25.3789285413686
25.9329054793368
25.382248127262
26.0804183149567
25.7448203013215
26.2845391802037
24.7589234912886
25.4601944280784
25.0358261089134
25.490252503998
26.1692357545661
25.58000589176
25.1637783014898
25.4950702802794
26.493124316135
24.2196692197627
25.7188191229695
25.6402196784782
25.2694057739248
27.2036840333305
24.8917877283057
25.1130182644559
25.3959574109923
24.2610462082316
27.043872569649
25.5055744465954
24.4786709872906
25.7441065566871
24.6134845551721
25.0119627977443
25.0439028701288
24.8149928457201
25.4635712482115
25.1602937463176
24.1778343573773
24.9646906826025
26.9560718794714
25.9653572931572
24.6545349718037
25.2455087955559
25.2448556518812
26.2202078949583
24.3213845635889
25.1154120023567
25.2173428162613
24.4720419156637
24.7409586735123
26.6023541789412
24.2208475717532
24.4559658277923
25.0254364110765
25.1600850096793
25.4889630502483
25.2530670818955
25.0508080127935
24.3616572679067
27.386372359229
24.859245013046
23.7066113963471
25.1240409056477
24.8233052773336
24.2136730914906
25.917374800101
25.4327421934181
25.4590228095278
25.3016959851864
25.5411371096709
24.6859633027523
25.0696145105631
26.1625696490194
24.4127169430183
24.9743430687653
26.0137942934097
24.3645728474034
25.3647176163623
24.2174168841007
25.2281365204949
24.133996296608
23.8577838565777
25.3409923407121
24.5675860617793
23.7781407288949
24.2088620486491
24.689750862722
24.844118340207
25.0004452487164
24.4197197205623
24.5746696406027
24.1860154869119
24.2206152680751
25.7332791852538
23.701871054625
24.6545349718037
24.8233052773336
24.0490977190472
25.9365954044272
25.2805496170356
24.6390918272873
25.1218660045451
25.1409553067924
24.336369834189
24.2196692197627
24.8277762814578
24.8574539180204
23.9348413433213
24.1605731840754
25.0595783183234
25.1784639340123
23.7066113963471
24.6780313104958
24.0012027607104
24.8092155542463
24.8280085851359
24.9165297533878
24.7972973655416
23.5265625789075
24.3403223634374
24.4877914316977
24.3524088881407
25.0138212271694
25.8691398030469
26.1762890329097
23.9149204612407
25.3171458631428
24.0575751199394
23.8182955980136
23.5057831832337
24.0345568554835
24.1675220940998
24.497376483461
24.0015629997475
24.3128095278175
24.006501977948
24.0216892517465
24.9705353084757
23.5233843952529
25.1561796145106
24.231119434391
23.6924846393401
24.1858404174733
24.3325957410993
22.9079513508964
24.3585868192913
24.7089849339281
23.6620764245434
23.782746401818
25.2790951940073
24.2196692197627
24.688128103695
23.452245602222
24.9158126420335
24.979874589681
23.4779235754566
24.7375852200993
23.405993603232
24.5189268580086
23.845629997475
25.2324459220604
24.0660323205117
23.4987568386499
24.0565583705075
24.1181929130545
24.7728179446175
24.4143531689252
24.0020377072637
23.2326849591785
25.2114039222288
24.9114594731083
23.2616017170272
24.6780144768959
23.8147167746823
24.1339693628483
22.9516749431866
24.9203038464776
23.9175936368993
24.2429770221362
23.9433355778133
23.3658286339534
23.4056804982746
24.1880759195354
23.7066113963471
22.8879395673765
23.8979757596162
24.4819266055046
24.1728953791769
23.6345703223635
24.0128448783773
24.3375178856999
23.6423036781416
22.9431066408551
22.19999747496
25.3823524955812
22.4884513088124
24.7672392896221
23.4783646157731
24.2707861291137
24.4462326403501
24.7846351317229
22.6053168925175
24.4092323878461
23.2452630249979
23.279499200404
24.1735316892517
23.6859161686727
24.3557183738743
22.2542993014056
23.557879808097
23.0080170019359
24.137874758017
24.3019316555846
23.0627632354179
24.0699444491204
23.3531562999748
23.8141814662065
23.4137370591701
24.5424467637404
24.5953278343574
23.4590531100076
24.4969724770642
23.2598274556014
24.5823120949415
22.7571155626631
22.9513113374295
22.7863959262689
24.555371601717
23.0502693375979
22.563879303089
23.0190194428079
22.404754650282
23.3854700782763
23.0091078192071
23.5311648851107
22.7055104789159
23.0262073899503
22.4533296860534
24.3948463934012
23.6272948405017
22.9633507280532
24.4163092332295
23.4748665937211
22.5061333221109
23.2326849591785
23.8257023819544
23.8796406026429
23.0340989815672
23.199253429846
23.7718483292652
22.5830931739753
23.6543127682855
23.6621370255029
22.69499957916
24.2110571500716
23.352126083663
22.6673857419409
23.7681483040148
23.6459262688326
22.9866854641865
23.1587820890497
23.0219821563842
23.3679092668967
23.2616017170272
23.3037597845299
22.4884513088124
23.1819855231041
23.8974067839408
23.3658286339534
23.6859161686727
22.1116076087872
23.0569489100244
23.0712170692703
23.027877283057
23.3649465533204
23.2200833263194
22.5162166484303
23.5603846477569
23.0052158909183
22.7557756081138
23.2946831074825
22.2446906826025
22.8291970372864
23.3500555508796
22.5034635131723
22.2337387425301
22.8839567376484
21.9768950425049
22.4925486070196
22.2122893695817
23.0262073899503
23.2737724097298
23.199253429846
22.5466012961872
22.5782114300143
22.5376794882586
23.2724189883006
22.715253766518
22.8538919282889
22.9292020873664
22.8788595236091
22.4972721151418
23.0539289622086
22.9786861375305
22.5991524282468
23.0190531100076
22.4506632438347
21.9943548522852
23.4161610975507
22.3139373790085
22.9085977611312
23.449629660803
22.4400681760795
22.19999747496
22.876627388267
22.7721513340628
22.4760988132312
22.495497853716
22.7818441208653
23.1692862553657
22.9178865415369
21.970380439357
22.2542993014056
23.9013828802289
21.58375641781
23.6799065735208
22.3888031310496
23.2159321605926
22.8744120865247
22.6738262772494
22.6166088713071
22.302244760542
22.563879303089
22.8538919282889
22.6093468563252
22.0657932833937
21.7914089723087
23.544880902281
22.3958968100328
22.22250399798
22.3678486659372
21.9768950425049
21.5000900597593
22.4925486070196
22.2184908677721
22.4525317734198
22.4412162275903
22.9590615268075
21.9300875347193
22.5991524282468
21.3623070448616
23.3096650113627
22.4106632438347
22.5925334567797
22.4567704738658
21.6849936874001
22.0718634795051
21.9944390202845
21.2855188957159
23.2888822489689
22.1303198383974
22.19999747496
23.1447866341217
22.6151813820385
21.9747908425217
22.4760988132312
22.0561072300312
21.8463841427489
22.3352689167579
21.983375978453
22.5055609797155
22.713250568134
22.6576121538591
22.4679042168168
22.9112844036697
21.4616387509469
22.5140787812474
22.5006556687148
21.3935367393317
22.3357907583537
22.4197028869624
20.8153497180372
21.9292559548859
22.1545669556435
21.9994049322448
22.2184908677721
22.0247091995623
22.1116076087872
21.6811690935106
22.5824871643801
22.0974539180204
22.1133616698931
21.6595210840838
21.6866332800269
22.2980397272957
21.2619417557445
22.3265625789075
22.1109544651124
21.5793190808855
22.4997769548018
22.2421993098224
21.8563900345089
21.8868554835452
21.5499444491205
21.4629719720562
21.9191860954465
22.8293081390455
21.7862982913896
22.2695168756839
22.0272679067419
22.2326041578992
21.9145164548439
20.978494234492
22.9715688915074
21.7762654658699
21.7310335830317
22.2542993014056
22.4400681760795
21.3868133995455
21.9310605167915
22.7065103947479
21.9765213365878
22.2542993014056
22.4423272451814
22.7477830148977
21.2760415789917
21.9520284487838
22.1182232135342
22.0818525376652
21.4394924669641
21.2614569480683
21.6018660045451
21.659628819123
22.4114207558286
21.9805782341554
21.0592786802458
20.4704662907163
22.0893872569649
21.1111430014309
21.8115621580675
22.3253640265971
21.0383343152933
22.1439247538086
21.1460087534719
20.8295774766434
21.5653875936369
20.8041722077266
21.2760415789917
21.58375641781
22.281000757512
20.7676702297786
20.9555769716354
21.2366846225065
21.7386895042505
21.2057175321943
22.0388561568892
21.8240998232472
22.3081802878546
21.9084529921724
21.7678082652975
21.05874673849
22.4337959767696
21.9781407288949
21.2678032152176
22.522381112701
21.0687054961704
22.5999671744803
20.6896969952024
21.9768950425049
21.7862982913896
22.0535182223718
21.4975784866594
21.7284378419325
22.0442058749263
21.502005723424
21.5275355609797
21.2990463765676
22.2100404006397
21.7004166315967
21.3772283477822
20.6926698089387
22.1437160171703
20.9803021631176
21.1524896894201
21.2843641107651
21.5574825351401
20.9915806750274
21.1350904805993
21.2575818533793
21.2235342142917
20.8649684370003
22.2726647588587
21.3239937715681
20.5999469741604
21.1945770558034
21.0254869118761
20.537878124737
21.6766071879472
21.4689175995287
21.6821454423028
21.3340669977275
21.2760415789917
21.1111430014309
21.2851754902786
20.3956005386752
20.4960095951519
21.502005723424
20.8628474034172
20.9047091995623
21.2169017759448
21.2515150239879
21.3823120949415
20.9515268075078
21.7695522262436
20.6613593131891
21.2619417557445
20.978494234492
21.2133397862133
21.1943279185254
21.6328061610976
20.5546578570827
21.9271483881828
22.775376651797
20.4713517380692
20.4138952950088
21.5151897988385
20.833873411329
20.9710908172713
20.4138952950088
21.2078991667368
21.1111430014309
20.8485624105715
21.1460087534719
20.9710908172713
20.3631352579749
21.0195379176837
20.8092256544062
20.54750357714
20.5201456106388
20.8376172039391
20.4479900681761
21.1486347950509
20.8649684370003
20.6613593131891
20.6981878629745
20.9690977190472
20.5940989815672
21.1197921050417
20.5191355946469
21.1428036360576
20.9498198804814
21.3236671997307
21.5263370086693
21.9279665011363
20.7976845383385
20.4715773083074
20.537878124737
20.9515268075078
21.0588309064894
20.699372948405
19.8402971130376
20.9557958084336
21.268129787055
21.0005125831159
20.763997138288
21.3857225822742
20.6261602558707
20.4016471677468
20.6524577055803
19.5113012372696
21.7349322447606
20.6168041410656
21.1066652638667
20.4955315209158
20.9232968605336
21.412124400303
20.958872990489
21.1027161013383
20.2114476895884
21.3885102264119
21.1667275481862
21.0826773840586
20.1056114805151
19.9773832169009
19.9380228936958
21.147123137783
20.355257133238
20.0824484471004
20.5500993182392
20.6410108576719
20.8076668630587
21.0452764918778
20.1898165137615
20.0721025166232
20.9356964901944
20.5001540274388
20.2168883090649
20.7976845383385
20.4138952950088
20.8948581769211
20.0401052099992
20.9731344162949
20.0939895631681
21.6409603568723
20.1424602306203
20.3583343152933
20.2507743455938
20.9839819880482
20.2231066408552
20.5674715933002
20.3026622338187
20.2158412591533
20.6779033751368
20.3681449372949
21.1633473613332
20.2697155121623
20.8117170271863
20.9227682854979
20.9920284487838
20.624369160845
20.4121143001431
20.8532320511742
20.7287038128104
20.1811438431108
19.8473571248211
20.6524577055803
20.4008054877536
20.8732640350139
20.9616505344668
19.9400799595994
20.7148901607609
20.2841419072469
19.4230325730157
20.317125662823
21.0392736301658
20.2611842437505
20.1222935779817
19.7582299469742
20.0174404511405
20.0764321185086
20.3762317986701
20.4023474455012
20.0401052099992
20.1056114805151
20.7200412423197
20.1317439609461
19.9074530763404
20.7059414190725
19.6724391886205
20.0941309654069
20.3946039895632
19.4242344920461
20.2010377914317
20.2324156215807
20.1398274556014
19.3831537749348
20.8474311926606
20.6162183317903
20.8654768117162
19.876502819628
20.2564136015487
20.4695337092837
20.1836621496507
19.5038304856494
20.0999553909604
21.0154843868361
20.3762082316303
19.8289377998485
20.1484193249727
20.2862865078697
19.9945265550038
19.4938077602895
20.3590648935275
20.5698215638414
20.4483031731336
20.0469329181045
20.8618340207053
19.8001489773588
19.8549221446006
20.0608105378335
19.5440627893275
20.5197820048818
21.0636655163707
19.9571896305025
19.450373705917
20.2031049574952
20.0280826529753
20.0863033414696
19.920997390792
19.6548851106809
19.9781474623348
19.6093199225654
19.8100673343995
19.8803206800774
19.6423575456612
18.9250138877199
19.3418845215049
19.9835409477317
19.5038304856494
19.5113012372696
20.2356039053952
20.1983376820133
19.5354338860365
19.9074530763404
19.706119855231
19.7424063631008
20.4758597761131
19.4510638835115
20.0044785792442
20.1396086188032
20.1692155542463
20.0345366551637
19.3068032993856
19.5656636646747
19.7959944449121
20.1256165305951
19.8765263866678
18.8504141065567
20.2605277333558
20.2872729568218
20.084121706927
20.0404385152765
20.0506329433549
19.409872064641
20.6421589091827
20.1152908004377
20.0164405353085
19.8732202676542
18.9316059254272
20.4312069691103
20.0940972982072
18.9213609965491
19.8196692197627
19.1821740594226
19.3013189125494
19.8289377998485
19.6724391886205
19.6211404763909
19.708880565609
19.4984572005723
19.0659885531521
19.7022750610218
19.9482610891339
19.1880355188957
19.5440627893275
19.4796507028028
19.6202314619981
19.2631369413349
20.0379067418567
19.3277005302584
19.9385380018517
19.881007490952
19.9773832169009
19.8403004797576
19.2009603568723
19.7934121706927
19.0792029290464
19.7979572426563
18.9831133742951
19.5067292315462
19.5038304856494
18.484505513004
19.9133919703729
19.8358126420335
20.213629324131
19.4112153859103
20.3845980978032
19.2199755912802
19.7580380439357
19.8741124484471
20.1947857924417
20.4200732261594
19.158627219931
19.6783814493729
19.2327758606178
18.9586474202508
19.0996086188031
20.4859666694723
19.8637631512499
19.0524139382207
18.484505513004
19.301504082148
19.1201624442387
19.3215865667873
18.894373369245
18.8686886625705
19.4073672249811
19.4208139045535
19.3326698089386
19.2227295682182
19.1747167746823
19.5480860196953
19.442371012541
19.1470187694639
19.5196810032826
18.9089613668883
19.1159776113122
19.7116513761468
19.2546730073226
19.4726344583789
18.8870776870634
19.4655609797155
19.0739474791684
19.4272241393822
19.0445358134837
19.2926428751789
19.0809132227927
19.0327960609376
19.5657814998738
19.1656030637152
19.1403863311169
19.2811758269506
18.8990733103274
19.5233338944533
19.1663302752294
19.3462174901103
19.2521951014224
19.18125157815
19.5408879723929
19.5180952781753
19.2623120949415
19.0948278764414
18.899750021042
19.8958614594731
18.4726007911792
19.0741528490868
18.9950416631597
19.1807061695144
18.7027060011784
19.5935906068513
19.073876778049
18.7896347108829
19.4520974665432
19.5440425890077
18.3292054540864
18.4781154784951
19.0524139382207
18.994880060601
18.4129425132565
19.2198476559212
18.6699444491205
18.3893081390455
19.0559321605926
19.3912945038296
18.6851687568387
18.9872746401818
18.8866972477064
19.00000084168
19.5099478158404
19.1515436411077
19.1983915495329
18.6508383132733
19.165377493477
18.6120772662234
18.5753631849171
19.3336966585304
19.1698855315209
18.6748564935612
19.336746906826
19.1888098644895
19.0999621244003
18.0094916252841
19.2651738069186
18.7616572679067
18.9950786970794
19.1747167746823
19.0347992593216
19.067251073142
19.1889142328087
18.6970835788233
19.4468117161855
18.7978091069775
18.8983427320933
18.3717776281458
19.7588898240889
18.8239483208484
19.2083368403333
19.0625713323794
18.7771610133827
18.6019569059844
18.8709746654322
18.4444213450046
19.029496675364
18.5585194848919
18.65250483966
18.3934222708526
18.5982299469742
18.1704545071964
18.9041772578066
18.8868622169851
18.6562014981904
18.7078402491373
18.7863992929888
18.7903316219173
18.972632775019
17.8984066997728
18.6508383132733
18.8214030805488
18.2868386499453
18.3091701035266
18.9259229021126
18.9102710209579
19.0465255449878
18.7146511236428
19.2066938809865
18.0322809527817
18.7725923743793
18.7142100833263
19.0945585388435
19.5210377914317
18.0500707011194
17.9553379345173
19.4678638161771
18.9733566198132
18.7426656005387
19.0486432118509
18.8588039727296
18.1650744886794
18.5142908846057
19.0955449877956
18.7204553488764
18.680997390792
18.4884075414527
18.8623423954213
18.990129618719
18.4436671997307
19.2835695648515
18.3068335998653
18.7002853295177
18.6800143085599
18.8812094941503
18.3501397188789
17.5336730914906
18.2983056981736
19.3971963639424
18.3002314619982
18.5190682602475
17.7394402828045
17.8820747411834
18.3938161770895
17.66000589176
18.7154221025166
18.3479277838566
18.7712221193502
18.8711901355105
18.1108063294336
18.4300858513593
18.680997390792
18.7173007322616
18.6851687568387
18.3292054540864
18.1969640602643
18.8770785287434
18.3450324046798
18.5724004713408
18.4444213450046
18.3034635131723
18.2526799090986
18.1699326656006
18.3435678814915
18.3211522599108
18.4882897062537
18.2330620318155
17.9924694891002
18.1243304435654
18.776874842185
18.28500715428
18.0085556771316
18.3717776281458
18.6510706169514
19.0135619897315
18.1294040905648
19.0859431024325
18.0264767275482
18.7971896305025
18.6785598855315
17.4822868445417
18.0144003030048
18.7874732766602
18.046626546587
17.7579269421766
18.0455458294756
18.1870221361838
18.5034601464523
18.1624215133406
18.3688014476896
18.3446014645232
18.1140518474876
17.5212027607104
17.5991086608871
18.3747639087619
18.4579218920966
17.823870886289
18.5705992761552
18.4054212608366
18.2380784445754
17.6395497012036
18.1687879808097
18.1195463344836
17.8033103274135
17.902248127262
18.4264060264288
18.1969640602643
17.7394402828045
17.9007263698342
18.3731781836546
17.8144407036445
17.7623003114216
18.3918668462251
17.9929509300564
18.2037816682098
17.4607667704739
18.242131975423
17.9271349213029
18.2218306539854
18.1929408298965
18.8259784529922
17.8365937210673
18.7237244339702
18.3436655163707
18.3002314619982
17.8694495412844
17.3772081474623
18.1276163622591
18.4330182644559
17.3278250988974
17.5585194848919
18.8034146957327
17.6493098224055
18.0710857671913
17.8545585388435
17.9572704317818
17.7573849002609
17.7394402828045
18.3613643632691
18.133376820133
17.5456754481946
17.8820747411834
17.4607667704739
17.8820747411834
17.4488452150492
17.8434550963724
17.5707878124737
18.0257360491541
17.6023912128609
17.6696650113627
18.0270591701035
18.1017936200656
17.6754860701961
17.5368916757849
17.8641368571669
17.3379858597761
17.8429803888562
17.6930805487754
17.3289899840081
17.8843809443649
18.1929408298965
18.1108063294336
17.8150231461998
17.7127320932582
17.6937707263698
18.0264767275482
18.0094916252841
17.0520671660635
17.3278250988974
18.3937320090901
18.1158092753135
17.8189420082485
18.2775229357798
17.8575919535393
16.9698518643212
18.4626925342985
17.6553093173975
17.960754986954
17.4695976769632
17.7697239289622
17.6501111017591
17.6520435990237
17.3379858597761
17.6094882585641
17.5349861122801
17.3278250988974
17.4721361838229
17.4959287938726
17.1211589933507
16.8235645147715
17.7299764329602
17.8303114215975
17.6698939483209
17.864749600202
17.3886886625705
17.5782955980137
17.5807970709536
17.5257781331538
17.6355399377157
16.8916597929467
17.8389706253682
17.5330502482956
17.8016067671072
17.3289899840081
17.5991086608871
18.0349574951603
17.130370339197
17.3766829391465
17.4607667704739
17.698130628735
17.3986541536908
17.289003450888
17.8050711219594
17.9470726369834
17.2911413180709
17.5227985859776
17.5336730914906
17.8825561821396
17.5607145863143
16.9860693544315
17.5121698510227
17.8667999326656
18.0128583452571
17.4983494655332
17.8764859860281
17.2142353337261
17.426379092669
18.3907187947142
17.2918920966249
17.7477998484976
17.8119493308644
17.0369068260248
17.185877451393
17.6177299890582
16.9159540442724
16.398132312095
17.2020410739837
17.4219888898241
17.0739171786887
17.306621496507
17.6901346687989
17.020379597677
17.7753665516371
17.5590379597677
16.4269177678647
17.2052731251578
17.0473571248212
17.7502407204781
17.4370145610639
17.7064497937884
17.09
17.7295791600034
17.2548211430014
17.2389436916085
16.7381440956148
17.2021454423029
17.7473251409814
16.7692593216059
17.0115722582274
17.8061484723508
17.260372864237
17.5929441966165
17.2217431192661
17.3312322195102
17.4343178183655
17.8165684706674
17.1742824678057
17.5257781331538
17.5298888982409
17.5121698510227
18.0753850685969
16.7112036023904
17.8059868697921
17.5461434222709
17.0582282636142
17.5549440282805
17.3205597171955
17.3637379008501
17.117001094184
17.3905672923155
17.6189150744887
17.1429383048565
17.3759018601128
17.1004233650366
16.9281718710546
17.106126588671
17.3847866341217
16.99750610218
16.5191086608871
16.9708484134332
17.2224501304604
16.8402365120781
17.1186743540106
16.8708130628735
17.4930165810959
16.8749642286003
17.2161610975507
16.7223306119014
17.0938212271694
16.5014367477485
17.3850088376399
17.1614485312684
17.3103181550375
16.8954540863564
16.9088569985691
17.0152184159583
17.3799621244003
17.123997138288
17.0294697416043
17.2326546586988
17.156499452908
16.9519173470247
17.0164237017086
17.0743481188452
17.5554557697164
16.7998628061611
17.7225292483798
16.6811724602306
16.4780952781752
16.9950584967595
17.2823474455012
17.1391069775271
17.0450475549196
16.6195446511236
17.2293249726454
17.1127388266981
16.9945736890834
17.1069177678647
17.2118314956654
16.6014687315883
16.6882695059338
17.0505588755155
16.1425746990994
17.2515621580675
16.7084294251326
16.7039786213282
16.857743455938
16.8073975254608
16.7223306119014
16.7709729820722
16.9725890076593
16.5985127514519
16.9799217237606
16.4790446932076
16.809875431361
16.7517793115058
16.5706127430351
16.8115554246276
16.4269177678647
16.4155281541958
16.6847310832422
16.6240930898073
17.1944726874842
17.2640392222877
16.693999663328
16.6014687315883
16.8916597929467
17.4766509553068
16.6950298796398
17.3931428330949
16.5383595656931
17.0286448952108
16.9019720562242
16.9315823583873
16.6624265634206
16.7499511825604
17.3978124736975
16.3533953370928
17.2942925679657
17.178002693376
16.6759102769127
16.5631386246949
17.1247041494824
16.5087155963303
16.405246191398
16.6051721235586
16.9831874421345
16.5006960693544
16.8827615520579
17.2440678394075
16.5949642286003
16.6869059843447
16.3844061947648
16.5872746401818
16.5731411497349
16.8877139971383
16.4881348371349
16.5270238195438
16.3224349802205
16.7263908761889
16.0422700109418
16.5107120612743
16.7160752461914
16.5236099654911
16.6665406952277
16.8145854726033
16.6811724602306
16.5055172123559
16.4269177678647
16.4269177678647
17.3633978621328
16.6847310832422
16.4780952781752
16.8688637320091
16.057750189378
16.1390800437674
16.1791069775271
16.8650256712398
16.6014687315883
16.6051721235586
16.4954709199562
16.7071904721825
16.5925132564599
16.5191086608871
16.575868192913
16.4195917852033
17.209373790085
16.1059851864321
16.4250492382796
16.7732758185338
16.4504713407962
16.5283469404932
16.3196641696827
16.6468891507449
16.7223306119014
16.2836806666106
16.6525519737396
16.6438187021295
16.0808930224729
16.7375380860197
16.2757857082737
16.7424332968606
16.3972199309823
16.3511497348708
16.1989638919283
16.1719257638246
16.1211758269506
16.1561358471509
16.4468150829055
15.9334037538928
16.5513382711893
16.5354069522768
16.3363294335494
16.6911648851107
15.9375683864995
16.5629871222961
16.4242917262857
16.2526496086188
16.1062646241899
16.2978377240973
16.1401607608787
16.734747075162
15.7659397357125
16.3770869455433
16.6216488511068
16.4574303509806
16.4248203013214
16.3542807844458
16.5174892685801
16.2885691440115
16.3249229862806
16.7847664338019
16.4084917094521
16.6653051089976
16.4071618550627
16.3657983334736
16.496376567629
16.6311564683108
16.2538919282889
16.2245745307634
16.5824332968605
16.6934609881323
15.9215259658278
16.0758025418736
16.6060272704318
16.0432059590944
16.5087155963303
16.9172670650619
16.0520469657436
16.234253850686
16.1431504082148
16.5496347108829
16.7586373200909
15.7987820890498
16.2892054540864
16.162377745981
16.2757857082737
16.1890085009679
16.0066837808265
16.023631849171
16.234253850686
16.2890707852874
16.3553211009175
16.0590632101675
15.9006624021547
16.5073992088208
16.2469867856241
16.1752386162781
16.4413980304688
16.408380607693
15.7254818617961
16.1083957579328
15.6102222035182
15.8478654995371
15.8918584294251
16.2644028280448
16.36000084168
16.1233372611733
16.4286583620907
16.4466635805067
16.1185363184917
15.8696953118424
16.4915688915075
16.4605614005555
15.7843994613248
15.9532707684538
15.877246864742
16.2161476306708
16.0647967342816
16.0661400555509
16.0057713997138
15.9376525544988
16.4296650113627
16.6046401818029
15.8564910361081
16.2978377240973
16.2382164800943
16.1425746990994
16.3224349802205
15.9375683864995
16.5896044104032
16.0375195690598
15.9428507701372
16.1330906489353
15.8822801111018
16.2416741015066
16.1198291389614
15.8628002693376
15.9087761972898
15.8738363774093
15.9435847150913
15.6928886457369
15.9844398619645
16.033378503493
16.1756998569144
15.7563883511489
15.7046788990826
15.9893081390455
16.3284075414527
15.8613054456696
15.7305689756755
15.9839079202087
16.2325334567797
15.8115789916674
16.42625115731
15.7357436242741
15.9970953623432
16.0167704738658
16.521876104705
16.1433288443734
15.9432985438936
15.8201573941587
15.8930940156553
15.4218575877451
15.7875103105799
16.4110773503914
16.0064245433886
16.022372695901
16.1246368150829
15.943372611733
16.1319392307045
15.969380523525
15.6634332126926
15.9687105462503
16.0070372864237
16.2055121622759
15.8696953118424
15.7659397357125
15.9375683864995
15.6102222035182
15.8386743540106
16.2238203854894
15.8628541368572
15.5291482198468
16.1187181213703
15.6249549701204
15.5065911960273
15.8153160508375
15.7447967342816
15.8498080969615
16.145244508038
15.6914342227085
16.0316345425469
16.2071719552226
15.5002348287181
15.7880725528154
15.6956392559549
15.5419080885447
15.4763513172292
16.0825999494992
16.2126058412591
16.0342302836462
15.7447428667621
16.0526832758185
15.4566459052269
15.487619728979
16.2246755323626
16.0672140392223
15.6115217574278
15.9047698005218
16.1079479841764
15.3387837724097
16.0400883763993
15.9588460567292
15.7565937210672
15.7692020873664
15.7659397357125
15.8838153354095
15.8044449120445
15.7959742445922
15.6183393653733
15.4130367814157
15.9347437084421
15.709375473445
15.8160701961114
15.7843994613248
15.6402870128777
15.7780094268159
15.7007802373538
15.6215949835872
15.8893973571248
15.6467645821059
15.6690893022473
15.3827969026176
15.6590127093679
15.5460121201919
16.1557958084337
15.577878124737
15.6590531100076
15.7066484302668
16.0057848665937
15.6968310748254
15.3326529753388
15.8979925932161
15.7171963639424
15.6804519821564
15.8900909014393
15.4763513172292
15.6952150492383
15.550375389277
15.8024215133406
15.4130367814157
15.7100319838397
15.6040375389277
15.4530401481357
15.6280792862554
15.5372754818618
15.4193190808855
15.873880144769
15.2432194259742
15.5743969362848
15.6584201666526
15.2757789748338
15.8690792020874
15.2500707011195
15.4191473781668
16.1442378587661
15.6663016581096
15.7564590522683
15.804007238448
15.7579505092164
15.510621159835
15.8646048312432
15.2675406110597
15.6913601548691
15.709375473445
15.8060373705917
15.6089697836883
15.6987433717701
15.1982097466543
16.1829787054962
15.5437597845299
15.3659128019527
15.6386002861712
15.3776996885784
15.3934323710126
15.5906682939147
15.0869531184244
15.693871727969
15.465119939399
15.6308467300732
15.851376988469
15.4668672670651
15.4330788654154
15.6108147462335
15.4185683023315
15.305254608198
15.5749692786802
15.4218575877451
15.2785901860113
15.0761425805909
15.7802752293578
15.3675591280195
15.5341511657268
15.3611724602306
15.3782147967343
15.2310184327919
15.7326058412592
15.6592180792863
15.5858471509132
15.8514813567882
15.6156897567545
15.655622422355
15.3463891928289
15.167000252504
15.3092206043262
15.6774758017002
15.2447984176416
15.6594840501641
15.3059919198721
15.2770852621833
15.2745400218837
15.2813576298292
15.5702356703981
15.5743094015655
15.3193813652049
15.425369076677
15.027257806582
15.7514594731083
15.6823036781416
15.3270574867435
15.546372359229
15.4538144937295
15.2626824341386
15.2779572426564
15.1783124316135
15.2868588502651
15.1505336251157
15.3886953960104
15.2757789748338
15.4218575877451
15.7645728474034
15.0179286255366
15.5171896305025
15.1178932749769
15.2553968521168
15.5170381281037
15.2715133406279
15.2656586145947
15.2920705327834
15.3721412339029
15.1406119013551
15.3027127346183
15.2195917852033
15.5440796229274
15.3388275397694
15.7418138203855
14.7641688410067
15.3547723255618
15.0975380860197
15.1226167830991
15.580877872233
15.2625915326993
15.1783494655332
15.456120696911
15.3782147967343
15.2432194259742
15.607996801616
14.9964657857083
15.3382922312937
15.1863218584294
15.3270574867435
15.1963311169094
15.1135165390119
15.2013037623096
15.3289125494487
15.1327169430183
15.4693552731252
15.027257806582
15.5033389445333
15.2477678646579
15.0536427910109
15.1093586398451
15.0705942260753
15.257006144264
15.272880228937
15.2237867182897
15.0330586650955
15.0536427910109
15.0078621328171
15.2364220183486
15.2916496927868
15.1326058412592
15.0749406615605
15.3063454254692
15.117122296103
14.8974909519401
15.4749877956401
14.81249810622
15.1774438178605
15.0855895968353
15.2484008080128
15.3211051258312
14.7669430182645
15.3776727548186
15.2122254019022
15.1970583284235
15.0756981735544
15.1698316640014
15.0761089133911
15.4234668798923
15.010498274556
15.4072190893023
15.3443826277249
15.0529559801363
15.2096431276829
15.3548531268412
14.7641688410067
15.2912288527902
14.9365651039475
15.17000336672
14.9843354936453
15.2965280700278
15.2013037623096
15.1952167325983
15.1982097466543
15.1262158067503
15.0002432455181
15.1733936537329
15.1868942008249
15.1095202424038
15.0928819122969
15.0224871643801
14.9690909856073
15.1912305361502
14.7604486154364
15.3806859691945
14.9183511488932
14.7741578991667
15.1413256459894
14.7057730830738
14.9291751536066
15.0914342227085
15.2209048059928
14.9675557612996
15.011875263025
14.9967048228264
15.1237951350896
15.1603678141571
14.721132059591
15.5858909182729
15.255757091154
14.6021050416632
14.7306093763151
15.404121706927
14.6235813483713
14.679374631765
15.2352335661981
15.6840409056477
14.6174808517802
14.9843354936453
14.9370869455433
14.798872990489
15.0832429930141
15.3585262183318
15.0815293325478
15.102251493982
14.9937690430098
14.8554742866762
15.0572384479421
15.0541107650871
15.2845425469237
14.4894007238448
15.8024215133406
14.8049701203603
15.1690135510479
15.0311396347109
15.4641334904469
14.6134912886121
15.13999915832
14.9995564346436
15.0270322363438
14.781005807592
15.0090337513677
14.8149659119603
14.6265507953876
14.9864666273883
14.9126411918189
15.1479042168168
14.76874758017
14.7707406783941
14.7226639171787
14.9495572763236
14.7871904721825
14.657999326656
14.9360870297113
15.1248859523609
14.8530165810959
14.9973882669809
15.0285910276913
14.5504090564767
14.879872906321
15.0143195017255
14.7237076003703
14.4868386499453
15.0749440282804
15.0632749768538
14.9609536234324
14.6939558959684
14.985379176837
14.5470490699436
14.6758362090733
14.7943952529249
14.7028305698174
14.8719409140645
15.1074126757007
14.9939104452487
14.8459296355526
14.8369270263446
14.9622430771821
14.646875683865
14.47999747496
15.0219855231041
14.7610849255113
14.7676399292989
14.7242328086861
14.967000252504
14.6974370844205
14.8506666105547
14.6959557276324
14.8317153438263
14.6021050416632
14.65375389277
14.9534626714923
14.4707120612743
14.9473621749011
14.7465507953876
14.5481769211346
14.8556998569144
14.6021050416632
14.7989167578487
14.6021050416632
14.7641688410067
14.7596103021631
14.7553143674775
14.6856737648346
14.9799755912802
14.8588679404091
14.4191877788065
14.7037395842101
14.9249835872401
14.9024602306203
14.2797180372023
14.7487896641697
14.2829096877367
14.8591776786466
14.5567014561064
14.7275894284993
14.7913248043094
14.5425241982998
14.9608357882333
14.5504730241562
14.6939558959684
14.6284159582527
14.482131975423
14.7089883006481
14.7709696153522
14.409245854726
14.601000757512
14.6443035098056
14.69875683865
14.4898518643212
14.7526142580591
14.4930401481357
14.4931478831748
14.4624938978201
14.8148514434812
14.7023289285414
14.6569118761047
14.7896178772831
14.4979622927363
14.6444348118845
14.5786895042505
14.3657882333137
14.6027211514183
14.420244928878
14.6837278006902
14.482131975423
14.5073083073816
14.4232850770137
14.409245854726
14.6986962376904
14.5191793620066
14.5841738910866
14.5024837976601
14.5403257301574
14.3680473024156
14.5750837471593
14.4671904721825
14.6654700782763
14.4634264792526
14.5862006565104
14.667749347698
14.630496591196
14.3736932918105
14.5266972477064
14.4073099907415
14.6984302668126
14.7559809780322
14.4133195858934
14.2117910950257
14.7178966416968
14.5162604157899
14.2732640350139
14.6559321605926
14.7228827539769
14.2369438599445
14.8947369750021
14.2682880228937
14.4348935274809
14.5891600033667
14.8666147630671
15.0606657688747
14.2334290042926
14.2055289958758
14.4856602979547
14.5584790842522
14.6346006228432
14.3010529416716
14.8639853547681
14.6311093342311
14.3058033835536
14.5425241982998
14.2320217153438
14.5820124568639
14.3774101506607
14.5524661223803
14.3768681087451
14.2460441040317
14.4288940324888
14.2351830653985
14.5332758185338
14.3877358808181
14.3987888224897
14.5361139634711
14.658127262015
14.3202701792779
14.2618407541453
14.2829096877367
14.4348935274809
14.4729845972561
14.0345804225234
14.4745669556435
14.1725486070196
14.4798190388015
14.4904073731167
14.3095707432034
14.3236335325309
14.4742067166063
14.5222935779817
14.47999747496
14.226507028028
14.4899124652807
14.3679429340965
14.1772956821816
14.3082812894538
14.3043422270853
14.3882341553741
14.4828928541369
14.245751199394
14.4765263866678
14.5060693544314
13.9022346603821
14.6209553067924
14.4348935274809
14.53499957916
14.1955534045956
14.482131975423
14.5173983671408
14.4671904721825
14.5504730241562
14.4121951014224
14.2971913138625
14.3543582190052
14.3352251493982
14.3043422270853
14.1725486070196
14.4271130376231
14.2450441881996
14.1772956821816
14.2055289958758
14.3413525797492
14.2141376988469
14.2365735207474
14.4544238700446
14.0031015907752
13.979881323121
14.4472190893023
14.1541360154869
13.8962284319502
14.3911329012709
14.4676348792189
14.2671433381029
14.1091970372864
14.2424181466207
14.35749936874
14.398253514014
14.1666635805067
14.286003703392
14.4565078697079
14.321505765508
14.20624947395
14.2560398956317
14.2968378082653
14.1274884269001
14.1987113879303
14.2907844457537
14.0410680919115
14.5126142580591
14.5910622001515
14.1536377409309
14.320751620234
13.9956443060348
13.9287172796903
14.3679429340965
14.2682880228937
14.3051771736386
14.1223171450215
14.4450138877199
14.4078183654575
14.2224164632607
14.3316867267065
14.0718163454255
14.1643843110849
14.7314847235081
14.0410680919115
14.1955534045956
13.7954456695564
14.2035830317313
14.3427868024577
13.7578427741773
14.3396624863227
14.2192584799259
13.9594486996044
14.0815326992677
14.002630249979
14.2098956316808
14.2490977190472
14.1845172965239
13.9935165390119
13.8382838144937
14.428998400808
13.8502760710378
14.331003282552
14.1541360154869
14.255248716438
14.1118129787055
13.9312995539096
14.1259094352327
14.292252335662
13.8632244760542
14.1240106051679
14.1050425048397
14.2495118256039
14.2379505092164
14.2310622001515
13.9450896389193
14.2117910950257
14.2351022641192
13.9129475633364
14.2730249978958
14.0025965827792
14.0884176416127
14.0008223213534
14.2327960609376
14.1826319333389
14.1730536150156
14.2441486406868
14.1536377409309
13.9423356619813
14.1810327413517
14.1864699941083
13.9053892769969
14.0095555929636
13.7086785624106
14.0593426479253
14.0267662654659
14.0156594562747
13.9956443060348
14.0815326992677
13.8894074572848
14.1193106640855
13.9912709367898
13.808629744971
14.05375052605
14.1248085178015
14.4255475128356
13.9316597929467
13.8425528154196
14.0973495497012
13.8561543641108
13.9478570827372
13.9678924332969
13.8946157730831
14.0959018601128
14.1052781752378
14.0721361838229
13.8661838229105
13.8507608787139
13.9648354515613
14.1115604747075
14.117246864742
13.8783376820133
13.9783494655332
13.9691010857672
13.9022615941419
14.0698097803215
13.9045644306035
13.9820898914233
14.0354625031563
13.9415343826277
14.0756678730747
14.0108046460736
14.2729071626968
13.8400479757596
14.0017852032657
13.7798880565609
14.1638860365289
13.8891717868866
13.9324947395
14.27374884269
13.9647277165222
13.8272611733019
13.9083149566535
14.0481045366552
13.9331074825351
14.0094949920041
13.7508972308728
13.7196742698426
13.8656350475549
13.9434298459726
13.8509797155122
13.9455475128356
13.9470221361838
13.9598863732009
14.010370339197
13.8536192239711
14.146503661308
14.099123811127
13.6685876609713
13.8575582863396
13.9479749179362
14.0581811295345
13.7055609797155
13.9238389024493
13.937123979463
13.9081331537749
13.8008122211935
13.7860592542715
13.8689647336083
14.0259649861123
13.8962082316303
14.0241772578066
13.7050963723592
13.9703333052773
14.0028187862975
13.7974118340207
13.9265423785877
13.7899713828802
13.9525536570996
13.5534525713324
13.7979000084168
13.9917961451056
13.9356123221951
13.9888502651292
14.0240695227675
13.7452849086777
13.8706379934349
13.8989756754482
13.8302104199983
13.9061703560307
14.0890707852874
14.0286684622507
13.6685876609713
13.5593443312852
13.767131554583
13.7508972308728
13.7247041494824
13.920627051595
13.8761392138709
13.8860138035519
13.8470911539433
13.8066703139467
13.7510992340712
13.8616454843869
13.8862629408299
13.7327371433381
13.6230729736554
13.717748506018
13.8795396010437
13.8215714165474
13.9499208820806
13.8831722918946
13.9571660634627
13.6910638835115
13.8789504250484
13.5385514687316
13.7798880565609
13.7798880565609
13.9851199393991
13.7859380523525
13.6861451056309
13.8959792946722
13.8839129702887
13.8731832337346
13.858494234492
13.8641974581264
13.8076904300985
13.6982282636142
13.8633827118929
13.5369421765845
13.6983831327329
13.8146932076424
13.7798543893612
13.8593022472856
14.1975364026597
13.5345551721236
13.9431874421345
13.7379084252167
13.7048943691609
13.6072325561821
13.9460121201919
13.5668689504251
13.4849936874
13.6834786634122
13.8454751283562
13.7765954044272
13.6739272788486
13.9952638666779
13.9039887214881
13.5310908172713
13.5359287938726
13.8310251662318
13.6685876609713
13.7050963723592
13.7798880565609
13.717748506018
13.5385514687316
13.7744508038044
13.7619569059844
13.834122548607
13.8023912128609
13.5375650197795
13.5500252503998
13.773878461409
13.7094495412844
13.8842328086861
13.6990463765676
13.5588325898493
13.6315167073479
13.732996380776
13.7563311169094
13.5327270431782
13.5385514687316
13.7799823247202
13.8806674522347
13.6090270179278
13.6066804141066
13.7112743035098
13.5965263866678
13.6186928709705
13.6362132817103
13.7846990994024
13.5123920545409
13.8254229441966
14.0734290042926
13.4168411749853
13.7200648093595
13.7788410066493
13.814003030048
13.5525738574194
13.7312726201498
13.4315739415874
13.5665895126673
13.5219501725444
13.6681331537749
13.7637884016497
13.5750837471593
13.4274093089807
13.5234146957327
13.5410664085515
13.5803627640771
13.8102693375978
13.3667982493056
13.6197971551216
13.3891196027271
13.6445795808434
13.6832901270937
13.3354843868361
13.5641722077266
13.5854869118761
13.6799941082401
13.6825494486996
13.8576592879387
13.1484630923323
13.4806977527144
13.7305959094352
13.4691499032068
13.5524223550206
13.4822935779817
13.6839836714081
13.5826150997391
13.492131133743
13.6798123053615
13.4908888140729
13.4927741772578
13.6046098813231
13.4977434559381
13.5589908256881
13.549372106725
13.8292004040064
13.3936343742109
13.4285708273714
13.7111430014309
13.6794284992846
13.6190093426479
13.5584454170524
13.4402668125579
13.7226336166989
13.6634433128525
13.691131217911
13.6189521084084
13.4457444659541
13.625123306119
13.5038170187695
13.3598022052016
13.492131133743
13.4274093089807
13.356745223466
13.5888839323289
13.3667982493056
13.4910706169514
13.5794604831243
13.4538313273294
13.4913938220689
13.5041705243667
13.505631680835
13.611996464944
13.45250483966
13.5441132901271
13.4955315209158
13.4747958926016
13.5785952360912
13.5795581180035
13.4242816261257
13.3850593384395
13.1396523861628
13.3397601212019
13.4805125831159
13.5958126420335
13.57625536571
13.6372805319418
13.3576576045787
13.589122969447
13.4144575372443
13.5509376315125
13.6136663580507
13.4168411749853
13.2349541284404
13.5578124736975
13.5129475633364
13.4717187105463
13.5524223550206
13.4235779816514
13.37124568639
13.4271669051427
13.6443977779648
13.5385514687316
13.5385514687316
13.3521698510226
13.5357200572342
13.2506565103947
13.4402769127178
13.1967081895463
13.524875852201
13.4154473529164
13.358118845215
13.3713197542295
13.5160247453918
13.3569741604242
13.1285455769716
13.4406910192745
13.3300168335999
13.5093889403249
13.5456114805151
13.2801826445586
13.2451923238785
13.2480742361754
13.3575330359398
13.3598022052016
13.4168411749853
13.4271669051427
13.4275305108998
13.3811472098308
13.2764725191482
13.5425174648599
13.3487054961704
13.1125637572595
13.4177804898578
13.4813138624695
13.1396523861628
13.3667982493056
13.4006910192745
13.5349726454002
13.4383578823332
13.2726479252588
13.388123053615
13.3682089049743
13.4496801616026
13.36500378756
13.3587248548102
13.5037698846899
13.6100673343995
13.0977771231378
13.0973192492214
13.4892088208063
13.4224097298207
13.3348985775608
13.39750273546
13.2684058580928
13.6313921387089
13.4672308728222
13.3391473781668
13.3458505176332
13.3313298543894
13.0747655921219
13.5546982577224
13.3521698510226
13.2418559043851
13.2875826950593
13.1977114720983
13.3333970204528
13.2629450382964
13.1247108829223
13.1893552731252
13.3693838902449
13.1991490615268
13.0990531100076
13.3365112364279
13.1966677889067
13.368498442892
13.2445593805235
13.2241065566872
13.2397921050417
13.494373369245
13.2120402323037
13.4189453749684
13.3099713828802
13.47874505513
13.1969337597845
13.1369859439441
13.1326462418988
13.0444381786045
13.430499957916
13.3967586903459
13.2914241225486
13.3819383890245
13.0906497769548
13.2720452823837
13.2069026176248
13.1707777123138
13.3218188704654
13.3109914990321
13.3057629829139
13.2148851106809
13.029503408804
13.2874850601801
13.3145299217238
13.3833860786129
13.4149221446006
13.2870069859439
13.2655744465954
13.0550837471593
13.0906497769548
13.2472224560222
13.2885186432119
13.0728398282973
13.0808660887131
13.0994066156048
13.1492408046461
13.1216909351065
13.1618256039054
13.1300168335999
13.2284496254524
13.2633019106136
13.0577804898578
13.1293434896052
13.1811909771905
13.159246696406
13.2621504923828
13.2098215638414
13.0973192492214
13.25875010521
13.1613441629493
13.0480607692955
13.1065272283478
13.1836520494908
13.2336747748506
13.2658269505934
13.266123221951
13.0172754818618
13.2024147799007
13.05000336672
13.1786423701709
13.0083503072132
13.4303046881576
13.2255441461157
13.3515571079876
13.0862966080296
13.1199604410403
13.2641503240468
13.0895791600034
13.2817683696659
13.1001944280785
13.2329711303762
13.3474126757007
12.9477863816177
13.1432177426143
13.1725654406195
13.1776660213787
13.2241974581264
13.1269699520242
13.1128633953371
13.0226622338187
13.154876693881
13.1709527817524
13.0444381786045
12.9467729989058
13.1524526555004
12.9252293577982
13.0458320006734
13.2322371854221
13.1721984681424
13.0439163370087
13.132871812137
13.1576879050585
13.0939188620487
13.1303366719973
13.1849078360407
13.0297761131218
13.0913567881491
13.0360617793115
13.0519190303847
13.2262410571501
13.1269699520242
13.1089748337682
13.0973192492214
13.2471416547429
13.1093115057655
13.027749347698
13.1526310916589
13.0172754818618
13.0920806329434
13.1446654322027
13.0580801279354
13.1225864826193
13.0178949583369
13.2545619055635
13.1602398787981
13.029503408804
13.1247108829223
13.2010680919115
13.107251073142
13.0742168167663
13.0512322195102
13.0811084925512
13.0167603737059
13.2249516034004
13.0745770558034
13.0452865920377
13.1150349297197
13.0703282551974
12.973380186853
13.1527051594984
13.0979252588166
12.8415293325478
13.0016943018265
13.083128524535
13.1852983755576
12.986628229947
13.1521698510226
13.0574673849003
13.0247698005219
13.0311194343911
13.0758463092332
13.0480607692955
12.9348514434812
13.0279580843363
13.0575616530595
12.9355887551553
13.2299814830401
12.8646586987627
13.1000866930393
13.2082392054541
12.938625536571
13.0881415705749
13.0378629744971
13.018002693376
13.0715436411077
13.0836840333305
12.9541158151671
12.8830881238953
13.0063673091491
13.0673352411413
13.0083503072132
13.0177737564178
13.2760853463513
13.0276146788991
12.8935956569312
13.0672813736218
12.9665356451477
13.126629913307
13.0141410655669
13.0580801279354
12.9814603147883
13.029503408804
12.9938464775692
13.0708500967932
13.0102020031984
13.0046772157226
13.0615680498275
13.087252756502
12.9397331874421
13.0207566703139
13.0352874337177
12.8928246780574
13.0450408214797
13.0466703139466
13.0109460483124
12.9916749431866
13.0903063715176
12.9348952108408
12.9614047639088
13.0409805571922
12.917253598182
12.8086802457706
12.8620595909435
12.9728583452572
12.99749936874
12.9455071121959
12.9537690430099
13.0151578149988
13.0744928878041
13.0998476559212
13.0501111017591
12.9823558623011
12.9882779227338
12.8177703896978
13.0777013719384
13.0254667115563
12.8780582442555
12.9831874421345
12.9003257301574
13.0158547260332
12.995496170356
13.0192180792863
13.052252335662
12.9342151334063
13.0030914906153
12.9264144432287
12.8513904553489
12.8576491877788
12.9510487332716
13.0632850770137
12.8847142496423
12.9700707011195
12.9237850349297
12.9201018432792
12.9571896305025
12.9282223718542
13.0519695311843
12.9394739500042
12.965121622759
12.8456670313947
12.9174219341806
12.9759590943523
12.9428709704571
12.9636705664506
12.8207667704739
12.7777973234576
13.0164573689084
12.995869876273
12.9261821395505
13.0569421765845
12.8400648093595
13.0492088208063
12.854747075162
13.0223188283815
12.8088620486491
12.8499326656005
12.841626967427
12.957751872738
12.961754902786
12.9152874337177
13.0822700109418
12.8125351401397
12.9174859018601
12.865749516034
12.8888923491289
12.900123726959
12.9707979126336
12.7350871138793
12.7622969447016
12.8830881238953
12.9757638245939
12.9355887551553
12.8513904553489
12.8620595909435
12.9282223718542
13.0047209830823
12.9329896473361
12.9858505176332
12.9412650450299
12.8591541116068
12.938625536571
13.0283284235334
12.9537690430099
12.7952032657184
12.8214199141486
13.0023979463008
12.7883351569733
12.9343565356452
12.8650593384395
12.9440526891676
12.7856619813147
12.9167452234661
12.8130401481357
12.7407331032742
12.8895353926437
12.7791103442471
12.87874842185
12.8979151586567
12.7812684117499
12.90374631765
12.8415293325478
12.7952032657184
12.7660878713913
12.8086802457706
12.9523314535814
12.9330536150156
12.7201355104789
12.7952032657184
12.8750719636394
12.7930956990153
12.9315284908678
12.8376407709789
12.8472056224224
12.982123558623
12.7937017086104
12.7877055803384
12.7928566618972
12.7420292904638
12.8513904553489
12.9384807676122
12.8213862469489
12.8578511909772
12.8390177594479
12.9619670061443
12.7355584546755
12.9573175658615
12.8890337513677
12.9491128692871
12.6920705327834
12.8834685632523
12.7435342142917
12.7538498442892
12.8011859271105
12.894881743961
12.8025831158994
12.9777299890582
12.8366947226664
13.0183023314536
12.7722052015824
12.8790716269674
12.744746233482
12.8364725191482
12.8358530426732
12.7282560390539
12.7367368066661
12.8499124652807
12.8004317818366
12.7436453160508
12.7315789916674
12.7824063631008
12.7887862974497
12.6756342058749
12.8022834778217
12.9697138288023
12.7966812557866
12.8612111775103
12.7055980136352
12.8400648093595
12.7350871138793
12.791627809107
12.6519358639845
12.7391810453666
12.8499898998401
12.8429231546166
12.7831706085346
12.8399705412002
12.7660878713913
12.7963210167494
12.7724341385405
12.6791153943271
12.7878267822574
12.8334020705328
12.8035628314115
12.7856619813147
12.7732387846141
12.7650542883596
12.7529812305362
12.7819249221446
12.7848068344416
12.772753976938
12.7752655500379
12.769501725444
12.6933330527733
12.8712204359902
12.6637294840502
12.738871307129
12.91500462924
12.8314763067082
12.7160247453918
12.9059818197121
12.8659245854726
12.6451721235586
12.7928566618972
12.8935720898914
12.7791103442471
12.7105336251157
12.7266568470667
12.7670305529838
12.7398072552816
12.765370760037
12.7122371854221
12.7850795387594
12.786126588671
12.6498821648009
12.7665558454676
12.7117187105463
12.7428406699773
12.8064716774682
12.7945534887636
12.6468285497854
12.9420865247033
12.6214872485481
12.8099764329602
12.6703316219173
12.7284614089723
12.652753976938
12.6735838734113
12.7737303257302
12.772753976938
12.7752655500379
12.6679513508964
12.7621555424628
12.7154490362764
12.7283907078529
12.7219131386247
12.7761072300312
12.6827783856578
12.7480994865752
12.8010882922313
12.8199755912802
12.7047327666021
12.7288687820891
12.7802247285582
12.7209098560727
12.6301094183991
12.759007659288
12.6797382375221
12.7139070785288
12.7468672670651
12.6065289117078
12.6721934180624
12.839869539601
12.7678621328171
12.7400967931992
12.6338464775692
12.7022784277418
12.5923112532615
12.7218963050248
12.6468285497854
12.7135468394916
12.8074177257807
12.6927977442976
12.6990127093679
12.6773074657015
12.6031722918946
12.695504587156
12.652376904301
12.6435931318913
12.7205361501557
12.7103248884774
12.8104410403165
12.6787147546503
12.7472039390624
12.6565348034677
12.7796389192829
12.6598543893612
12.8616421176669
12.6723819543809
12.5716126588671
12.5682998064136
12.8201843279185
12.6325839575793
12.7114224391886
12.7657175321943
12.6313854052689
12.6581373621749
12.5757402575541
12.8737724097298
12.7057899166737
12.7370128777039
12.8091313862469
12.6224837976601
12.6723651207811
12.6627228347782
12.7919745812642
12.7053488763572
12.6525991078192
12.6369842605841
12.6844314451646
12.6474278259406
12.5902945879976
12.6725536570996
12.7621488090228
12.5896616446427
12.5860760878714
12.5348211430014
12.7323701708611
12.6207735039138
12.7070524366636
12.5879479841764
12.6571980473024
12.6738027102096
12.5157251073142
12.7086920292905
12.624372527565
12.6619249221446
12.6597702213618
12.6451721235586
12.6519358639845
12.6835089638919
12.6136596246107
12.6030611901355
12.7124156215807
12.606872317145
12.6287357966501
12.6277628145779
12.7495370760037
12.6167974076256
12.6877106304183
12.6211169093511
12.5908938641529
12.5516547428668
12.7316900934265
12.582382796061
12.6057377325141
12.653875094689
12.6438119686895
12.6240796229274
12.7574623348203
12.6454077939567
12.5905639255955
12.5803964312768
12.6457949667536
12.6129458799765
12.6373141991415
12.7688014476896
12.6200934264793
12.6773074657015
12.4692879387257
12.6034618298123
12.5839483208484
12.6224602306203
12.5473116741015
12.5609098560727
12.6258505176332
12.5373630165811
12.6583561989732
12.4978680245771
12.5720536991836
12.7280944364952
12.4586794040906
12.586379092669
12.6167974076256
12.6008256880734
12.5935636730915
12.695373285077
12.5757402575541
12.6136596246107
12.6567906741857
12.4827144179783
12.5723600707011
12.7430797070954
12.636755323626
12.5512339028701
12.5814771483882
12.6858858681929
12.5861636225907
12.5730603484555
12.6329475633364
12.5896616446427
12.7376592879387
12.5489377998485
12.5239096035687
12.5238220688494
12.6780279437758
12.5526950593384
12.6033136941335
12.6465289117078
12.5832682434139
12.6212212776702
12.6224130965407
12.6321765844626
12.8013912970289
12.6369371265045
12.5581457789748
12.5757402575541
12.6243826277249
12.4288468984092
12.491632859187
12.4037379008501
12.5927219930982
12.4426942176584
12.705995286592
12.5096145105631
12.6026639171787
12.5653438262773
12.5695589596835
12.6333549364532
12.5764708357882
12.5749793788402
12.5722792694218
12.6462999747496
12.5558867098729
12.5388948741688
12.5233338944533
12.4953631849171
12.489124652807
12.574124231967
12.6664699941082
12.4566762057066
12.4331024324552
12.6244061947648
12.5504528238364
12.5355348876357
12.6529391465365
12.6109931823921
12.6132960188536
12.5291886204865
12.5793628482451
12.5652630249979
12.5585666189715
12.5842849928457
12.4675675448195
12.6362132817103
12.491508290548
12.3865440619477
12.6895690598435
12.5593981988048
12.5889681003283
12.5841469573268
12.5227413517381
12.6396911034425
12.4586794040906
12.6231470414948
12.4827144179783
12.5223676458211
12.5744508038044
12.5426353000589
12.5462174901103
12.4141679993267
12.5291886204865
12.4400681760795
12.4923533372612
12.4381861796145
12.4248304014814
12.5270271862638
12.4185649356115
12.4922860028617
12.5652764918778
12.5866820974666
12.4268066661056
12.4416337008669
12.4194167157647
12.280623684875
12.6440510058076
12.4253219425974
12.500628734955
12.4891515865668
12.5538565777292
12.3854296776366
12.7721816345426
12.6428659203771
12.6824181466206
12.3012044440704
12.4063572089892
12.4827144179783
12.4827144179783
12.4109561484724
12.5669935190641
12.6087206464102
12.4373646999411
12.5561055466712
12.672752293578
12.2773646999411
12.511998148304
12.495619055635
12.4899124652807
12.4904679740763
12.5504696574363
12.4586794040906
12.4774185674607
12.3865440619477
12.4886634121707
12.5035072805319
12.5942302836462
12.4509157478327
12.5670810537834
12.4606085346351
