8.47347151488334
8.72464604399279
5.49470772013781
10.1105012813152
9.42066680093732
12.2816531955316
6.72804007346862
8.22271593247895
8.95468545597827
8.58526658883754
9.74273300085084
11.1696234452176
11.2510800904922
10.0662041613018
8.67287947286413
8.49566065510158
13.8801058112372
8.70635744267576
9.01450352742255
8.29360251793071
14.4363515236377
11.409826616703
9.18426988257011
6.8674553553045
9.73220313991111
11.9736218501428
8.69865445773558
13.1364450393593
12.5141738105594
13.2622340511916
14.3536251041282
12.3604920974301
8.64540445684866
7.29255239203224
7.84738218855386
8.33430531862382
11.8325103939594
8.69821045857216
12.2070289055908
7.78804583739879
8.15433976550318
8.19186920483727
9.4831232380083
8.08210535333633
7.77262793367182
5.09695577148157
11.6102997545061
9.3011896963113
7.32750636187461
5.36101459313398
8.02098149257024
5.55444324121078
6.72809219762918
9.98580618498792
10.1199857074583
11.2629604944274
9.39950187739701
8.83565303306738
9.22415902079661
11.4480870899632
8.51825561285936
13.2800346535669
5.97983813416307
10.8130093429428
10.4189673853152
8.01020723296466
8.61571333324549
12.1337474561528
8.93685697226419
6.22887011223008
10.4873125809021
10.8846767536003
12.0984860580907
8.20179157766677
9.14954714184564
13.1601907789447
8.57666626522693
7.21668110692433
9.99836069786309
9.32866809123953
8.99105840553267
13.0613006219066
9.813456530807
7.82015987400205
12.2812419320597
9.08389155081738
7.6211166828892
12.2445436543687
9.79642887674713
8.82556799435946
11.0046289527611
6.46344696994782
8.54978806604493
12.2151258539999
11.0544308548538
13.4985689780111
9.58225961860485
10.6107187616944
13.6305745958176
12.3234299441682
12.1973765920736
11.3761873819907
9.50673914888935
8.51415550108202
10.8705403575692
11.5135869231368
9.37844702271856
8.49187263164546
12.8361464046529
8.84853895557211
9.13249935834584
9.6382713952732
9.80400965664645
11.0548858942069
14.8594939756759
13.7059742177811
10.8368514172039
10.1197811873919
8.23261399053156
9.25117105677045
6.1395134968515
14.3060480797812
12.3501703226341
8.55811821916656
7.78868319617768
8.75936019432741
13.1366926434019
10.3584603848124
11.1287460908943
9.40224186178536
10.9588568416043
9.93719737323562
10.8254614913066
12.0904553609791
12.1453396186816
11.0974655091584
14.0605278743439
8.91193906099988
14.3822617820656
9.56688580321156
7.22808166979485
11.2593262433757
8.97430768360416
7.84767792091431
5.25912537461217
10.7547844653838
14.2971638591629
10.351267115457
11.8226195139652
10.711863168887
8.16653681957726
11.3049575060268
9.43219489105685
11.230857232723
9.40470096173789
11.2345235990121
9.5281256184554
11.9934131119576
7.92620754145624
9.93007154078966
5.41716521828201
10.725869963456
7.76885533230475
12.5422485042012
7.23686917674196
12.7582247594812
11.5493339042012
13.0267056036206
13.3962434326249
8.89490488020732
5.37930687837184
6.64998496564027
12.7410591715453
9.16151797259129
11.9741835933756
9.03869832094624
6.82638590318169
8.71362148757468
10.9141955837925
7.7468800034586
12.5644914017886
12.7708709353363
9.30307179875927
7.59700153745562
10.2591333506146
12.3555025755221
12.2348891258148
12.4935297817931
11.125570433328
13.0936752054951
11.7481262632594
9.45726250428588
10.2522541449549
6.96383092529253
8.83443862793802
9.62338124357356
9.44858858102419
7.82782787642017
9.21827716043293
10.3962655461925
11.5544701372003
9.31742196261842
8.1281238333196
9.2662209172498
9.57462591016769
7.46064176867457
9.92457691642078
9.2311741778935
7.51092385717521
13.7462996585818
9.91013545620961
8.4507473043425
11.8396940571005
11.6687272836334
9.72411333554204
11.2455716779798
7.96900640834252
12.9386885372649
11.215562951827
13.1538308034043
9.49281555672719
7.82526847993955
9.97987217120481
11.7517213403323
10.7993145761093
11.1889600089137
10.9546086468496
9.79635478348541
10.7351933791415
14.6343989826585
11.806539513427
9.52843984339611
10.7715919028203
7.62524821567776
12.1875334505673
11.0781758760598
14.1810061611325
8.9496923167505
8.79140850364097
11.5711695826442
10.4268247834762
12.7905482426821
7.43713173373353
13.4674319041591
10.0594403435588
10.0799593109954
11.4324701367829
8.92309497697318
8.66869443020194
7.54565945054281
7.73885704933218
12.1696258796532
12.0475501770351
8.10477143932403
10.2857807060631
11.1356519481178
14.9023986851052
12.5152007841827
8.9355232993885
8.40183560707844
12.1179770940463
9.0203451825103
8.03564872232836
9.72994521862782
7.89152356190957
9.29789160727305
7.27223002625184
9.28882121277308
10.6804958969508
7.92828764319706
11.5063256673091
7.99428969130386
9.29108587441168
10.1428601705872
11.6463231523824
10.0069225610728
9.51201964657621
12.6639066568056
10.0722280761136
7.87024036464891
9.79990146630951
7.9939735614533
7.75913879288219
12.8330260971542
8.63514285598844
11.4886160057078
13.3768279895759
11.2843469526293
10.3674023761626
12.0124831007177
7.96414767094348
10.7335628110235
6.9593216870711
7.74011119196008
10.8790177414887
11.6254499109056
12.116929967959
9.22442624398659
5.96594876596127
6.12454381417029
10.1515540019071
9.56657865994744
12.0371449441231
8.74938541908039
11.3567015308246
7.62489788350707
9.34706811732839
8.37373797507274
8.22610992715931
10.4173640361752
12.8827736397104
7.28588777739681
8.86787057378099
5.10793572368225
9.56677643135327
12.6992244564832
11.6570197727409
10.113789024832
10.6103627202864
10.1910910515056
8.95175522454278
12.0120804735431
12.1106028817077
11.8793819227087
11.9969712090696
9.24978657290697
9.59492963367249
11.8960643976923
12.0837646961172
11.0313753915349
9.71168723858962
11.7935550040442
11.8934151897058
9.66360327442146
11.5654939512627
11.8363004055578
12.9340475155631
13.1771303725357
8.28773863285579
7.48995250311637
9.99365321420041
7.50964549792853
13.3373498406776
7.93073834638036
9.91691091383701
9.59046126406238
9.64498840829957
5.48672093854449
9.9610824050301
9.06238351211765
9.90612884067276
8.05727349198942
7.48145710260938
8.22303709826138
11.4032373839251
13.489559103197
8.81411679307452
8.68052132848609
8.68745558106071
8.29658082112442
10.6472147578722
9.9331781047219
6.88640566906856
8.06613911233135
8.54349948757189
11.7242706708223
9.33977070487942
9.15828748545339
11.5464536231272
11.7744438093987
9.41657132330764
10.2497121074215
10.2923180418533
11.1803441312026
14.6477231850018
9.09206505747072
8.75744593724807
10.9319331511487
9.26643799973121
9.09639074497259
11.2923802629523
9.26076655280102
11.2436590299369
8.38923290940133
10.895840181149
10.6028855216751
9.00729102088275
12.3428116201607
7.28649201333861
9.66156398127482
8.47742246234663
8.71469596980896
10.321192125714
7.59580052379785
8.88867996798214
6.23339306959855
12.382223382829
12.3763555841244
9.62699648153681
8.29120225200494
8.56482269749843
10.8256746109839
8.48838123119837
6.5981452575513
11.0036172744154
7.99507680416403
13.8366330423329
8.0126054521062
8.5488120701545
7.43671547343851
9.77471708249487
11.7184880972633
10.3038034753228
8.29002009459071
7.42090989112472
14.6305089128519
7.64279484565414
12.397893475084
11.0875641193669
12.380977474183
9.14606951270925
10.5611268810745
7.54242653021139
10.086592710716
10.9442581094223
8.97574777484012
8.41235269936483
10.6695091379393
12.9062592051498
8.61801856207482
7.27185267626184
12.6211146293876
8.4748627608082
12.6881901147778
5.28385035772209
6.27482793950826
7.96441847060101
8.08748479823885
7.26984007514631
11.8624228526589
6.06522488926368
12.3245630517652
8.89474751950796
9.22677052449367
13.8587911354274
10.6338933800253
12.4427783814248
10.4214422265442
8.20362999254852
7.91724937072783
9.2283048879813
8.91341586204798
9.76163840368264
8.79925108575214
8.8798667362995
9.13097171321904
14.3020427834322
12.4138509814374
11.3754285206007
9.34578189067666
10.1874093996807
9.88424175497952
12.8562372625291
12.920705326876
10.6409895107478
13.2688237951883
12.9316399861518
5.30982168612932
13.0341624080929
13.861529332518
9.0726057446634
7.01923465208317
14.5217946287766
11.4858020611268
7.91082485939602
10.4940175596587
8.44001896490852
9.94753104887125
13.5251921494949
9.68011720401886
8.84746800891043
12.3916296453155
7.97114704060713
11.1442047990768
7.65220420066325
13.5801817713814
10.9372115471863
9.45523560905408
10.1191312539612
13.3256298177557
14.1031969799514
10.1483681463074
11.9071104426746
11.302219584682
10.2340019177365
9.60369756238413
10.2808889973118
12.2873603840519
10.4390369925498
11.1816911841948
12.499334536279
7.6955821068944
8.45350610927497
8.19607779616229
6.26742586646611
9.80412741884297
11.74948011269
11.2095428641651
8.58481158718544
9.42735126891486
10.4878871519552
8.32311788372789
11.9608188260761
8.18994642382872
6.83305556571547
12.0877571637416
9.65551733147543
10.3735564828791
7.53674360984951
11.118938096591
12.4467358448282
11.95670758707
10.0539495482435
10.2093453860094
9.97782330553763
14.0269921130454
9.40145519315744
7.63035359891524
10.680647606385
5.76596031069185
8.37662413945307
10.7384957439137
11.1575265326903
7.96232537811445
10.6350543167628
9.58305680202548
9.33518380005135
9.8586089951658
7.69766996067141
7.95344711598585
7.99858400356402
12.5506442948118
8.54344933578816
8.84259010712727
7.19634196979148
