2.05593889403249
3.2664632606683
2.50413349044695
2.61175742782595
2.6221740594226
2.32366719973066
3.2137639929299
2.71802794377578
3.03452992172376
2.56038464775693
4.10351064725191
2.87970120360239
2.39105546671158
3.01710714586315
3.17880397272958
3.06712987122296
2.55240552142075
2.44687231714502
3.43094099823247
3.03846225065232
2.33907331032742
3.58067923575459
3.51985270600119
2.71332800269337
2.45493224476056
2.52541116067673
2.72352243077182
2.54381701876946
2.04948825856411
2.68213534214291
2.39045619055636
2.4232749768538
2.41778385657773
2.21006060095951
3.01273714333811
3.18292820469659
2.11988300648093
1.95867772073058
2.44408467300732
2.95609881323122
2.76262014981904
3.06254439861965
2.24551889571586
2.98100580759197
2.75562410571501
3.05709704570324
1.99288022893697
2.01710041242319
2.37541031899673
2.87385994444912
2.69280111101759
2.62258143253936
2.32288948741689
2.56172796902618
2.41055887551553
2.55960356872319
2.70146031478833
2.21091238111271
2.04461661476307
2.11824341385406
3.20963976096289
3.25459557276324
1.95515276491878
2.33538001851696
2.30682686642538
2.11803804393571
2.47292399629663
1.99288022893697
2.45421513340628
2.23430771820554
2.71080969615352
2.35461745644307
2.01710041242319
2.24551889571586
2.77386162780911
2.20910781920713
2.16444827876441
2.77095278175238
2.04147546502821
2.65075414527396
2.21006060095951
2.61175742782595
2.07315293325479
2.9948632270011
2.51804477737565
2.20065398535476
2.2581137951351
2.34351738069188
2.05068344415454
2.3407634037539
2.02794461745646
2.39086019695313
2.42604915411161
2.18971214544231
2.78319754229443
2.62975591280195
2.85445417052438
2.60740089218081
2.3526883258985
2.87669472266646
2.18971214544231
2.02590775187275
2.27719299722247
2.40366383301068
2.4223255618214
1.84727969026176
1.78777964817778
2.28607777123139
2.08394327076846
2.03347950509217
2.08704065314367
2.16186600454509
1.84179193670568
1.99288022893697
1.99288022893697
2.29828213113376
2.0686011278512
2.57064304351485
2.48852200993184
1.94468899924249
1.94729147378169
2.23258395757932
2.31582947563336
1.92446174564432
2.19462082316304
2.3162772493898
2.12390623684877
2.04579160003368
2.32829980641361
2.04949499200404
2.1169876273041
2.1017128187863
2.30954380944365
2.08262351653903
2.30863479505092
2.20388266980893
1.9970381281037
2.01435653564516
2.01710041242319
1.96168083494655
2.55689335914485
2.20055298375559
2.38665853042673
2.15838144937297
1.83198131470417
2.29792189209664
2.42727464018182
1.91895715848835
2.54292147125665
1.82791095025672
2.43023398703812
1.97871643801028
1.80586566787309
1.80611817187105
1.98427489268582
1.75037202255703
1.80946469152428
2.37987458968101
2.02838229105294
2.03600791179196
2.04579160003368
1.91811211177512
2.10923407120615
1.98148051510816
1.58966501136268
1.84509468899924
1.98110344247118
1.8286886625705
2.13966921976265
1.78916000336673
1.977999326656
2.07780574025756
2.40891928288866
1.77873327161015
2.09618466459054
1.72871727969027
2.09125915326993
1.9051872737985
1.91860365289116
1.84064388519485
2.03555677131556
2.1139744129282
2.01851106809193
2.39490026092079
1.82791095025672
2.00494992004042
1.85724854810201
2.15764750441883
1.91802121033584
1.88013214375894
2.24243161350054
2.00624947395002
2.02138624694891
1.93879723928964
2.17805656089556
1.92192660550458
1.68813483713492
2.23282299469741
1.72523272451815
2.04397357124822
2.07227085262184
1.70475633364197
2.1050526049996
1.66302247285583
1.70603568723172
2.05498274556015
1.7253875936369
1.82949330864406
1.68220940998233
1.99611564683107
1.80591953539266
2.12245181382039
1.49225906910195
1.7790396431277
1.77145442302836
2.059625452403
1.91670145610641
1.96097045703223
1.87370507533038
1.85029290463766
1.73111101759113
1.92446174564432
1.77873327161015
1.69978705496172
1.80762309569903
1.99637825098898
1.94232556182141
1.73840333305279
2.19353000589177
1.70405268916758
2.16517549027861
1.7924492887804
1.69223550206212
2.20867351233062
1.9795884184833
1.65065651039475
1.81940661560475
1.9051872737985
2.03256039053952
1.71141907246866
1.637623937379
1.88020621159836
2.05084841343322
1.52214207558288
1.95481945964144
1.78020116151839
1.49777712313778
2.13935274808517
2.0148009426816
1.66669893106641
1.89285497853717
1.85853126841175
1.80672754818619
1.31091406447268
1.854875010521
1.6676752798586
1.69110765087115
1.59074909519401
1.59498442892013
1.75083999663329
1.91810874505515
1.72475801700193
1.60282888645739
1.73128272030974
1.90236596246109
1.68870381281039
1.54164211766687
1.97022893695816
1.70603568723172
1.63969110344249
1.709877114721
1.80523272451813
1.66302247285583
1.69592206043262
1.79410908172713
1.61527565019782
1.51849255113206
1.6556897567545
1.68220940998233
1.68813483713492
1.83198131470417
1.68802373537582
1.70266560053869
1.96930982240553
1.64804730241562
1.93978032152177
1.72690598434477
1.76983166400134
1.54232892854137
1.61896894200825
1.70548017843618
1.78777964817778
1.84221614342229
1.75057065903545
1.66616025587072
1.49073731167411
1.74738237522095
1.65239710462083
1.77950425048397
1.5413020789496
1.30139298038887
1.7480388856157
1.79475549196195
1.24719215554248
1.69148472350813
1.72339786213283
1.73719131386247
1.6910133827119
1.41671323962629
1.77094604831245
1.61894874168843
1.65375052605
1.52949835872403
1.67313273293493
1.69435316892518
1.59863395337095
1.83176584462589
1.7229871222961
1.42573604915412
1.69336335325309
1.70405268916758
1.74217742614258
1.26711303762309
1.80483545156133
1.59041242319671
1.66236596246108
1.63894369160846
1.45419493308646
1.6057612995539
1.53319165053446
1.65065651039475
1.51683275818536
1.62828128945375
1.62269590101843
1.66888729904892
1.4916025587072
1.63679909098562
1.61759532025926
1.637623937379
1.63388687820893
1.27902112616783
1.69529248379766
1.8737892433297
1.40482871812137
1.59951940072386
1.61416126588671
1.5274513929804
1.79553993771569
1.57597256123222
1.59476895884185
1.59498442892013
1.26711303762309
1.43500462923998
1.54122127767025
1.1066517969868
1.6620999915832
1.43882922312937
1.77440703644476
1.4598644895211
1.51255029037961
1.38545661139636
1.43571164043431
1.29438010268495
1.63432791852537
1.47316303341469
1.58953707600372
1.57256207389952
1.27369160845046
1.67699436074406
1.32082905479336
1.76524282467807
1.63969447016245
1.63961030216313
1.23072216143424
1.24212187526302
1.56740762562075
1.43562073899506
1.2714022388688
1.68594646915244
1.63601801195188
1.42114720983082
1.48335072805321
1.7964758858682
1.61536655163707
1.76555592963555
1.32535729315714
1.71578907499369
1.51734113290127
1.33389529500886
1.47585977611314
1.70101927447186
1.49152512414781
1.16041831495667
1.80529669219763
1.45631259994951
1.5189874589681
1.22812978705497
1.16135762982915
1.51152680750781
1.76963302752296
1.47880902280954
1.29079454591366
1.3405883343153
1.16178520326574
1.16309149061527
1.41689504250485
1.38404595572763
1.26652049490784
1.41627556602981
1.48335072805321
1.42412002356704
1.57241730494067
1.27888309064895
1.41825183065399
1.36397020452824
1.12926942176586
1.34633532530933
1.4439634710883
1.16617203939063
1.21992172376062
1.27928373032574
1.26480010100161
1.44570406531437
1.51691355946471
1.11122043599025
1.36145863142835
1.04342479589261
1.42557107987543
1.27082316303341
1.41780069017761
1.70129197878967
1.45680750778556
1.27749263530006
1.26307970709536
1.51191734702468
1.44175826950595
1.35924669640605
1.12339112869287
1.34399208820807
1.65299974749601
0.827301573941583
1.28557612995539
1.68900345088798
1.21207053278346
1.31621664843027
1.26711303762309
1.57040737311675
1.40232051174144
1.39579244171367
1.26801531857589
1.05075751199394
1.55523019947816
1.39226748590187
1.31090733103275
1.19271862637825
1.33283814493731
1.06651712818788
1.2022262435822
1.27342563757261
1.3978394074573
1.28610807171114
1.24223971046209
1.11707179530345
1.14363184917096
1.4420747411834
1.31767107145865
1.16195017254441
1.42296187189632
1.11575540779396
1.12361333221111
1.06271273461832
1.12751199393992
1.13631596666949
1.13129282046967
1.33909014392728
1.27970793704233
1.4804149482367
1.23093763151252
0.900241562158072
1.03385994444912
1.23592711051259
1.22704233650367
1.35055382543558
1.10721740594227
1.14300227253599
1.11122043599025
1.39816934601464
1.18564851443483
0.78446342900429
1.26208315798334
1.18624442387005
1.04342479589261
1.16837050753304
1.27902112616783
1.32947479168422
1.29492214460063
1.24719215554248
1.28485901860114
1.31082316303343
1.21572679067418
1.09460903964313
1.16195017254441
1.13129282046967
1.1072645400219
1.00411497348708
1.00439104452488
1.01931908088545
1.18634879218922
1.04019611143843
1.24183233734536
0.962546081979639
1.05862890329098
1.10721740594227
1.20284235333727
1.14300227253599
1.03385994444912
1.14150744886794
1.16408130628736
1.30470246612239
0.998378082652977
1.25495581180036
0.957953875936369
0.964512246443917
1.2781626125747
1.30310327413517
0.959314030805501
1.41740678394075
0.989298038885636
1.09734954970122
1.02533877619729
1.32421260836631
1.02444996212441
0.943200909014394
1.01948068344416
1.08996296608029
1.1160752461914
1.18948994192408
1.29803636057571
0.911701876946381
1.17013130207894
0.893306119013545
1.2401119434391
1.11122043599025
1.10963134416295
0.839728137362187
1.11649945290802
1.26298543893611
0.880431781836563
0.655548354515616
1.41361585725107
1.06468226580256
0.918001010016013
1.06152428246781
0.878916757848685
1.00411497348708
0.772713576298287
1.01948068344416
1.35665432202677
1.18321100917433
0.477041494823681
0.88687905058498
0.97125578654996
1.26965491120276
0.927710630418318
1.0584774008922
1.04989899840081
0.917068428583462
1.07781584041749
0.823436579412515
0.90348034677217
1.1129509300564
0.87922312936621
0.94241309654069
0.936797407625619
1.2209755071122
0.833125999494996
0.890619476475052
0.88027691271779
0.964424711724604
0.784752966921985
1.04900681760796
0.958243413854063
1.08158320006734
0.943072973655433
0.954196616446438
0.875280700277756
1.00144179782848
1.01090564767276
1.10446679572428
1.0058387341133
0.832961030216325
1.13063631007492
0.91309569901523
0.765296692197637
0.843953370928375
1.38765844625874
1.00075835367394
0.698554835451574
1.02352748085178
0.965559296355536
0.720926689672581
1.11472855820219
1.09157225822742
0.851235586230132
0.89914401144685
0.859712987122293
0.673496338692047
0.826796565945642
0.897544819459654
0.791173301910618
0.874472687484229
0.760859355273141
0.78678983250569
0.906772998905836
0.938500967931986
0.891747327666025
0.897514518979904
0.843205959094348
0.823160508374713
0.816733439946148
0.833142833094854
0.871193502230454
0.911796145105626
0.765811800353504
0.564673849002617
0.455241982998075
0.8125620738995
0.900517633195875
0.642744718458061
1.1519745812642
1.05367645821059
0.719667536402653
0.871513340627899
0.768532110091741
0.746204023230376
0.955930477232556
0.736258732429945
0.859635552562935
0.782291894621665
0.80533372611734
1.17216480094268
0.884104873327175
0.941955222624358
0.944695732682447
1.00120276071038
1.00810453665517
0.661813820385504
0.901773419745808
0.809676794882591
0.911701876946381
0.612962713576309
0.702557865499557
0.848929383048585
0.66513677299892
0.789631344162956
0.45925174648599
0.597765339617894
0.749904048480772
0.928286339533713
0.86495497012038
0.718479084252181
0.765293325477671
0.853279185253768
0.540786970793704
0.706476727548193
0.830550458715607
0.564673849002617
0.782291894621665
0.813659624610722
0.741042841511671
0.827749347698017
0.759320764245444
0.887279690261778
0.708870465449053
0.657305782341552
0.681233061190142
0.856188031310495
0.951062200151512
0.816932076424564
0.85819459641445
0.818184496254531
0.926532278427743
0.7780868613753
0.641791936705658
0.768656678730764
0.735834525713329
0.824658698762732
0.553614173891106
0.708321690093442
0.785702381954394
0.785577813315371
0.776932076424544
0.484259742445943
0.734410403164731
0.736615604747072
0.741130376230956
0.455706590354367
0.854487837724093
0.688892349128878
0.867897483376822
0.601509132227932
0.640327413517383
0.68188957158489
0.672715259658276
0.457352916421172
0.551644642706862
0.557267065061865
0.623763151249904
0.672210251662335
0.698554835451574
0.739716353842283
0.603882669808939
0.438317481693474
0.618406699772748
0.639421765844645
0.722973655416212
0.493585556771336
0.486040737311669
0.780312263277523
0.711072300311429
0.681233061190142
0.613666358050665
0.537578486659385
0.680691019274491
0.945497012036043
0.66535560979716
0.507641612658887
0.726044104031644
0.706220856830242
0.517556602979568
0.571976264624197
0.7135636730915
0.69986112280111
0.693245518054056
0.408673512330608
0.822995539096041
0.718512751451897
0.539911623600716
0.500261762477919
0.54758101169935
0.488835114889326
0.678617119771076
0.688559043851541
0.560270179277836
0.574390202844882
0.548011951855898
0.797883174816945
0.919367898325078
0.625544146115658
0.616935443144513
0.561707768706356
0.528000168336007
0.52750862721993
0.501113542631089
0.482216143422278
0.65815082905479
0.430277754397792
0.66726117330191
0.596317650029476
0.493585556771336
0.499783688241735
0.604694049322461
0.478071711135442
0.406606346267154
0.467749347698003
0.493928962208571
0.436910192744733
0.407586061779313
0.628409224812742
0.600536150155705
0.572407204780745
0.547298207221615
0.580271862637829
0.561448531268411
0.486040737311669
0.499191145526481
0.583928120528583
0.580029458799771
0.575938894032504
0.516856325225149
0.619921723760626
0.477290632101671
0.506523861627812
0.419012709367905
0.559657436242759
0.516196448110435
0.639886373200909
0.510957831832343
0.688064136015498
0.459322447605416
0.455679656594583
0.533881828128955
0.495326150997386
0.408097803215213
0.582642033498871
0.441866004545091
0.437974076256211
0.531865162865074
0.515146031478849
0.586257890749948
0.466628229946991
0.50128524534972
0.465739415874083
0.45925174648599
0.408673512330608
0.444764750441891
0.506523861627812
0.406491877788085
0.40333389445334
0.600482282636136
0.569333389445347
0.357223297702234
0.458538001851707
0.510755828633961
0.432466122380276
0.39642201834863
0.423096540695241
0.489087618887311
0.536521336587839
0.419925090480604
0.451747327666027
0.364215975086267
0.524936453160507
0.518506018011948
0.477489268580086
0.44657267906743
0.496228431950186
0.44883174816934
0.416093763151252
0.426803299385568
0.432105883343155
0.394573689083416
0.5289765171282
0.491861796145116
0.4859262688326
0.45514771483883
0.486040737311669
0.452360070701133
0.494875010521014
0.515361501557123
0.458164295934694
0.474641023482889
0.419867856241069
0.440566450635487
0.488060769295515
0.465968352832249
0.379709620402338
0.422908004376751
0.493834694049326
0.487993434896055
0.430705327834374
0.422611733019124
0.324377577644981
0.494023230367816
0.442583115899339
0.473290968773682
0.401031057991759
0.400246612238021
0.512678225738568
0.394519821563847
0.462490531100087
0.342699267738425
0.460507533035951
0.394102348287191
0.3789251746486
0.364896052520834
0.472775860617787
0.460712902954299
0.468540526891672
0.348405858092747
0.434499621244015
0.397162696742697
0.41149482366805
0.422355862301174
0.361889571584896
0.404896052520826
0.365791600033674
0.428123053615025
0.426429593468583
0.416009595151934
0.428405858092759
0.449966332800273
0.463268243413864
0.453346519653223
0.40397357124823
0.508254355693964
0.402818786297445
0.414141065566866
0.424049322447615
0.42955727632355
0.481485565188109
0.426443060348475
0.394573689083416
0.402606682939165
0.34722077266224
0.463342311253257
0.361303762309575
0.397745139298053
0.403064556855497
0.481091658951271
0.329020284487854
0.365933002272556
0.416544903627653
0.435785708273727
0.338925174648608
0.46827118929383
0.313381870212964
0.404599781163199
0.361152259910796
0.42153101590776
0.400596751115245
0.361246528070041
0.395617372275069
0.433159666694735
0.351180035350581
0.395438936116506
0.378140728894891
0.451760794545919
0.324377577644981
0.38590438515277
0.357223297702234
0.423779984849773
0.348345257133246
0.403064556855497
0.366266307549864
0.394742025082081
0.40639760962884
0.407777964817797
0.368050669135613
0.412908846056723
0.39919282888647
0.351863479505113
0.510661560474716
0.399869539601042
0.334356535645156
0.37214123390288
0.384527396683779
0.368094436495255
0.431631175826965
0.378810706169531
0.318879723928973
0.403643632690859
0.402014140223883
0.38527144179784
0.372871812137021
0.370777712313782
0.41537328507701
0.320701119434403
0.438815756249483
0.366219173470256
0.387318407541471
0.325030721319763
0.342200993182388
0.392509889739927
0.327942934096455
0.339012709367893
0.344406194764758
0.361185927110512
0.36971719552227
0.408700446090393
0.298218163454266
0.36627640770979
0.440906489352756
0.311853379345166
0.347089470583285
0.348550627051594
0.364896052520834
0.33023567039811
0.383857419409139
0.343295177173644
0.317219930982247
0.371427489268598
0.299837555761314
0.350486491036122
0.293969362848259
0.393721908930246
0.3255895968353
0.396526386667801
0.37520494907838
0.372289369581694
0.325717532194261
0.306749431866024
0.335060180119513
0.338763572089903
0.369919198720652
0.348607861291157
0.378780405689753
0.342052857503575
0.35011951855904
0.362687484218498
0.423672249810636
0.387611312179104
0.361458631428349
0.329296355525628
0.412582274219346
0.345039138119688
0.341318912549468
0.335672923154618
0.36229357798166
0.357267065061876
0.361882838144936
0.357950509216408
0.312456022220346
0.387086103863311
0.303305277333578
0.34413349044695
0.365384226916945
0.352688325898498
0.315664506354693
0.292528406699773
0.357620570659037
0.307924417136604
0.33699604410404
0.305853884353184
0.336302499789582
0.334373369245014
0.285155289958766
0.396852958505178
0.357539769379684
0.333885194848932
0.32342142917264
0.297433717700528
0.305409477316744
0.319495833684044
0.306698931066421
0.310988132312104
0.338453833852384
0.380356030637159
0.296642538506859
0.340312263277497
0.345978452992171
0.347214039222308
0.324182307886559
0.302349128861209
0.318866257049081
0.3065642622675
0.334282467805735
0.336746906826022
0.358990825688068
0.296315966669482
0.341197710630439
0.334356535645156
0.295140981398873
0.346375725949002
0.275223466038227
0.359441966164468
0.368929383048567
0.298430266812574
0.321071458631423
0.312136183822929
0.317061695143508
0.304059422607537
0.252585640939316
0.379335914485324
0.32533372611735
0.310385489436925
0.287781331537758
0.296336166989306
0.285990236512077
0.281411497348728
0.343322110933428
0.319253429845986
0.292083999663333
0.350984765592131
0.37322531773421
0.311708610386347
0.261231377830143
0.301204444070379
0.348631428330947
0.300578234155381
0.268729063210174
0.316098813231207
0.33744045114048
0.313789243329694
0.275883343152941
0.292447605420421
0.32625957410994
0.295868192913048
0.303143674774844
0.282939988216498
0.339851022641199
0.262335661981325
0.366569312347451
0.385655247874752
0.245246191398024
0.312913896136706
0.26771568049827
0.299322447605419
0.333107482535155
0.316879892264978
0.266597929467224
0.297783856577723
0.291659792946717
0.321936705664513
0.31334820301322
0.301726285666206
0.304217658446277
0.304311926605521
0.319522767443829
0.290750778554013
0.231227169430184
0.36015571079875
0.304049322447611
0.295952360912395
0.260951940072403
0.296568470667467
0.268392391212871
0.31943859944451
0.252615941419066
0.28649187778808
0.295140981398873
0.290750778554013
0.280448615436427
0.284051005807612
0.267769548017839
0.296157730830743
0.257474118340213
0.333289285413684
0.322697584378432
0.282535981819706
0.234991162360075
0.300143927278867
0.267321774261433
0.231994781584035
0.309335072805339
0.31360407373117
0.294534971803728
0.275866509553083
0.298157562494737
0.318583452571346
0.302786802457717
0.308745896810052
0.287525460819808
0.289791263361678
0.280886289032907
0.298070027775452
0.274038380607692
0.265032404679744
0.316987627304115
0.274462587324308
0.296915242824696
0.290801279353587
0.322485481020124
0.2902121033583
0.228816597929466
0.289269421765852
0.267032236343738
0.28126672838988
0.290494907836035
0.292447605420421
0.28126672838988
0.252585640939316
0.273210167494312
0.284933086440532
0.309675111522608
0.235977611312194
0.277650871138803
0.260453665516366
0.259999158320028
0.250838313273306
0.264385994444922
0.282169009342653
0.286310074909522
0.298016160255884
0.279536234323729
0.226234323710145
0.264207558286358
0.27467132396265
0.252427405100576
0.286188872990493
0.316650955306812
0.198263614173896
0.30003619223973
0.233102432455183
0.291861796145099
0.265177173638591
0.274378419324989
0.294794209241644
0.280263445837903
0.215144348118855
0.275570238195456
0.279997474960027
0.279792105041679
0.266900934264811
0.280694385994451
0.275428835956575
0.263173975254603
0.22437926100497
0.246926184664602
0.285414527396682
0.241822237185431
0.25191229694471
0.261877788064993
0.254800942681612
0.26810622001517
0.283771568049843
0.305601380355199
0.24107819207137
0.251885363184925
0.283444996212438
0.199842605841269
0.202172376062634
0.267214039222296
0.222204359902378
0.254053530847585
0.249437757764497
0.245027354599785
0.276920292904634
0.256087029711324
0.209498358724034
0.200963723592309
0.24929972224561
0.208212271694322
0.238243413854065
0.235351401397196
0.290673343994627
0.220090059759286
0.27051679151586
0.267301573941609
0.250579075835361
0.254800942681612
0.252427405100576
0.267665179698696
0.231819712145438
0.26437252756503
0.336002861711989
0.252228768622189
0.207922733776627
0.22855736049155
0.232782594057738
0.250168335998666
0.257780489857765
0.229557276323561
0.252504839659963
0.274142748926863
0.251518390707872
0.218958841848348
0.240381281036946
0.298699604410416
0.221897988384825
0.207713997138285
0.214231967006157
0.309254271525987
0.268766097129884
0.252585640939316
0.198266980893862
0.267321774261433
0.257783856577731
0.247767864657874
0.271176668630602
0.223685716690511
0.235775608113812
0.231695143506442
0.223305277333566
0.210387172796914
0.225850517633205
0.228735796650113
0.20765676289875
0.232863395337091
0.230028617119785
0.23492719468058
0.245855567713164
0.194203349886379
0.218958841848348
0.267574278259417
0.187345341301238
0.218736638330114
0.247481693460145
0.2344895210841
0.229183570406548
0.22702886962378
0.207666863058677
0.219248379766015
0.216780574025762
0.225870717953029
0.222628566618965
0.250976348792193
0.246505344667952
0.200519316555841
0.202313778301487
0.257258648261939
0.225611480515113
0.233755576129965
0.212548607019613
0.217534719299721
0.2093367561653
0.241233061190144
0.268109586735136
0.235539937715686
0.215309317397526
0.221874421345007
0.240495749516043
0.225732682434142
0.196718289706268
0.200963723592309
0.232863395337091
0.240047975759637
0.211488090228102
0.1964388519485
0.247060853463523
0.221005807591951
0.218319165053458
0.200963723592309
0.201347529669221
0.192543556939654
0.188362090733108
0.225577813315397
0.217979126336161
0.183995454928038
0.207858766097132
0.247528827539782
0.202529248379761
0.229904048480762
0.181093342311272
0.209242488006055
0.204683949162529
0.215147714838821
0.173548522851632
0.245017254439858
0.199606935443143
0.188032152175737
0.193634374210944
0.232557023819538
0.231210335830326
0.212693375978461
0.212602474539182
0.170444407036456
0.252558707179531
0.199785371601735
0.226985102264138
0.211430855988567
0.180881238952963
0.229665011362698
0.169383890244944
0.203798501809615
0.229244171366048
0.212787644137705
0.222433296860544
0.208134837134935
0.191752377745985
0.202610049659114
0.200519316555841
0.211488090228102
0.208407541452743
0.191240636310084
0.207831832337348
0.187341974581273
0.258659203770748
0.2174000505008
0.223194175574463
0.197519569059864
0.20981819712145
0.171003282551993
0.198792189209684
0.19902112616785
0.196445585388432
0.216763740425904
0.186762898745911
0.192543556939654
0.187453076340375
0.187113037623106
0.197671071458643
0.174306034845557
0.203953370928389
0.177184580422534
0.185968352832248
0.19647588586821
0.161259994949916
0.212898745896808
0.223810285329535
0.193954212608361
0.180985607272135
0.182062957663504
0.222793535897665
0.200600117835194
0.201600033667205
0.211969531184252
0.191856746065156
0.16868697921052
0.220123726959031
0.1698619644811
0.208205538254362
0.212269169261845
0.203266560053862
0.20325982661393
0.194280784445766
0.202573015739432
0.215077013719394
0.226702297786403
0.167020452823834
0.234132648766945
0.164017338607863
0.195034929719725
0.173790926689691
0.186092921471271
0.201337429509294
0.188547260331632
0.163202592374375
0.208239205454106
0.174555172123576
0.156920292904658
0.190944364952458
0.201387930308897
0.168451308812394
0.189186937126522
0.165832000673362
0.193024997895805
0.176353000589188
0.205064388519503
0.185577813315376
0.14290800437675
0.180985607272135
0.192560390539512
0.191240636310084
0.207626462419
0.178204696574369
0.16033751367732
0.197452234660403
0.182285161181738
0.187022136183828
0.164404511404769
0.186991835704077
0.187476643380194
0.134134332126933
0.183796818449622
0.185746149314042
0.163673933170628
0.244098139887228
0.163808601969549
0.178958841848328
0.183998821648004
0.191866846225082
0.16737732514099
0.201522599107818
0.18811968689505
0.181901355104799
0.159721403922248
0.180682602474548
0.165825267233402
0.209616193923068
0.188176921134584
0.224884269000938
0.169858597761134
0.160701119434407
0.178164295934693
0.164872485481027
0.160691019274481
0.186032320511742
0.128744213450062
0.209309822405515
0.147045703223654
0.184433128524546
0.140662402154703
0.14245686390035
0.164310243245524
0.202899587576809
0.174477737564189
0.150516791515884
0.168101169935198
0.152163117582688
0.162084841343329
0.160882922312936
0.169309822405523
0.175911960272714
0.166394242908865
0.184547597003615
0.158273714333831
0.165825267233402
0.156809191145527
0.174299301405625
0.16782173217743
0.164202508206387
0.170542041915667
0.172770810537827
0.179884689840918
0.194257217405948
0.177804056897571
0.142948405016426
0.150247453918041
0.151543641107651
0.155651039474805
0.213225317734214
0.17002020031984
0.138854473529165
0.158960525208329
0.171636225906923
0.157226664422183
0.188052352495589
0.156368150829053
0.16362006565106
0.175302583957574
0.161798670145629
0.197708105378354
0.183615015571093
0.149442807844451
0.148971467048227
0.176164464270698
0.186103021631169
0.174063631007499
0.173184917094517
0.144345593805241
0.15227421934182
0.147294840501644
0.158546418651639
0.142635300058913
0.14290800437675
0.147284740341718
0.163343994613257
0.159024492887824
0.164333810285342
0.148779564009772
0.145988553152108
0.155539937715702
0.140608534635135
0.143854052689164
0.15820637993437
0.145914485312687
0.149587576803299
0.147971551216244
0.163539264371707
0.159957074320346
0.144924669640602
0.151883679824948
0.165192323878472
0.13927194680582
0.156071879471426
0.128865415369091
0.141722918946215
0.148288022893695
0.167703896978367
0.159239962966097
0.15584294251326
0.16565356451477
0.151621075667038
0.155883343152937
0.131030216311757
0.168118003535056
0.166498611228008
0.166034003871744
0.149449541284412
0.152280952781751
0.15932076424545
0.182019190303862
0.143470246612253
0.186328591869369
0.123337261173305
0.141773419745817
0.185079538759368
0.16167073478664
0.140372864237037
0.147611312179123
0.129306455685565
0.157549869539622
0.179948657520413
0.13592206043262
0.13528911707769
0.133211850854309
0.129750862722005
0.139578318323373
0.149715512162288
0.159909940240738
0.129262688325895
0.121866004545069
0.140783604073732
0.146564262267503
0.141009174311932
0.143019106135853
0.13073394495413
0.157283898661746
0.145540779395674
0.140749936874016
0.158640686810884
0.13133658782931
0.126414443228697
0.145052604999591
0.124919619560643
0.153678141570595
0.14669556434643
0.138548102011612
0.145049238279626
0.152011615183909
0.135925427152614
0.140305529837576
0.171094183991244
0.171417389108655
0.144924669640602
0.129306455685565
0.142288527901712
0.159011026007931
0.15820637993437
0.173343152933256
0.143237942934093
0.147634879218941
0.152328086861388
0.126848750105211
0.146722498106215
0.123549364531613
0.151392138708871
0.158694554330452
0.13044104031647
0.126414443228697
0.134171366046644
0.14054456695564
0.142635300058913
0.123838902449307
0.129037118087723
0.133383553572941
0.158684454170526
0.122532615099743
0.134699941082403
0.127532194259743
0.122754818617977
0.146611396347112
0.127464859860282
0.151759111185925
0.126501977947981
0.133703391970386
0.127636562578914
0.133289285413696
0.12741435906068
0.157600370339196
0.12674438178604
0.148846898409232
0.125744465954057
0.123266560053878
0.13548438683614
0.129579160003374
0.129750862722005
0.124896052520825
0.138931908088551
0.130770978873841
0.132541873579669
0.13927194680582
0.129306455685565
0.129303088965571
0.16810790337513
0.119829138961364
0.145998653312006
0.152765760457868
0.135211682518303
0.103153774934782
0.140662402154703
0.175164548438687
0.15434475212524
0.135925427152614
0.125286592037725
0.128404174732765
0.117714838818301
0.137548186179629
0.136423701708623
0.128057402575536
0.120169177678662
0.126094604831252
0.102911371096724
0.122754818617977
0.1512877703897
0.125791600033665
0.108459725612335
0.148550627051605
0.133417220772657
0.120973823752223
0.129208820806326
0.12974749600204
0.108264455853885
0.147045703223654
0.134171366046644
0.128404174732765
0.146995202424051
0.138231630334161
0.111765844625893
0.128367140813083
0.122350812221214
0.132787644137693
0.124027438767797
0.111701876946398
0.129266055045889
0.131811295345528
0.126616446427079
0.121903038464779
0.119829138961364
0.129262688325895
0.128259405773946
0.123593131891255
0.145049238279626
0.110496591196039
0.128003535055967
0.125616530595067
0.122034340543735
0.116539853547692
0.127495160340033
0.120610217995136
0.127963134416291
0.140871138793045
0.11496759532028
0.127316724181469
0.12923575456611
0.128306539853554
0.125155289958769
0.131616025587078
0.123364194933089
0.117139129702906
0.12082568807341
0.129380523524958
0.115263866677907
0.12894958336841
0.114789159161688
0.119263530005895
0.12429677636564
0.115725107314205
0.128313273293514
0.123956737648342
0.128707179530352
0.123939904048484
0.117660971298733
0.118203013214384
0.119532867603738
0.112301153101612
0.121795303425642
0.123643632690857
0.133996296608046
0.118071711135428
0.0995143506438865
0.127437926100498
0.123337261173305
0.116435485228521
0.108166820974674
0.137531352579742
0.121724602306216
0.116321016749453
0.12872401313021
0.127471593300243
0.122633616698948
0.122818786297444
0.110577392475392
0.105348876357226
0.0967300732261549
0.104261425805902
0.114715091322296
0.118785455769711
0.137046544903626
0.116186347950503
0.105109839239134
0.128282972813736
0.115768874673847
0.124717616362261
0.130454507196362
0.130996549112041
0.111792778385677
0.122674017338625
0.111812978705501
0.0997399208820866
0.11237858766097
0.102672333978632
0.112031815503741
0.0913938220688522
0.101901355104786
0.122007406783951
0.127666863058664
0.117502735459993
0.137736722498119
0.11097803215219
0.117930308896575
0.108769463849853
0.117597003619238
0.115560138035534
0.115725107314205
0.126128272030968
0.12352916421176
0.110021883679821
0.0964102348287383
0.102998905816008
0.127239289622082
0.114715091322296
0.112557023819562
0.105109839239134
0.0865895126673024
0.11735459978118
0.129447857924418
0.125394327076862
0.103153774934782
0.101254944869964
0.117132396262946
0.0967300732261549
0.0896969952024449
0.112738826698092
0.128515276491896
0.117155963302764
0.0925957410992453
0.104419661644641
0.121236427910105
0.144938136520494
0.129367056645066
0.102739668378092
0.11627051594985
0.0920469657436342
0.130946048312438
0.11194091406449
0.0949524450803949
0.115203265718378
0.128522009931828
0.105688915074495
0.104779900681763
0.101426647588596
0.101069775271441
0.0967300732261549
0.0967300732261549
0.0885657772914783
0.100958673512338
0.105311842437516
0.121549532867618
0.110759195353921
0.105177173638594
0.103022472855827
0.0953699183570507
0.121266728389884
0.116317650029458
0.0904006396768011
0.0961678309906517
0.0982619308139192
0.101329012709385
0.103975254608201
0.0953295177173743
0.0926024745391771
0.0941275986869812
0.0964102348287383
0.101470414948238
0.0921008332632027
0.0929761804561906
0.0902323036781354
0.105473444996221
0.11999747496003
0.0913298543893575
0.102305361501578
0.107712313778308
0.0971172460230605
0.120320680077441
0.103153774934782
0.0996692197626601
0.11021041999831
0.103153774934782
0.101305445669567
0.113459304772334
0.0972855820217262
0.103180708694566
0.0949524450803949
0.105591280195284
0.121919872064638
0.112213618382299
0.0833204275734545
0.0993224476054309
0.103419745812658
0.0963631007491017
0.0942286002861863
0.0948750105210081
0.0833204275734545
0.0851350896389249
0.109890581600894
0.0952891170776979
0.0973966837808291
0.0906228431950353
0.0928617119771218
0.0990564767275544
0.104601464523199
0.0862966080296417
0.100305529837556
0.0887206464102519
0.100157394158742
0.0878149987374854
0.101106809191151
0.0902154700782773
0.0887947142496444
0.0937639929298939
0.0956123221951088
0.0961846645905382
0.101127009511004
0.108725696490211
0.0919829980641396
0.0832463597340336
0.102746401818024
0.0932657183738854
0.0983629324130959
0.0867780489857921
0.11018011951856
0.0852057907583514
0.0916193923070523
0.0947942092416554
0.0983864994529142
0.0865895126673024
0.100800437673598
0.0944710041242445
0.0957200572342458
0.102830569817371
0.102369329181045
0.0930199478158613
0.0918213955054341
0.0931445164548563
0.0873369245013009
0.0963092332295332
0.097827623937377
0.0916429593468706
0.0968580085851443
0.0881180035350724
0.0868992509048212
0.091467889908273
0.0815427994276661
0.102857503577155
0.0923634374211133
0.106278091069782
0.103507280531943
0.081206127430363
0.0907945459136386
0.0881382038548963
0.0960264287517987
0.100281962797737
0.0911985523104306
0.0911110175911176
0.0867881491456899
0.0867578486659397
0.0803981146368358
0.0864245433886026
0.101248211430033
0.0902323036781354
0.0888755155289971
0.087757764497951
0.0851451897988511
0.0905555087955747
0.0958412591532749
0.0771458631428459
0.091255786549965
0.0898989984008267
0.0934508879724092
0.0923499705412212
0.0867746822657978
0.0926395084588876
0.0820175069438562
0.0927236764582062
0.0863908761888865
0.101918188704673
0.0928650786970877
0.0953126841175163
0.0875793283393591
0.0845492803636034
0.091383721908926
0.0991574783267595
0.0916934601464732
0.0894882585641028
0.0983359986533117
0.0855559296355466
0.0900235670398217
0.0842294419661584
0.0845728474034217
0.0799166736806853
0.0869901523441001
0.0854650281962961
0.0852226243582379
0.102793535897661
0.0861518390707943
0.0864817776281654
0.0869800521841739
0.0867780489857921
0.0823272451814034
0.0909494150324122
0.0876230956990298
0.0944508038043921
0.0859801363521626
0.0847411834020875
0.0846300816429562
0.0851653901186751
0.0863639424291023
0.086128272030976
0.0858454675532414
0.077408467300728
0.0965752041074097
0.0885792441713704
0.0890337513677366
0.0900235670398217
0.0873369245013009
0.0892727884858289
0.0908719804730254
0.0680725528154369
0.0834820301321599
0.0962620991498966
0.0794116656847166
0.0845459136436375
0.0812734618298236
0.0897373958421213
0.0868487501052186
0.0939188620486675
0.0858286339533834
0.089747496002019
0.0851115225991066
0.0828187862974517
0.0839533709283842
0.100042925679674
0.0886162780910809
0.0785262183318025
0.0931243161350039
0.0866871475465132
0.0832295261341756
0.0886331116909389
0.0790143927278848
0.0877442976180589
0.0824854810201145
0.0833944954128469
0.0818222371854347
0.071139634710903
0.0915419577476655
0.0721159835030676
0.0894613248043186
0.0893131891255052
0.0795160340038876
0.0795295008837797
0.0854616614763017
0.0846334483629505
0.0904545071963696
0.0896666947226663
0.0848893190809008
0.0821690093426639
0.0771761636225961
0.0848051510815537
0.0797146704823035
0.0769505933843959
0.0840981398872316
0.0752840669977388
0.0906295766349672
0.0927674438178769
0.0843203434054374
0.0843169766854714
0.0823272451814034
0.0935821900513361
0.0790884605673057
0.0851350896389249
0.0828086861375255
0.0938616278091047
0.0812734618298236
0.0798863732009067
0.0834416294924836
0.0776407709788884
0.0829063210167647
0.0814922986280635
0.0777013719383888
0.0752167325982782
0.0978646578570874
0.0866635805066949
0.0863302752293578
0.0814148640686767
0.0776542378587806
0.0829803888561571
0.0809199562326341
0.0729744970961974
0.071139634710903
0.0740956148472378
0.0821454423028456
0.0674934769800473
0.0800749095193964
0.0851552899587773
0.0832362595741074
0.0790716269674476
0.0793039306455796
0.0824551805403644
0.0728633953370945
0.0962082316303281
0.0744794209241775
0.0789874589681006
0.0855390960356885
0.0693956737648307
0.0826033162191777
0.095622422355035
0.0704898577560868
0.0794891002441034
0.0767250231461958
0.0797146704823035
0.0809233229526285
0.0722540190219831
0.0791557949667663
0.0781424122548628
0.0753009005975969
0.0826369834189222
0.0790143927278848
0.0831217910950386
0.0848489184412244
0.0710116993519136
0.0925115730999266
0.0759304772325606
0.0824720141402224
0.0706716606346447
0.0759742445922029
0.0871921555424819
0.0809502567124127
0.0760247453918055
0.0783242151334207
0.0725401902196836
0.0782131133742894
0.0786676205706556
0.0790379597677031
0.0774387677805066
0.074637656762917
0.0727320932581392
0.0739710462082428
0.0777384058580992
0.0707086945543267
0.0721664843026701
0.0708500967932082
0.0714291726285694
0.0712238027102217
0.0744861543641093
0.0744019863647907
0.0732505681340001
0.0843944112448582
0.0780043767359757
0.0863740425890285
0.070271020957847
0.0665103947479224
0.0709611985523111
0.0930401481356853
0.0759203770726344
0.0769202929046457
0.0751325645989596
0.0728330948573443
0.0752908004376707
0.0700353505597207
0.0721193502230619
0.074994529080044
0.0777788064977756
0.0718533793451854
0.077408467300728
0.073789243329685
0.073449204612416
0.0726075246191442
0.0806539853547861
0.0738464775692478
0.0681297870549713
0.0743683191650746
0.084936453160509
0.0646014645232071
0.0761291137109765
0.0747184580422697
0.0729643969362996
0.0732000673343975
0.0728633953370945
0.0693956737648307
0.0789672586482766
0.0800345088797201
0.0705773924753998
0.0706716606346447
0.0727186263782471
0.0645105630839282
0.0762166484302611
0.0755062705159446
0.0713517380691826
0.0672241393822048
0.0714729399882117
0.0673958421008365
0.0780178436158678
0.0720654827034934
0.0661838229105456
0.0646014645232071
0.0712238027102217
0.067109670903136
0.0710049659119534
0.0757857082737132
0.0687357966501168
0.0710419998316638
0.0676146788990764
0.0675136772998997
0.07714249642288
0.0740720478074195
0.0673520747411942
0.0697592795219464
0.0694495412843992
0.0668302331453674
0.0772603316219147
0.0739643127682825
0.0756645063546841
0.0701801195185681
0.0771290295429878
0.0645442302836443
0.0624804309401554
0.0644230283646152
0.0759439441124528
0.071035266391732
0.0820848413433168
0.0724694891002571
0.0680085851359422
0.0705841259153317
0.0719779479841804
0.063167241814682
0.0682206884942502
0.0699006817607994
0.0682341553741423
0.0714493729484218
0.0692677384058698
0.0711261678310109
0.0734256375725977
0.0701935863984602
0.0648001010015946
0.068654995370764
0.0722944196616595
0.0684125915327058
0.0719779479841804
0.0692004040064091
0.0666618971467017
0.0703046881575631
0.0742370170861193
0.0667359649861226
0.0736882417305083
0.067682013298537
0.0718870465449015
0.0662107566703298
0.0665642622674909
0.0608644053531009
0.0659582526723455
0.0675978452992183
0.0695000420840017
0.0687357966501168
0.06996801616026
0.0704157899166944
0.0708029627135716
0.0731529332547893
0.0679446174564475
0.0637463176500432
0.0639954549280333
0.0631302078949716
0.0690219678478456
0.0671265045029941
0.0662309569901538
0.0648102011615208
0.0627733355778162
0.0691633700866987
0.067786381617708
0.06732514098141
0.0625544987795763
0.0676180456190707
0.0705773924753998
0.0724425553404728
0.0651536065987841
0.0669413349044703
0.0693956737648307
0.0684294251325639
0.0639718878882434
0.0650458715596471
0.0682240552142162
0.0702171534382785
0.0705740257554055
0.06643632690853
0.0689445332884588
0.0680624526555107
0.0611202760710512
0.0703248884774155
0.0629787054961639
0.0602314619981428
0.0679479841764135
0.0655306792357635
0.0591473781668412
0.062955138456374
0.064587997643315
0.0644230283646152
0.0674934769800473
0.0622952613416317
0.0618845215049362
0.066793199225657
0.0656114805151162
0.067237606262097
0.0650458715596471
0.0652142075582844
0.0642849928457281
0.0621269253429944
0.0636385826109063
0.0612414779900803
0.0620494907836076
0.0645644306034967
0.0619585893443286
0.0657831832337479
0.0646418651628835
0.0720553825435672
0.0639887214881014
0.0619451224644365
0.0650458715596471
0.0658976517128167
0.0648001010015946
0.0661198552310509
0.063295177173643
0.0663622590691091
0.0657461493140374
0.0663252251493986
0.0650896389192894
0.068422691692632
0.0725940577392521
0.0621235586230284
0.0641065566871646
0.0612010773504039
0.0627834357377424
0.0638102853295379
0.0630292062957665
0.0640358555677096
0.0627295682181739
0.0638405858092881
0.0679513508964078
0.0735434727716608
0.0642176584462675
0.0612414779900803
0.0622649608618815
0.0614939819880647
0.0610428415116644
0.0615613163875253
0.0648910024408735
0.0612010773504039
0.0636688830906564
0.0570128777038974
0.0639954549280333
0.0623962629408368
0.0631807086945742
0.0595109839239285
0.0637496843700092
0.0622851611817339
0.0655710798754399
0.0653522430772
0.0638944533288566
0.0655071121959452
0.0606725023146169
0.0652377745981028
0.0595345509637184
0.0603930645568767
0.0600462923996474
0.0693014056055858
0.0625006312600078
0.0663218584294327
0.0622683275818474
0.0675675448194681
0.0609654069522776
0.0634096456527402
0.061127009510983
0.0642748926858019
0.062211093342313
0.0629888056560901
0.0601001599192159
0.059157478326739
0.0659346856325271
0.0593998821647972
0.0637934517296515
0.0656586145947244
0.0614333810285359
0.0608677720730668
0.0636756165305883
0.0620831579833521
0.0591473781668412
0.0647832674017366
0.0636587829307302
0.0628878040569134
0.0593897820048994
0.0609957074320278
0.0637261173301908
0.0591473781668412
0.0596557528827475
0.0607432034340718
0.0587467384900435
0.0615007154279965
0.0623019947815919
0.0627901691776742
0.0626656005386792
0.0615579496675309
0.0623053615015579
0.0589655752882834
0.0603425637572741
0.0595547512835708
0.0650122043599026
0.0590127093678916
0.0600698594394373
0.0617969867856232
0.0623962629408368
0.0627093678983215
0.06143001430857
0.0640930898072725
0.0549221446006243
0.0601102600791137
0.0606624021547191
0.0601506607187901
0.0558917599528854
0.0584269000925985
0.0618946216648624
0.0613323794293592
0.0580599276155169
0.0629517717363797
0.0601506607187901
0.0609283730325672
0.0585649356114857
0.0594066156047575
0.0585312684117696
0.0676449793788549
0.0594638498442919
0.0655104789159111
0.0598880565609079
0.0614569480683542
0.0604603989563373
0.0613391128692911
0.062402996380797
0.0654263109165925
0.0596153522430711
0.0621269253429944
0.0606725023146169
0.0610462082316303
0.0639247538086067
0.0560937631512672
0.0579757596161983
0.0630729736554372
0.0569455433044368
0.0596187189630655
0.0612111775103301
0.0571913138624893
0.0601472939988241
0.0570330780237498
0.060770137193856
0.056760373705913
0.0561543641107676
0.0609048059927773
0.0589588418483231
0.0574774850601898
0.0624164632606892
0.0593392812052969
0.0568243413854077
0.0598072552815552
0.0620461240636416
0.0594604831243259
0.0628373032573109
0.062547765339616
0.0608913391128851
0.0577266223382082
0.0561543641107676
0.0601405605588923
0.0606422018348667
0.0622683275818474
0.0545787391633894
0.0618306539853677
0.0582720309738249
0.0592921471256602
0.0568916757848683
0.0582114300143246
0.0604603989563373
0.060682602474543
0.0571576466627448
0.0605344667957297
0.0576390876188952
0.060770137193856
0.059245013046052
0.0607566703139639
0.0592012456864097
0.0585548354515595
0.0583662991330698
0.0551005807592162
0.0606051679151562
0.0545821058833553
0.0604469320764451
0.056315966669473
0.055198215638427
0.0605108997559114
0.057716522178282
0.0609048059927773
0.0587467384900435
0.0551140476391083
0.0542050332463759
0.0607836040737482
0.0536057570911623
0.0595345509637184
0.0579151586566979
0.0561543641107676
0.0595042504839682
0.0599149903206921
0.0596422860028554
0.0581508290547959
0.0545787391633894
0.0569455433044368
0.0621740594226026
0.056191398030478
0.0566492719468101
0.0587938725696517
0.0575010521000081
0.0572350812221316
0.0576087871391451
0.0553295177173823
0.0539996633279998
0.0590194428078519
0.0587534719299754
0.0579286255365901
0.0586322700109463
0.0587400050500833
0.0576390876188952
0.0576761215386057
0.0568714754650443
0.0568849423449365
0.0592517464859839
0.0553968521168429
0.055854726033175
0.0562183317902623
0.0586625704906965
0.0571239794630287
0.0590261762477837
0.0592786802457681
0.0577602895379243
0.0561880313105121
0.061089975591301
0.0586120696911223
0.0578545576971692
0.0564809359481728
0.0544440703644682
0.0599250904806183
0.0549086777207322
0.0557974917936406
0.0544440703644682
0.0555887551552985
0.0556863900345093
0.0562014981904042
0.0577064220183559
0.0558681929130671
0.0530502482956194
0.055518054035872
0.0564169682686781
0.0550467132396477
0.0568714754650443
0.0547201414022425
0.0542791010857684
0.0592416463260861
0.056406868108752
0.0596793199225658
0.0562654658698705
0.0539255954886073
0.0549457116404426
0.0574370844205134
0.0531344162949381
0.0594638498442919
0.0509325814325337
0.0580094268159428
0.0547639087618848
0.0578107903375269
0.0561543641107676
0.0561543641107676
0.0530603484555172
0.0521143001431028
0.0588713071290385
0.0557402575540777
0.0566425385068783
0.0568714754650443
0.0594874168841102
0.0509426815924598
0.0556762898745831
0.0553295177173823
0.0576963218584297
0.0558917599528854
0.0548110428415214
0.0521816345425634
0.0598409224812713
0.0530569817355513
0.0521816345425634
0.055642622674867
0.0536293241309806
0.0532758185337912
0.0559456274724539
0.057612153859111
0.0520940998232504
0.05356198973152
0.0532859186937173
0.0592517464859839
0.0517035603063789
0.0540198636478522
0.0549053110007662
0.0493333894453372
0.057292315461666
0.0531546166147621
0.055110680919114
0.0553901186768826
0.0564136015487122
0.0499057318407665
0.0545922060432815
0.0560331621917385
0.0553429845972744
0.0544373369245079
0.0544474370844341
0.055194848918461
0.056528070027781
0.0529223129366301
0.0541848329265235
0.0531916505344725
0.054242067166058
0.0558109586735327
0.0520772662233924
0.0561139634710912
0.0552251493982112
0.0543935695648656
0.0539996633279998
0.0541915663664838
0.0541848329265235
0.0542353337261261
0.0549086777207322
0.0554507196364114
0.0536966585304413
0.0556358892349067
0.0557840249137485
0.0542050332463759
0.0523129366214903
0.0517910950256919
0.0539861964481076
0.0501043683191824
0.0542083999663419
0.0544642706842922
0.0566055045871678
0.0492020873663819
0.0569623769042948
0.049942765760477
0.0521143001431028
0.050831579833357
0.0494411244844741
0.0508787139129652
0.0554406194764852
0.0535956569312361
0.0547235081222084
0.0505588755155486
0.0544609039643262
0.0552722834778194
0.0536360575709125
0.0531781836545804
0.0533229526134278
0.0494209241646502
0.0517271273461972
0.0567873074656973
0.0538548943691808
0.0514611564683207
0.0527034761383902
0.0553463513172403
0.0492525881659844
0.053349886373212
0.052908846056738
0.0517473276660212
0.0574202508206554
0.0502828044777459
0.0551611817187165
0.0518920966248686
0.0535586230115257
0.0501952697584329
0.0559725612322381
0.0530502482956194
0.0531748169346145
0.0536326908509466
0.0521513340627848
0.0513433212692576
0.0546730073226342
0.0557368908341118
0.0506834441545436
0.0520772662233924
0.0493333894453372
0.0525216732598324
0.0519695311842554
0.0507810790337544
0.049407457284758
0.0488519484891867
0.0517877283056976
0.051043683191665
0.0503366719973144
0.052269169261848
0.0494646915242924
0.0511581516707338
0.0503535055971724
0.0517405942260893
0.0537370591701176
0.0521917347024612
0.0502188367982512
0.0551174143590742
0.0484109081727127
0.0506767107145834
0.0498484976012321
0.0517877283056976
0.0520469657436422
0.0516766265465947
0.0544440703644682
0.0471214544230349
0.0513096540695415
0.0486162780910888
0.0515183907078551
0.0514274892685762
0.0506464102348332
0.0563361669893254
0.048858681929147
0.0532354178941148
0.0517574278259474
0.0519695311842554
0.0496431276828559
0.0482257385741889
0.0525216732598324
0.0497037286423847
0.0532556182139672
0.049515192323895
0.0524913727800822
0.05356198973152
0.0496330275229298
0.0567065061863445
0.0474547597003721
0.0508921807928573
0.0485287433717758
0.0543430687652631
0.0490876188873131
0.052693375978464
0.049942765760477
0.049323289285411
0.048343573773252
0.0493333894453372
0.0484378419324969
0.0507945459136465
0.0506093763151227
0.0489630502482896
0.0511009174311994
0.0478183654574593
0.0506464102348332
0.0466602137867369
0.048875515529005
0.0468756838650108
0.0526563420587536
0.0515958252672419
0.0507339449541462
0.0503232051174223
0.0504612406363094
0.0493502230451952
0.0491145526470973
0.0500774345593982
0.0510133827118864
0.0496330275229298
0.052356703981161
0.0502188367982512
0.0498585977611299
0.0494411244844741
0.0503737059170248
0.0509830822321362
0.0464009763487923
0.0479463008164487
0.053777459809794
0.0514510563083945
0.0457208989142259
0.0529155794966698
0.0500740678394038
0.051592458547276
0.0488687820890448
0.0471214544230349
0.0490573184075629
0.0505386751956962
0.0469733187442216
0.0497676963218794
0.0470877872233189
0.0504073731167409
0.0526698089386457
0.0471854221025296
0.0455660297954807
0.0499360323205167
0.0480540358555857
0.0475389276996907
0.0496464944028219
0.0474143590606957
0.0461855062705183
0.0466029795471741
0.0547134079623106
0.0492290211261661
0.048222371854223
0.0466501136268107
0.0485051763319575
0.051255786549973
0.0489899840080739
0.0470507533036084
0.0479665011362727
0.0470507533036084
0.0500976348792221
0.05072384479422
0.0471214544230349
0.0449566534803409
0.0478183654574593
0.0477038969783621
0.0487576803299419
0.0496431276828559
0.0462898745896894
0.045040821479688
0.0483570406531442
0.0470541200235743
0.0435998653312026
0.0522961030216322
0.0507339449541462
0.0462292736301606
0.048646578570839
0.0443136099654851
0.0452933254776724
0.0520031983839715
0.0486331116909469
0.0487172796902655
0.0478924332968802
0.0513062873495471
0.0491852537665238
0.0481348371349384
0.0477375641781066
0.0492525881659844
0.0506699772746515
0.0453673933170649
0.0464009763487923
0.0467140813063054
0.0486499452908049
0.0488519484891867
0.0490640518474947
0.0481584041747283
0.0488620486491129
0.0480439356956595
0.0438692029290451
0.0472628566619164
0.047118087703069
0.0472695901018483
0.0447984176416298
0.0449431866004488
0.0477914316976751
0.0426066829391516
0.0493333894453372
0.0479597676963408
0.044616614763072
0.0451283561989726
0.0480843363353358
0.0439230704486135
0.0463908761888661
0.0464009763487923
0.0466029795471741
0.0481449372948362
0.0434988637320259
0.0464851443481393
0.0466467469068448
0.048309906573536
0.0425359818197251
0.0511918188704783
0.0466366467469186
0.0473099907415246
0.0473739584210193
0.0449936874000514
0.0464851443481393
0.0477476643380328
0.0494310243245479
0.0449633869203012
0.0464986112280315
0.0446704822826405
0.0478722329770278
0.0446805824425667
0.0490573184075629
0.0448253514014141
0.0460037033919889
0.0468319165053401
0.0495488595236111
0.0467746822658057
0.0479227337766304
0.0461047049911656
0.0473907920208774
0.0462562073899448
0.0485523104115941
0.0457983334736127
0.0468655837050846
0.0426908509384702
0.0442294419661664
0.0452630249978938
0.0452024240383935
0.047242656342064
0.0435055971719578
0.048006901775949
0.0454212608366333
0.0458118003535049
0.0410815587913476
0.044936453160517
0.0456703981146518
0.0474783267401904
0.0441015066072055
0.0440543725275688
0.049410824004724
0.043832169009363
0.0429972224560231
0.0435190640518499
0.0510234828718126
0.0445122464439009
0.0456400976348732
0.0446469152428222
0.0459599360323182
0.0431924922144731
0.0490741520074209
0.0440072384479606
0.045700698594402
0.0458926016328576
0.0469834189041478
0.044741183402067
0.0474278259405878
0.0441587408467399
0.04546839491627
0.0428086861375334
0.0476298291389696
0.0464279101085765
0.0421488090228195
0.0457074320343338
0.047138288022893
0.0450475549196199
0.0446469152428222
0.0426201498190437
0.0440005050080003
0.0502760710377856
0.0488654153690788
0.0489125494487155
0.0441385405268875
0.0435190640518499
0.0422632775018883
0.0438422691692608
0.0461989731504104
0.0444886794041111
0.0446704822826405
0.0452461913980358
0.0455626630755148
0.0433675616530707
0.044296776365627
0.0447378166821011
0.0429736554162048
0.0429399882164887
0.0440510058076029
0.0457781331537888
0.0410344247117393
0.0464481104284289
0.0431386246949046
0.042859186937136
0.0460912381112735
0.0422902112616725
0.0457579328339364
0.0460272704317788
0.0425831158993333
0.0448960525208406
0.0428490867772098
0.044741183402067
0.0435291642117761
0.0433103274135362
0.0441015066072055
0.0434752966922076
0.0415832000673504
0.0451418230788647
0.046798249305624
0.0435695648514525
0.0454481945964176
0.0429702886962389
0.0419804730241538
0.042626883259004
0.0456064304351571
0.0414687315882531
0.0446469152428222
0.0437379008501182
0.0432564598939678
0.0439836714081423
0.0441419072468818
0.0416168672670665
0.0475860617793273
0.044276576045803
0.0443641107650876
0.0455121622759123
0.0423912128608777
0.0406472519148338
0.0427884858177094
0.0463067081895474
0.0422498106219962
0.0405024829559864
0.0447176163622771
0.0413441629492581
0.0418256039054086
0.0433507280532126
0.0444213450046504
0.044192408046456
0.0410344247117393
0.0443439104452636
0.0426369834189018
0.0441048733271714
0.0429029542967783
0.042663917178686
0.0428356198973177
0.0430376230956995
0.0421252419830012
0.0437311674101579
0.0434247958926051
0.0437951350896526
0.0438052352495788
0.0434954970120316
0.0441755744465979
0.0419299722245796
0.0428423533372779
0.0429197878966363
0.0408761888729998
0.0423575456611331
0.0441991414864162
0.0425831158993333
0.0419804730241538
0.0441048733271714
0.0428187862974596
0.0401355104789332
0.0428827539769543
0.0428389866172836
0.0401119434391148
0.0428019526976016
0.0421050416631772
0.0415832000673504
0.0425831158993333
0.0430948573352623
0.0414081306287528
0.0446267149229982
0.0443674774850535
0.0425494486996172
0.0423609123811275
0.0425258816597989
0.0421656426226775
0.0412094941503369
0.0432261594141892
0.0418054035855562
0.0415697331874583
0.0426033162191857
0.040549617035623
0.0433271610133943
0.0443775776449797
0.0382131133742973
0.0411051258311659
0.0413744634290083
0.041098392391234
0.0443405437252693
0.0378629744971022
0.0423912128608777
0.0403812810369573
0.0422262435822063
0.0434180624526732
0.0443035098055873
0.0434954970120316
0.0378293072973861
0.0466029795471741
0.0376946384984365
0.0417953034256584
0.0448320848413459
0.0424854810201225
0.0448320848413459
0.0429534550963808
0.0409839239121368
0.0413576298291503
0.0430039558959834
0.0396136688831064
0.0434550963723552
0.0410041242319608
0.0416269674269927
0.0428692870970622
0.0401018432791886
0.0403442471172468
0.0434180624526732
0.0435931318912708
0.0426100496591175
0.0413071290295477
0.0426605504587201
0.0426773840585781
0.0406068512751574
0.0423373453413092
0.0406539853547656
0.0384184832926735
0.0428154195774937
0.0399739079202277
0.0411791936705868
0.0441048733271714
0.0403880144768891
0.0412532615099792
0.041987206464114
0.0388763572090056
0.0398022052015961
0.0411017591112
0.0426235165390096
0.0397113037623171
0.0402971130376386
0.0410344247117393
0.0408559885531474
0.0429197878966363
0.0411084925511318
0.04154616614764
0.0418054035855562
0.0395126672839012
0.0415562663075661
0.0440611059675291
0.041313862469508
0.0413980304688266
0.042199309822422
0.0413441629492581
0.0408458883932497
0.0393005639255932
0.0386575204107373
0.0398830064809488
0.0406068512751574
0.0392668967258771
0.042414779900696
0.0384521504923896
0.0402903795976783
0.039697836882425
0.0385262183318105
0.0382669808938658
0.0393645316050879
0.0384622506523158
0.0385329517717423
0.0429669219762729
0.0416842016665271
0.0407516202340048
0.0434113290127129
0.0429298880565625
0.0423945795808436
0.0420006733440061
0.0386878208905159
0.0403947479168494
0.0380245770558076
0.0407549869539707
0.0404519821563838
0.0385060180119581
0.0419737395842219
0.0377754397778176
0.0401052099991546
0.0406775523945839
0.0410344247117393
0.0394756333641908
0.0426672838986804
0.0400681760794726
0.0380346772157338
0.0386676205706635
0.0405226832758387
0.0386810874505557
0.0394554330443668
0.0380616109755181
0.0391086608871376
0.0417818365457663
0.0383242151334002
0.0380784445753761
0.0401927447184676
0.0385666189714868
0.0395160340038672
0.0384992845720262
0.0405563504755548
0.0393039306455876
0.0406068512751574
0.0407078528743341
0.0405193165558444
0.0386810874505557
0.0410680919114554
0.0397954717616358
0.0419232387846193
0.0355231041158106
0.0383444154532526
0.0382636141738999
0.0429938557360572
0.0385868192913108
0.0412599949499395
0.0374623348203045
0.0402095783183256
0.0399907415200857
0.0401994781583994
0.0386373200909134
0.0398257722414144
0.0398628061610964
0.0371222961030355
0.0420478074236144
0.0398628061610964
0.0352706001178547
0.039149061526814
0.0398190388014541
0.0390143927278928
0.0393645316050879
0.04026681255786
0.0363412170692641
0.038704654490374
0.0379673428162732
0.037728305698181
0.0378091069775337
0.0388022893695847
0.0387955559296529
0.0386878208905159
0.0398594394411305
0.0372569649019567
0.0399772746401936
0.038277081053792
0.0388393232892952
0.0381626125746948
0.0372906321016728
0.0342538506859853
0.0449330864405511
0.0369539601043698
0.0414417978284689
0.0392264960862008
0.0383444154532526
0.0381457789748367
0.0385598855315266
0.0367788906657722
0.0400277754397962
0.0384588839323499
0.0389032909687899
0.0384353168925315
0.0382232135342235
0.0401388771988991
0.0378293072973861
0.0382669808938658
0.0372603316219227
0.0385464186516344
0.0380919114552682
0.0360483124316318
0.0393847319249403
0.0377922733776757
0.0381323120949446
0.0411993939904107
0.0359069101927503
0.0371323962629617
0.0386541536907714
0.0379505092164152
0.0384083831327473
0.036327750189372
0.037728305698181
0.038064977695484
0.0384151165726792
0.0362435821900533
0.0387551552899765
0.0378293072973861
0.0382568807339396
0.0374993687400149
0.0382501472940078
0.0374421345004805
0.0384891844121
0.0362570490699454
0.0396742698426067
0.0378360407373179
0.0354726033162365
0.0389436916084662
0.0375195690598389
0.036876525544983
0.0378394074572839
0.0381020116151944
0.0344053530847646
0.0358126420335054
0.0382400471340816
0.0377148388182889
0.0390009258480006
0.0383174816934684
0.0358698762730398
0.0382063799343655
0.0386440535308452
0.0363647841090824
0.0371660634626778
0.0399873748001198
0.0346679572426751
0.0376710714586466
0.0370246612237963
0.0390951940072455
0.0376778048985784
0.0376946384984365
0.0372670650618829
0.0357688746738631
0.0382164800942633
0.0376845383385387
0.0355870717953053
0.0377889066577097
0.0334761383722082
0.0371795303425699
0.0366879892264933
0.0361021799512002
0.0369135594646934
0.0372603316219227
0.0325637572595099
0.0384117498527132
0.038064977695484
0.0362570490699454
0.0355197373958447
0.0363984513088269
0.0338431108492614
0.0377114720983229
0.0354254692365998
0.0362839828297297
0.0356510394748
0.0383174816934684
0.0351493981988256
0.0341090817271379
0.0385733524114187
0.0359978116320292
0.0377081053783286
0.0388325898493349
0.0365937210672485
0.0361863479505189
0.0370246612237963
0.0376879050585046
0.0351258311590072
0.035438936116492
0.0353951687568497
0.036859691945125
0.0356914401144763
0.0335872401313111
0.0388224896894371
0.039893106640875
0.0370515949835806
0.0330923322952685
0.034459220604333
0.035418735796668
0.0371828970625359
0.0349170945206652
0.036432118508543
0.036751956905988
0.0370179277838645
0.0368866257049092
0.0375801700193676
0.0366206548270327
0.0362132817103031
0.0348531268411705
0.0364455853884351
0.0352773335577865
0.0354692365962421
0.0348497601212046
0.0337320090901585
0.0326445585388626
0.0354086356367418
0.0316042420671749
0.0372670650618829
0.0337219089302323
0.0353682349970654
0.0343312852453437
0.035435569396526
0.0350719636394388
0.0354726033162365
0.0341023482871776
0.0338599444491194
0.0393241309654115
0.0366745223466012
0.035667873074658
0.0340585809275353
0.0348968942008412
0.03412254860703
0.0372569649019567
0.0355298375557709
0.0346073562831464
0.0323617540610996
0.0354928036360604
0.0349339281205232
0.0359843447521371
0.0360550458715636
0.0346309233229647
0.0340114468479271
0.0350685969194444
0.0335434727716688
0.0366071879471406
0.0373983671408098
0.0362907162696899
0.0315604747075326
0.0360988132312059
0.0365667873074642
0.0363748842690086
0.0366139213871008
0.0348497601212046
0.0356173722750555
0.0345400218836858
0.0338431108492614
0.0315066071879642
0.033358303173145
0.0353716017170314
0.0372232977022122
0.0351561316387574
0.0330687652554502
0.0335131722918902
0.0332404679740819
0.0364725191482194
0.0323011531015993
0.033698341890414
0.0343110849255197
0.032169851022644
0.031513340627896
0.0346006228432145
0.0347352916421357
0.0334121706927135
0.0326546586987604
0.0337791431697667
0.0337623095699087
0.0327522935779996
0.0324189883006625
0.0327556602979655
0.0362301153101612
0.0339003450887958
0.0317018769463857
0.0324459220604467
0.0313483713492246
0.0340619476475013
0.0328600286171366
0.0347083578823515
0.0345804225233621
0.0350753303594047
0.0344087198047305
0.0339003450887958
0.0323112532615255
0.034903627640773
0.0343077182055538
0.035311000757531
0.0340686810874615
0.03348287181214
0.0343649524450882
0.0325469236596234
0.0337252756501982
0.0321126167831096
0.0363849844289348
0.0347521252419938
0.0318601127851252
0.0339811463681485
0.0346814241225673
0.0329711303762394
0.032294419661639
0.0359203770726424
0.0347184580422493
0.0335165390118846
0.0316412759868854
0.0315604747075326
0.032917262856671
0.032294419661639
0.031920713744654
0.0348059927615623
0.0329643969362792
0.0307423617540792
0.0321496507028201
0.0332909687736844
0.0309914990320692
0.0329037959767788
0.0332505681340081
0.0338363774093295
0.0353211009174288
0.0315773083073907
0.03108913391128
0.0333111690935084
0.03172881070617
0.0329711303762394
0.0332068007743658
0.0317658446258804
0.0349642286003018
0.0345736890834303
0.0316109755071068
0.0320486491036149
0.0319813147041543
0.0319341806245461
0.0357150071542947
0.0310723003114219
0.0344120865246964
0.0320520158235809
0.0310049659119613
0.0334357377325318
0.0334189041326454
0.0318432791852672
0.0332169009342635
0.032169851022644
0.0310285329517797
0.0322540190219627
0.0334424711724637
0.0335367393317085
0.0321597508627178
0.0312170692702693
0.0334593047723217
0.0326108913391181
0.0329812305361656
0.0323314535813495
0.0347756922818121
0.0318668462250855
0.0312440030300536
0.0325065230199471
0.0340787812473877
0.030856830233148
0.0314830401481458
0.031708610386346
0.0299107819207336
0.0313921387088669
0.0332303678141557
0.0323280868613836
0.0316042420671749
0.0324391886204864
0.0330519316555922
0.0311665684706668
0.031940914064478
0.0324223550206284
0.0315066071879642
0.0319510142244042
0.0320082484639386
0.0308332631933297
0.0314864068681118
0.0306110596751239
0.0316042420671749
0.0303585556771395
0.0334929719720662
0.0323785876609861
0.0324324551805546
0.0297054120023574
0.0315503745476065
0.0311059675111665
0.0326075246191522
0.031052099991598
0.032277586061781
0.0318870465449095
0.0317624779059145
0.0323718542210258
0.0308702971130401
0.031371938389043
0.0319644811042963
0.0308029627135795
0.0324223550206284
0.0317658446258804
0.031816345425483
0.0329441966164552
0.0303147883174972
0.0344154532446908
0.0320924164632572
0.0320250820637966
0.0288401649692958
0.0309982324720295
0.0314224391886171
0.0317523777459883
0.0301599191987236
0.0309409982324667
0.0313483713492246
0.0316547428667775
0.030217153438258
0.0313921387088669
0.0327792273377838
0.0316177089470671
0.0303922228768556
0.0332505681340081
0.0292206043262411
0.0328566618971422
0.0285438936116691
0.0339239121286141
0.0304898577560948
0.0278772830569949
0.0312911371096902
0.0308702971130401
0.033146199814837
0.0315099739079301
0.0315907751872828
0.0311901355104851
0.0297660129618862
0.0287391633700906
0.0313854052689351
0.0300858513593312
0.0299107819207336
0.0321294503829677
0.0319813147041543
0.0310723003114219
0.0315975086272147
0.0320486491036149
0.0323583873411337
0.0299175153606654
0.031052099991598
0.0311463681508428
0.0313551047891565
0.0311430014308769
0.0325873242992998
0.0305740257554135
0.0302003198384
0.0304730241562368
0.0294731083242255
0.0318028785455908
0.0305336251157371
0.0307894958336874
0.0318365457453069
0.0300656510394788
0.0315167073478619
0.0286516286508061
0.0284092248127195
0.0294832084841516
0.0304932244760607
0.0309207979126427
0.0321260836630017
0.0308534635131821
0.0290590017675356
0.0310217995118194
0.030516791515879
0.0288468984092276
0.0289714670482226
0.0272948405016393
0.0308871307128982
0.031493140308072
0.0304595572763446
0.0306783940745845
0.0292643716858834
0.0300993182392233
0.0281668209746613
0.030944364952461
0.0307423617540792
0.0311598350307349
0.0291903038464909
0.0317961451056306
0.0299276155205916
0.0294125073646967
0.0296616446427151
0.0292812052857698
0.0282139550542979
0.0297693796818521
0.0291903038464909
0.0319476475044382
0.0305841259153397
0.029968016160268
0.0293990404848046
0.029543809443652
0.029651544482789
0.0298064136015626
0.0316076087871409
0.0295741099234021
0.0318735796650174
0.0306884942345107
0.0313955054288328
0.0299781163201942
0.0303181550374632
0.0279580843363476
0.0320688494234673
0.0287862974497273
0.0296212440030388
0.028796397609625
0.0296885784024994
0.0279277838565974
0.0301195185590473
0.0297660129618862
0.0289512667283987
0.0300555508795526
0.0301632859186896
0.0298737480010232
0.02886709872908
0.0279917515360637
0.0301195185590473
0.029415874084691
0.0277257806581872
0.0281802878545534
0.0301733860786157
0.0274901102600893
0.027042336503655
0.0285102264119246
0.028351990573185
0.0289074993687564
0.0284226916926116
0.0295808433633624
0.0306716606346242
0.0307255281541927
0.0295741099234021
0.0305403585556974
0.0279513508963873
0.0278840164969267
0.031405605588759
0.027766181297892
0.0299949499200523
0.0305571921555554
0.0279412507364896
0.029968016160268
0.028442892012464
0.0286213281710275
0.0290017675280012
0.0275608113795158
0.0300488174396207
0.0287391633700906
0.030217153438258
0.0297525460819941
0.0289714670482226
0.0284159582526797
0.029772746401818
0.0295640097635044
0.0286516286508061
0.0277392475380793
0.0307928625536533
0.0261939230704513
0.0292340712061332
0.0282779227337926
0.0284967595320325
0.0276752798586131
0.0285708273714533
0.0274093089807366
0.0289479000084327
0.0295774766433965
0.0282442555340481
0.0285405268916747
0.0284092248127195
0.0274295093005605
0.028654995370772
0.0285977611312376
0.0284361585725321
0.0274699099402369
0.0285943944112432
0.0273487080212078
0.0289445332884384
0.0290017675280012
0.0276887467385052
0.0301363521589053
0.0287492635300168
0.0305874926353056
0.0280557192155584
0.0276180456190502
0.0286246948910218
0.0277796481777841
0.0265575288275386
0.0303652891170714
0.0281365204949111
0.0281971214544399
0.02931150576552
0.0271568049827522
0.0291701035266385
0.0272443397020652
0.0301632859186896
0.0279244171366031
0.0280220520158423
0.0282038548943717
0.0286347950509196
0.0276247790590105
0.0282341553741219
0.0295842100833283
0.0276146788990843
0.0272948405016393
0.0290657352074675
0.0279143169767053
0.0274295093005605
0.027126504503002
0.0289681003282567
0.0288300648093696
0.0274126757007025
0.0307558286339713
0.0246990994024259
0.0293822068849465
0.026469994108254
0.0282610891339061
0.0276651796986869
0.0262814577897643
0.0269211345846259
0.029186937126525
0.0274261425805946
0.0279850180961319
0.027254439861963
0.028351990573185
0.0275170440198735
0.026453160508396
0.0296380776028968
0.0251468731588318
0.0289445332884384
0.0267123979463122
0.0268470667452334
0.0278503492972106
0.027873916337029
0.0274564430603448
0.026702297786386
0.025261341637929
0.0284226916926116
0.026719131386244
0.0289613668883248
0.0294461745644412
0.0261232219510248
0.0276483460988288
0.0262915579496621
0.027786381617716
0.0271904721824967
0.026719131386244
0.0286347950509196
0.0273958421008444
0.0288132312095115
0.027126504503002
0.0287054961703745
0.0282543556939743
0.0273352411413157
0.0281466206548373
0.0266181297870673
0.0262006565104116
0.0287357966501247
0.0250054709199503
0.0262915579496621
0.0272746401818154
0.0262242235502015
0.0276146788990843
0.027126504503002
0.0293552731251623
0.0254027438767821
0.0273015739415996
0.0268403333052731
0.0269177678646599
0.0260121201919219
0.0261804561905592
0.0269548017843704
0.0245374968437204
0.0263151249894804
0.0253219425974294
0.0269851022641205
0.0248506018012051
0.026274724349804
0.0268234997054151
0.0262713576298381
0.0294596414443333
0.0275136772999076
0.027251073141997
0.0272275061021787
0.0248674354010632
0.0280186852958479
0.0296414443228628
0.0268437000252675
0.0255239457958112
0.0249347698005238
0.0293148724854859
0.0282913896136847
0.0245812642033627
0.0277964817776422
0.0276719131386187
0.0242277586061732
0.0273116741015258
0.0269043009847678
0.02627809106977
0.0259043851527849
0.0273083073815314
0.027146704822826
0.0275439777796578
0.0265373285077146
0.0249044693207736
0.0299478158404156
0.026806666105557
0.0244836293241519
0.0280052184159558
0.0265642622674989
0.0264396936285038
0.0259111185927168
0.0280759195354108
0.0258471509132221
0.0263891928289013
0.0265541621075727
0.0254094773167424
0.0258235838734322
0.0274059422607706
0.0253825435569581
0.0274968437000211
0.0280590859355243
0.0247226664422158
0.0247597003619262
0.0253926437168559
0.0260222203518197
0.0248337682013471
0.0242816261257417
0.0255677131554535
0.0283284235333667
0.024749600202
0.025513845635885
0.0266080296271412
0.025601380355198
0.0275069438599473
0.0239617877283251
0.0248304014813527
0.0260188536318537
0.0258639845131086
0.0243186600454521
0.0245475970036182
0.0260222203518197
0.0258639845131086
0.0242647925258836
0.0256316808349482
0.0277190472182554
0.0269581685043363
0.0257192155542612
0.0259851864321377
0.0255239457958112
0.0244095614847311
0.0259952865920354
0.0248034677215685
0.0252175742782583
0.0259683528322512
0.0254397777964925
0.0259649861122853
0.0253926437168559
0.023948320848433
0.0254296776365663
0.0242075582863492
0.0271231377830361
0.0247933675616707
0.0250021041999844
0.0259313189125692
0.0274362427405208
0.0250526049995869
0.0234769800521804
0.0264396936285038
0.024961703560308
0.0245071963639418
0.0252377745981107
0.0258370507533243
0.0233591448531456
0.0244196616446573
0.0248472350812392
0.0243657941250888
0.0260188536318537
0.025705748674369
0.0248068344415628
0.0270154027438707
0.024604831243181
0.0245677973234706
0.0255441461156636
0.024517296523868
0.0232850770137247
0.0246822658025394
0.0246788990825735
0.0268470667452334
0.0231335746149455
0.0259313189125692
0.0231201077350534
0.0247597003619262
0.025917852032677
0.0249549701203762
0.0266450635468516
0.0237227506102329
0.0257528827539772
0.0255340459557374
0.0247799006817786
0.0258808181129666
0.0247462334820341
0.024749600202
0.0253825435569581
0.0237126504503067
0.0262814577897643
0.025264708357895
0.0239045534887623
0.0245475970036182
0.0224837976601293
0.0240358555677176
0.0254397777964925
0.0247361333221079
0.0246014645231867
0.0230595067755246
0.024076256207394
0.0249314030805579
0.0227935358976481
0.0242075582863492
0.0247664338018865
0.0255104789159191
0.023840585809296
0.0233456779732535
0.0249415032404841
0.0262545240299801
0.0238776197289781
0.0225511320595899
0.0249886373200923
0.023184075414548
0.0244061947647651
0.0248337682013471
0.0252748085178212
0.0240796229273599
0.0240223886878255
0.0239954549280412
0.0247900008416764
0.024749600202
0.0252882753977133
0.0233524114131853
0.0247260331622101
0.0240627893275018
0.0240122885278993
0.0233389445332932
0.0230595067755246
0.0240291221277857
0.0260121201919219
0.0249280363605919
0.0228103694975346
0.0232345762141222
0.0204839659961351
0.0275776449793739
0.0232177426142641
0.024837134921313
0.0241301237269624
0.0266652638666756
0.0227767022977901
0.0247462334820341
0.0229585051763479
0.0228002693376084
0.022672333978619
0.0229484050164217
0.0226622338187212
0.0245677973234706
0.022652133658795
0.0237900850096935
0.0226858008585111
0.0245980978032208
0.0217262856662046
0.0230696069354508
0.0238675195690803
0.0228743371770008
0.0250155710798765
0.0232716101338326
0.023968521168257
0.0224837976601293
0.0241166568470703
0.022759868697932
0.0232480430940143
0.0228272030973926
0.0252781752377871
0.0225746990994082
0.0248674354010632
0.0242176584462754
0.0248102011615288
0.0254195774766401
0.022780069017756
0.0257461493140454
0.0215343826277206
0.0232850770137247
0.0235948152512435
0.0242715259658439
0.024520663243834
0.0248169346014606
0.0233456779732535
0.0239887214881094
0.0239550542883649
0.0248405016412789
0.0241200235670362
0.0233187442134692
0.0221572258227525
0.0255441461156636
0.0239382206885068
0.0229618718963138
0.0237429509300569
0.0217868866257049
0.0223255618213898
0.0241132901271044
0.0220696911034395
0.0225746990994082
0.0226622338187212
0.0220494907836155
0.0246149314030788
0.0232850770137247
0.0227093678983294
0.022759868697932
0.0229147378166772
0.0242075582863492
0.0229787054961719
0.0225174648598738
0.022123558623008
0.0222750610218156
0.0219215554246261
0.0221706927026446
0.0226218331790449
0.0232244760542244
0.023079707095377
0.0213694133490492
0.0222683275818554
0.0226117330191187
0.0239584210083308
0.0220360239037234
0.021446847908436
0.0224602306203394
0.0238641528490859
0.0227969026176424
0.0233355778133273
0.0231605083747297
0.0213963471088334
0.0236453160508461
0.0221302920629682
0.023204275734372
0.0232345762141222
0.0216421176668575
0.0222346603821393
0.0208105378335119
0.0224770642201975
0.0230898072552748
0.0225679656594764
0.0221336587829342
0.0233524114131853
0.0234534130123905
0.023079707095377
0.0249852706001263
0.0226757006986134
0.0230426731756666
0.0224198299806346
0.0212919787896624
0.0235274808517829
0.0216555845467497
0.0219653227842969
0.023436579412504
0.0213121791095148
0.0225309317397659
0.0214300143085779
0.022123558623008
0.0228979042168191
0.0216286507869654
0.0230022725359902
0.0227396683780796
0.0228339365373245
0.0225881659793004
0.0195480178436185
0.0218441208652678
0.0229484050164217
0.0229585051763479
0.0232345762141222
0.0200765928794056
0.0210731419914225
0.0224837976601293
0.0210765087113884
0.0225410318996921
0.0232682434138667
0.0224804309401634
0.0221403922228944
0.0204300984765666
0.0228103694975346
0.0250054709199503
0.0224568639003451
0.0224501304604132
0.0200530258395872
0.0228911707768873
0.0225275650198
0.0224029963807766
0.0217801531857731
0.0220865247033259
0.0222649608618894
0.022015823583871
0.0203189967174637
0.0250728053194109
0.0226016328591925
0.0224871643801237
0.0187635720899095
0.0235611480515274
0.0229147378166772
0.022015823583871
0.0221740594226105
0.0200126251999109
0.0208442050332565
0.0210832421513487
0.0225915326992663
0.023079707095377
0.0224299301405608
0.0222144600622869
0.0207634037539037
0.0202684959178612
0.0207398367140854
0.0191440114468548
0.0219585893443366
0.0206691355946589
0.0226420334988688
0.0209519400723934
0.0230359397357063
0.0205412002356695
0.0217262856662046
0.0208105378335119
0.0218003535055971
0.0217128187863125
0.0215916168672834
0.0213896136689016
0.0208038043935801
0.0220663243834736
0.0243590606851285
0.0203526639171798
0.021783519905739
0.0191945122464574
0.0236924501304543
0.0208778722329726
0.0221908930224686
0.0200967931992295
0.0237833515697332
0.0220898914232919
0.024197458126423
0.0213121791095148
0.0210630418314963
0.0203189967174637
0.0234029122127879
0.0207566703139435
0.0221706927026446
0.0221774261425765
0.0223120949414977
0.0201977947984346
0.0196119855231132
0.019473950004226
0.0203156299974694
0.0199957916000528
0.0212650450298781
0.0211236427910251
0.0194200824846575
0.0202785960777874
0.0206422018348746
0.021110175911133
0.0202617624779009
0.0216118171871074
0.0219215554246261
0.0215815167073572
0.0208442050332565
0.0204368319164985
0.0204368319164985
0.0198678562410635
0.0190632101675021
0.0203560306371458
0.0202348287181167
0.0221572258227525
0.0219518559044047
0.0193291810453786
0.0203055298375716
0.0237799848497673
0.0190093426479336
0.0192551132059577
0.0187871391296994
0.0205041663159875
0.0201540274387639
0.0204839659961351
0.0187635720899095
0.0207836040737277
0.0211068091911386
0.0203526639171798
0.0201775944785823
0.0199957916000528
0.0192921471256682
0.0190228095278258
0.0210798754313544
0.0207600370339378
0.0211775103105936
0.021908088544734
0.0201641275986901
0.0202886962376851
0.0218272872653813
0.0202819627977533
0.0201270936789797
0.0214367477485098
0.0211707768706333
0.0196860533625056
0.0192214460062416
0.0221538591027866
0.0197533877619662
0.019830822321353
0.0203257301573956
0.0196052520831529
0.0207667704738697
0.0191844120865312
0.0199957916000528
0.0195311842437604
0.0194436495244474
0.0195412844036866
0.0188208063294439
0.019032909687752
0.0200092584799449
0.0205344667957377
0.0186491036108123
0.0197230872822161
0.0203863311169243
0.0192551132059577
0.0195850517633289
0.0196389192828974
0.0200597592795191
0.0216623179867099
0.0187501052100174
0.0196321858429371
0.018837639929302
0.0210327413517462
0.0186962376904489
0.0189319080885468
0.021551216227607
0.0207768706337959
0.0196725864826135
0.0191877788064971
0.0187635720899095
0.0188915074488705
0.0207196363942614
0.0202213618382245
0.018817439609478
0.0196389192828974
0.0204570322363509
0.0197500210420003
0.018945374968439
0.0201843279185425
0.0189386415285071
0.0198846898409215
0.0207836040737277
0.0201708610386504
0.0188746738490124
0.0209081727127511
0.0192349128861338
0.0202920629576795
0.0191069775271444
0.0184673007322829
0.0205412002356695
0.019598518643221
0.0198981567208136
0.0193426479252707
0.0189218079286206
0.0191473781668208
0.0189554751283652
0.0187635720899095
0.0188881407289045
0.0185615688915277
0.0194806834441579
0.0192584799259521
0.0189992424880074
0.0190026092079734
0.019066576887468
0.0200664927194794
0.0193258143254127
0.0188645736890862
0.0191238111270309
0.0194066156047654
0.0202886962376851
0.018500967931999
0.0187736722498073
0.0188746738490124
0.018837639929302
0.0183359986533276
0.0191945122464574
0.0207634037539037
0.0189655752882913
0.019369581685055
0.0189184412086547
0.0188780405689783
0.0205041663159875
0.0184201666526462
0.0194402828044815
0.018942008248473
0.0198914232808818
0.0187905058496938
0.0194840501641238
0.0187198047302388
0.0191170776870706
0.0191507448868151
0.0195547512835788
0.0199621244003083
0.018268664253867
0.0193258143254127
0.0186794040905625
0.0191305445669627
0.0202651291978952
0.0189756754481891
0.0192988805656285
0.0185481020116356
0.0182888645736909
0.0188073394495518
0.0186760373705965
0.01885447352916
0.0188477400892282
0.0190093426479336
0.0189184412086547
0.0187029711303808
0.0195379176836923
0.0188208063294439
0.0185548354515674
0.0187332716101309
0.0191473781668208
0.0186861375305227
0.0192517464859918
0.0184235333726122
0.0187029711303808
0.019581685043363
0.0189857756081153
0.0178040568975746
0.0185649356114936
0.019510983923908
0.0188342732093361
0.0188140728894837
0.0191877788064971
0.0185582021715334
0.0188443733692623
0.0191305445669627
0.0184706674522488
0.0203021631175773
0.0179185253766718
0.0189857756081153
0.0190531100075759
0.0182821311337591
0.0192248127262076
0.0184673007322829
0.0202213618382245
0.0196355525629315
0.0189925090480756
0.0192551132059577
0.0188073394495518
0.0187400050500912
0.0177299890581537
0.0187635720899095
0.0187635720899095
0.018817439609478
0.0181474623348379
0.0189352748085128
0.0185817692113517
0.0189857756081153
0.0191339112869287
0.0181575624947357
0.0186019695312041
0.0181474623348379
0.0192517464859918
0.018713071290307
0.0188814072889443
0.0188612069691203
0.018497601212033
0.0187231714502332
0.0180834946553432
0.0200395589596951
0.0182821311337591
0.0175683864994483
0.0179521925763879
0.0191271778469968
0.0185043346519649
0.0186996044104149
0.019066576887468
0.0189655752882913
0.0185649356114936
0.0188107061695177
0.018073394495417
0.0184370002525043
0.0184908677720728
0.0186726706506306
0.0189049743287626
0.0189016076087967
0.0188477400892282
0.018622169851028
0.018709704570341
0.0178781247369955
0.0188915074488705
0.0181945964144461
0.0194335493645497
0.0182922312936569
0.0178983250568194
0.019261846645918
0.0184504671323964
0.0179622927363141
0.019032909687752
0.0178343573773248
0.0185918693712779
0.0185447352916412
0.0192281794461735
0.018517801531857
0.0184269000925781
0.0178646578571033
0.0179218920966377
0.0181373621749117
0.0180868613753091
0.0184706674522488
0.0180902280952751
0.0189756754481891
0.0184302668125724
0.0177232556182219
0.0186423701708804
0.0180969615352353
0.0185077013719592
0.0195682181634709
0.018709704570341
0.0181137951350934
0.0183258984934014
0.0171004124231899
0.0182787644137647
0.0190396431276838
0.0179791263361722
0.0188645736890862
0.0184875010521068
0.0184066997727541
0.0182888645736909
0.0183494655332197
0.0178814914569614
0.0188309064893701
0.0176424543388691
0.0181137951350934
0.0183258984934014
0.0189016076087967
0.0180969615352353
0.017841090817285
0.0182619308139067
0.0184706674522488
0.0186289032909883
0.0187703055298414
0.0188073394495518
0.0184471004124305
0.018925174648615
0.0188477400892282
0.0176054204191587
0.0177097887383297
0.0185952360912438
0.01860533625117
0.0175010520999876
0.0184706674522488
0.0182585640939408
0.0176054204191587
0.0188612069691203
0.0173158825014923
0.0179286255365696
0.0193157141654865
0.0182383637740884
0.0181205285750536
0.0182989647336171
0.0184403669724702
0.0182720309738329
0.017541452739664
0.0178646578571033
0.0183595656931175
0.0180397272957009
0.0184639340122885
0.0177602895379323
0.0179117919367116
0.0179589260163482
0.0187770389698017
0.0170936789832581
0.0180599276155249
0.0173562831411687
0.0174269842605952
0.0176087871391246
0.0186188031310621
0.017292315461674
0.0186962376904489
0.0172418146620714
0.0175852200993347
0.0186356367309202
0.0184167999326803
0.018197963134412
0.0176458210588351
0.0167940409056655
0.0173327161013503
0.0185817692113517
0.0187837724097335
0.01860533625117
0.0178713912970352
0.0180599276155249
0.0181541957747697
0.0179151586566775
0.0179925932160643
0.0181373621749117
0.0181945964144461
0.0182450972140487
0.0176390876189032
0.0175145189798798
0.0165583705075392
0.0169287097045867
0.0179420924164617
0.0189824088881494
0.0174976853800217
0.0173832169009529
0.0175279858597719
0.0173259826613901
0.0169691103442631
0.0172115141823213
0.0183326319333332
0.0176761215385852
0.0174606514603113
0.0173024156216002
0.0178713912970352
0.0180329938557406
0.0164270684285839
0.0177771231377903
0.0179420924164617
0.0168310748253475
0.0174269842605952
0.0187905058496938
0.0185548354515674
0.0178814914569614
0.017628987458977
0.0175953202592325
0.0166223381870338
0.0176592879387272
0.0167873074657052
0.0175650197794823
0.0184673007322829
0.0179117919367116
0.0178545576971771
0.0179016917767854
0.017649187778801
0.0180801279353773
0.0171879471425029
0.0165920377072837
0.0177131554582957
0.0173192492214582
0.0184167999326803
0.016100496591207
0.0175448194596584
0.0177434559380458
0.0180161602558826
0.0169859439441211
0.0180868613753091
0.0180700277754511
0.0170162444238713
0.0180026933759905
0.0170633785035079
0.0172249810622134
0.0168142412254895
0.0180666610554852
0.0180902280952751
0.0159624610723199
0.0170196111438372
0.0178646578571033
0.0165348034677208
0.0172519148219976
0.0163227001094128
0.0172889487417081
0.0182215301742303
0.0175549196195561
0.0174000505008109
0.0173865836209188
0.0171509132227925
0.0171980473024291
0.0177973234576427
0.0162688325898444
0.0177468226580402
0.0172822153017478
0.0167570069859551
0.0174236175406293
0.0180094268159223
0.0176020536991928
0.0162250652302021
0.0174875852200955
0.0177973234576427
0.0168950425048422
0.0172148809022872
0.0154507196363909
0.0157065903543412
0.0166290716269657
0.0171138793030821
0.0170667452234738
0.0177771231377903
0.0166795724265683
0.0177636562578982
0.0178646578571033
0.0169186095446605
0.0162890329096967
0.0179218920966377
0.0170330780237293
0.0176054204191587
0.0175111522599138
0.0169152428246946
0.0172182476222531
0.017184580422537
0.0176626546586931
0.016847908425234
0.0166156047470736
0.0179387256964958
0.0164708357882546
0.0167906741856712
0.0157200572342333
0.0161678309906677
0.0158345257133305
0.0168209746654497
0.0163496338691971
0.0163732009090154
0.0154170524366748
0.0171273461830026
0.0169085093847343
0.0168041410655633
0.0161947647504519
0.0174707516202375
0.0167199730662446
0.0167704738658472
0.0176895884184773
0.0158176921134725
0.0160937631512468
0.0166156047470736
0.0162519989899863
0.0168142412254895
0.0164708357882546
0.0167671071458813
0.0169118761047002
0.0172350812221396
0.01752125241984
0.0161105967511332
0.0164843026681467
0.016868108745058
0.0167300732261708
0.0165583705075392
0.0180026933759905
0.0165920377072837
0.0164540021883681
0.0165078697079366
0.0168714754650239
0.0168310748253475
0.0173865836209188
0.0168748421850182
0.0173293493813844
0.016544903627647
0.0174000505008109
0.0169421765844788
0.0161105967511332
0.0172216143422474
0.0163563673091573
0.016635805066926
0.0175818533793404
0.0153901186768906
0.0158850265129331
0.0164035013887656
0.0160735628314228
0.016635805066926
0.0164809359481524
0.016315966669481
0.0157267906741936
0.0171711135426449
0.0169994108240132
0.0150972140392298
0.0162654658698784
0.0162183317902702
0.0154776533961751
0.016544903627647
0.0166156047470736
0.0155550879555619
0.0170600117835136
0.0160196953118543
0.0162519989899863
0.0170061442639451
0.0174707516202375
0.0163395337092993
0.0170431781836555
0.0156661897146648
0.016777207305779
0.0165045029879707
0.0164708357882546
0.0153295177173618
0.0171004124231899
0.0155921218752724
0.0156426226748749
0.0165583705075392
0.0171879471425029
0.0150366130797011
0.0169219762646264
0.0161274303509913
0.0162654658698784
0.0157604578739097
0.0162250652302021
0.0154944869960616
0.0175313525797662
0.0168041410655633
0.016423701708618
0.0164843026681467
0.0164775692281864
0.0154170524366748
0.0160365289117124
0.0157739247538018
0.0171913138624689
0.0156628229946989
0.0179824930561381
0.0158749263530069
0.0159355273125357
0.0163395337092993
0.0158782930729728
0.0144306034845556
0.0163227001094128
0.0171812137025711
0.0163429004292652
0.0144878377241184
0.0147841090817451
0.0162822994697365
0.0146898409225003
0.0160331621917464
0.0157436242740516
0.0163058665095548
0.0150063125999509
0.0153429845972539
0.0163698341890495
0.0157739247538018
0.0152487164380091
0.0165583705075392
0.0161274303509913
0.0158412591532908
0.0153530847571801
0.0152352495581169
0.0156729231546251
0.0157604578739097
0.016100496591207
0.0157570911539437
0.0165415369076811
0.0158075919535463
0.0147437084420687
0.0164775692281864
0.0152722834778274
0.0155887551553064
0.0150366130797011
0.0161745644305995
0.0152015823584009
0.0166088713071417
0.0157200572342333
0.0158210588334384
0.0162014981903837
0.0147807423617508
0.0159826613921439
0.0157200572342333
0.0172418146620714
0.0156358892349147
0.0156527228347727
0.0152285161181851
0.0164944028280445
0.0143666358050609
0.0159725612322177
0.0157503577140119
0.0155281541957777
0.0155887551553064
0.0155382543557039
0.015975927952212
0.0157907583536883
0.0153631849171063
0.0149490783604165
0.0152891170776854
0.0149894790000928
0.0160062284319622
0.0142622674859183
0.0166593721067443
0.0145720057234371
0.0158479925932227
0.0158143253935066
0.0156830233145513
0.0154170524366748
0.0154338860365328
0.0153497180372142
0.0146965743624321
0.0154810201161695
0.0146932076424662
0.0151544482787642
0.0154237858766066
0.0152453497180431
0.0142993014056003
0.0153463513172483
0.0158951266728593
0.0146965743624321
0.0153598181971404
0.0149962124400247
0.0152588165979353
0.0149423449204562
0.0155012204359934
0.0139255954886153
0.0168310748253475
0.0149625452403086
0.0151477148388324
0.0146393401228977
0.0158378924332965
0.015319417557464
0.0149288780405641
0.0157267906741936
0.0156661897146648
0.0152352495581169
0.015659456274733
0.0152520831580034
0.0163530005891914
0.0151207810790481
0.0136023903711759
0.0159658277922858
0.0146662738826819
0.0147167746822845
0.0156224223550225
0.0151005807591957
0.0144070364447373
0.0155584546755279
0.0143498022052029
0.0144912044440844
0.0146225065230396
0.0156089554751304
0.0146225065230396
0.0146898409225003
0.0153463513172483
0.0152116825183271
0.0150096793199168
0.0144743708442263
0.0157301573941595
0.0146427068428636
0.0144272367645897
0.0139289622085812
0.0149423449204562
0.0150366130797011
0.0147100412423242
0.0144642706843001
0.0152891170776854
0.0154170524366748
0.0149389782004903
0.0144339702045215
0.0151174143590538
0.0152487164380091
0.0149356114805244
0.0145686390034712
0.0146965743624321
0.0155449877956357
0.014006396767968
0.0147504418820006
0.014895210840848
0.0148245097214215
0.0147134079622901
0.0151645484386904
0.0147841090817451
0.0150366130797011
0.0145888393232951
0.0138548943691603
0.0150871138793036
0.0152083157983327
0.014699941082398
0.0140669977274683
0.0143262351653846
0.0144743708442263
0.0139255954886153
0.0138212271694442
0.0145316050837607
0.0151140476390879
0.0148177762814612
0.0138245938894102
0.0148245097214215
0.0138885615689048
0.0151982156384349
0.015215049238293
0.0144912044440844
0.0138414274892682
0.0141107650871106
0.0151712818786507
0.0151207810790481
0.014467637404266
0.0147437084420687
0.0144407036444818
0.0144306034845556
0.014450803804408
0.0142151334062817
0.0145046713239765
0.0134508879723967
0.016548270347613
0.013898661728831
0.014555172123579
0.0149793788401666
0.0147470751620347
0.0139895631680815
0.0149457116404506
0.0144878377241184
0.0152352495581169
0.0134643548522888
0.0143296018853789
0.0155382543557039
0.0138717279690468
0.013386920292902
0.0148177762814612
0.0152049490783668
0.0145619055635109
0.0154035855567827
0.0144272367645897
0.014363269085095
0.0140299638077579
0.0149086777207401
0.0135451561316415
0.0147773756417848
0.0141006649272128
0.0141679993266735
0.0130435148556671
0.0142016665263895
0.0152285161181851
0.0131108492551277
0.0144238700446238
0.0156628229946989
0.0138784614089786
0.0142690009258502
0.013582190051352
0.0139424290884733
0.0132556182139751
0.0142993014056003
0.0138414274892682
0.0144070364447373
0.0138851948489389
0.0139154953286891
0.0134845551721412
0.013935695648513
0.0147773756417848
0.0131411497348779
0.0135619897314996
0.01468310748254
0.0140568975675421
0.0141477990068211
0.0135215890918232
0.0139121286087232
0.0140501641276103
0.0139121286087232
0.0138784614089786
0.0138010268495918
0.0143868361249133
0.0144306034845556
0.013262351653907
0.0150938473192639
0.013814493729484
0.0145147714839027
0.0132051174143726
0.0155550879555619
0.0142252335662079
0.0146225065230396
0.0140905647672867
0.013814493729484
0.0136293241309602
0.0140400639676841
0.0143531689251688
0.0132758185337991
0.0139289622085812
0.0132084841343385
0.0139424290884733
0.0146595404427217
0.0135215890918232
0.014575372443403
0.0135720898914258
0.0135350559717153
0.0138212271694442
0.0132522514939808
0.0134306876525727
0.0132522514939808
0.013494655332039
0.0140030300479737
0.0136360575709205
0.0141410655668892
0.0123701708610326
0.0131781836545883
0.0132084841343385
0.0141949330864577
0.0135215890918232
0.0134980220520333
0.0140770978873945
0.0129021126167856
0.0130199478158488
0.0134374210925046
0.0136495244508126
0.0144844710041241
0.0138952950088367
0.013457621412357
0.0136192239710624
0.0135215890918232
0.0132084841343385
0.0129997474959964
0.0143969362848395
0.013262351653907
0.013935695648513
0.0131512498948041
0.0132892854136912
0.0135384226917097
0.0138447942092625
0.014026597087792
0.0134475212524308
0.0134677215722547
0.0137572594899495
0.0135384226917097
0.0139525292483995
0.0131983839744123
0.0130569817355592
0.0136124905311021
0.0136259574109943
