12.1136397311875
7.86671476435803
12.0244502607414
10.8395320030348
7.96056972910525
8.94316181870551
7.47071801576569
8.57191416762333
11.828003559383
11.0804347789819
11.6041395008189
12.7182303447089
12.3754866403436
13.8922972945987
7.67495689299365
11.7092814319893
7.72819413755456
9.74388713699283
8.71101991193494
11.9388172637402
8.04954238661752
8.81493832729702
7.13446006271758
10.3078643610666
8.5885906780201
11.0048049438375
7.84421991065242
9.02821747304706
8.79775171497082
10.6895824480128
8.38631346630385
13.7478784591237
8.26110867117165
8.1314580190768
11.8252320541214
9.81923420951075
11.0126922129489
8.25659328284875
14.4351461322874
11.0336215574263
9.29237694337883
10.0128939052021
10.4784529380376
9.70271380422712
13.5281496247555
6.16092223622816
6.94040294967672
7.78077660926113
7.61281674589724
8.68322390233718
10.3893222398417
10.1753762892408
12.1240439799851
7.757183706427
8.90778835750061
6.22513210212757
8.51700304884201
7.98075175310162
10.5581866058071
6.82405499434596
8.39169634578034
9.68153537132317
9.317060962413
12.5881958622789
9.25223832991566
8.90004036082331
6.9201197740294
9.14795041762259
9.76455498238404
10.7819392360046
7.90936713706197
7.41120739661159
9.7661787427257
10.1212018201114
9.14647042180453
8.82571980316309
11.021668688536
12.3845034618195
7.82008829165122
12.7776193481819
7.57268107629991
11.2149567981713
8.71248510981888
12.0444337605854
6.82629334162826
10.7861537288207
8.80624361283401
13.2852158539927
9.76388352128667
10.2680587154712
10.909499829817
13.4778177382357
8.8942885682907
8.69986390452355
14.0864424621026
9.297183744846
12.5541844095948
9.60072177003614
12.6033181602086
8.34909521901353
13.8730283414225
11.9638176339951
8.55180526637689
7.18859250471868
11.9059114565302
12.1164489637681
10.892604468529
9.99646758641086
12.9228326428134
7.53980112295618
9.37257968401149
7.18820065113574
9.76873228865803
8.98215780733258
7.63429889067286
9.62365839891227
12.5088050872597
11.8315471960874
9.94581578546125
8.43489415746704
8.34027134167514
8.03036996426202
11.9727188265907
11.354093542258
12.31608480516
11.2956062579696
9.65103075519757
6.44113639402969
13.0418752333437
9.19544496997778
8.05109478340143
9.27347826077941
8.8550187468818
10.1006380579785
9.26410224638661
12.2887609376221
10.997460783713
7.62307568054924
8.60734045857651
7.55248300340906
8.51240878680274
9.51880996386039
9.72892867348621
12.0056956987757
8.59065679349879
9.4546613211413
11.8741901962148
8.71577320400122
8.2949860838731
10.1311442267
8.43080638716732
15
8.65476618841852
9.55114497897156
10.1646828990582
9.19619490635866
11.6189731817972
12.395805413643
9.67576204057211
11.5558652492218
9.28936283518272
8.33726418769548
10.0367822708266
9.67787446231427
8.20522956229312
12.8483596484877
12.5669301359919
9.49286947573701
9.29589458833547
6.95269882659384
9.27137807989096
13.6906694437206
9.70095873566423
13.3229353598168
10.0647886055425
10.056992885669
8.35534810361323
7.84256280683387
8.70531019019642
8.75169619224588
13.8198309970769
10.2917427982037
12.0894032915901
11.4615882409347
10.103008497456
10.9730835712154
9.17204553063264
8.81981808984478
11.4527842165747
12.8549420848405
7.86843600710431
11.5772125781721
11.3580440126703
7.81373282706141
11.2769388912455
7.57593020867763
11.2214812996642
12.9982385130573
13.3544686830365
11.2522831044696
11.8993459765605
9.69698676022312
7.2959929008548
8.88726094172619
6.79208277982408
13.4387797266729
10.0678461704965
9.37320058181048
9.93753104294143
14.8454544011583
8.86362914423888
7.53798308858408
7.3733103202126
7.52754374824246
9.44771807072952
10.8881673163044
7.16388264282806
6.89517897697977
13.1545507912984
8.24410744942651
9.77198447770747
7.15481038838734
11.3887823383273
8.29171659993602
5.23912365117098
12.0073875294541
12.0379613054355
9.60933091621795
7.84449704344832
10.1448063564242
12.866745455392
12.4983894839404
11.5168627412813
6.46149005906228
7.18992086375083
11.0296235363768
12.8279886564006
13.5061145746554
11.2491504649178
12.8705250821318
9.56792647724633
9.20000093861603
10.259895399341
7.8371946545848
12.1213815058825
12.4313019310717
9.13175893452206
11.0385245906698
12.2559226728505
12.101554731409
10.3931041266184
9.36248168947468
8.26412530264193
9.43660808151112
5.8350649279758
9.831507059727
12.14322396692
11.8041245862391
10.8487310658773
10.6683849140234
7.95105928169748
11.0171873539425
8.50822319750995
12.062831879199
8.59779239868372
12.27206808465
9.71791004851621
7.31887650078987
13.0834146718074
10.1054758396934
7.91912988268173
8.46418766848004
10.7641996909472
8.05119968147822
9.43186543572047
12.2735895889463
8.42602052493272
11.2276030210551
13.6893723221333
8.87107146166749
10.191675102953
10.3887618073985
11.3291908307093
11.7672832414553
7.16162026068692
11.0034558717039
10.4951445239247
11.1459345929462
10.2161913747801
10.1945906234814
13.6431294129059
7.23298496555572
9.88102387966496
7.84727743928953
7.13237387783598
10.1361334360023
11.7456948368322
12.1664851169374
11.7651519967689
12.1751546578673
11.2112422977818
8.38711293654429
7.59827403485033
9.24287716420468
7.37192391953929
10.4331293592958
7.84908702700607
9.04780180480304
9.6933070010574
10.1887867070247
11.8643956017516
9.2662739924514
12.1570647001201
10.4885429912543
8.53152295477584
10.6286772928814
9.8396397491246
13.3345980688931
9.19228554901281
12.5345123991086
9.95818717959976
10.1444755909112
9.25295256259678
9.32166858364315
12.469216055696
11.9377008181035
6.60472865212497
12.4100710801843
12.5270747845088
7.56142492245207
13.1002666613956
11.9745297035619
11.5180269061283
11.1980710500198
9.94374346234059
13.1012966296377
11.9331658085548
9.97561144405008
12.6015561007627
12.912730159487
11.5603333519977
7.36797497294899
13.1055683950364
8.25468610371794
9.30522277437639
8.08915774761324
8.81868732859622
7.44828212664698
12.377279755608
9.32684725841699
7.97938979855729
10.6438587016975
9.08194580010126
9.09199225698079
11.9694501024338
7.04230327463495
9.69330112998216
7.83585636197948
11.3213850380986
8.97117931537264
13.4531584456072
5
10.8679568135379
9.12842939693005
9.50043330528095
9.28367074594002
13.9955190060286
10.3557791855343
8.52702054280485
9.13029124491369
9.70144241800691
10.5062875747659
8.83349039997722
7.7188842717176
10.0997806441491
9.2741543181628
8.32091881008683
9.84271615489633
10.7904560278314
10.4604334788647
7.90098534269337
8.0328311701958
9.57665369665355
7.94291583182756
10.8696962489557
7.53347928869885
7.44308834999391
12.5234281877344
6.33575109816728
7.25615010046768
10.3939245090482
10.9582217477863
6.20418436724121
8.63344119680827
10.1321922537868
9.21223945321811
7.14893478051957
8.59783043803613
12.3562812063041
8.57776311487959
10.7770660389702
9.3366873072886
10.9075008484477
9.81312511043655
6.45809085181298
9.31338757586375
11.7992310727262
8.80362354358634
12.348722654624
6.86669328935744
11.450215500688
7.28440040437321
7.71258078217674
12.6615326003757
8.04937960965192
12.7644689900053
10.9664638287917
11.2872549145622
12.3709086422946
8.51383121665831
10.6565727152294
9.10447183517729
13.3823732416027
10.8326374480497
9.95427499536132
13.515892145036
13.9671147280469
9.33222002778309
7.81441934019142
9.70343464718392
12.3876205881817
11.7096557045269
11.1276521055246
9.26933571204789
8.18343513010198
13.2612811189168
9.71147767433834
8.51968022118878
11.1206539726465
9.32271486641182
8.11746567391593
7.98961815527668
11.2251488400651
7.8259026515806
11.2183861346758
8.68719627189134
8.83410290032894
10.5168060149267
13.2518369491425
9.28379289274225
10.9613803661512
13.4878632638721
9.78709524937305
10.9933062052618
12.3994210049357
6.5648089784751
8.83619643676549
13.6249741801183
12.4511550982862
8.75708445362992
6.53556449126296
12.6128574274943
12.43409444514
8.03652053456389
12.0072848026073
11.3638032309986
8.71789786596951
11.9327816774641
7.42751524195384
7.28964352299388
9.63975028725328
7.42716344418607
13.8099850770524
11.9887131511232
8.25065313025761
8.89390191642875
10.2672354780724
11.1734547637129
11.5634589101249
7.87109800907673
9.66859706096802
14.3209231357885
11.2097755682689
12.6271914135095
8.38412738834148
14.3301295759652
9.23627776549767
10.0894781302423
7.39264679778401
8.62751886526553
8.1699868992401
11.430422973888
12.8705208874624
12.5750018536304
8.90415325274883
6.76760221701067
8.82271642547136
6.63740594129869
10.7051051165995
13.4184143610379
10.1353137471246
9.98598492285498
13.0633037610649
11.744107387601
7.96742042303887
7.6047448051416
13.7001862238615
8.61949375170101
11.0088010221134
13.8949899423544
9.13615017376167
8.92498000803308
10.6809487295966
10.4884404200734
10.7688367003041
8.18199958067409
8.39916412484898
10.4986882915513
13.3162141573707
9.60334052493008
10.5962803470091
7.83740199915985
8.79991783931282
11.7055601814421
10.1932915959383
11.9482462973507
12.5134724016946
9.60227897722978
9.50950523313719
7.70723460991213
11.6501482917583
10.9016922746926
9.07221386003983
6.36912655120056
10.2860824088635
11.2634939409405
10.8641540999618
12.1227031863138
8.35679972963767
9.77197356571829
8.20296619739135
8.07056173055104
9.28429861953672
8.63458096137776
9.26744245512694
