-7.07125615237651
-14.8818613969579
192.580428278843
1.64823039568521
-8.31202525424364
-10.4316802337786
205.315818899959
1.35477234687503
-13.1776337406449
-6.28620937028262
-5.8962471612271
-2.1696544178659
1.67507480544624
0.69378494104018
124.807459922014
-7.63660041644598
-14.9736818215763
95.6805492975925
-17.4806381823521
-7.17592350536674
224.3851214499
-18.300715346665
3.43570789306944
98.6992442603927
-0.165342625915634
45.5242492699059
161.629033492072
0.665003535545153
130.476543763321
-4.1393799675535
14.1476590664693
138.494517884992
0.875574668068667
203.822861319876
-21.0390487924118
99.5068395676809
37.0677325918075
194.204124546706
165.775261807847
102.502326381859
-0.383108429341924
-4.46147677487998
100.593268344216
2.84197308814668
-4.06859519926377
-0.43338455012321
99.0156900637578
10.3931778602676
1.90424044441334
-5.76398399040558
-1.77825988124227
10.617052301608
182.946374175264
137.778897585717
-15.3962443576398
114.471591561795
-4.93173145256044
-7.23055626881513
-3.99312331464338
174.465782993363
-5.12112788905965
45.260803443617
-4.26209467716617
97.9155918920473
213.881065890918
-2.61268690106534
-7.61910942189488
1.62917375833261
176.950238915287
7.72298946436067
-3.5530831776582
-4.58135682414269
-5.7735077014209
-3.73354775933456
2.21622263285013
118.031998516288
181.002260636401
3.77244673295902
-9.74296032933455
-17.5286539042585
103.360643777932
161.200990371481
16.0088826627817
178.648934223991
7.05667458141037
2.5648199727806
174.741051117363
80.0006511619255
-19.0707754204149
1.36241947401373
4.69740016025942
212.091499934886
2.07469853838128
-8.37762237239497
69.3063028398074
-6.90240861974077
-5.56371452970505
-6.85495371080757
-3.70717315686431
-6.86338023711395
-16.3444844191954
-4.97855692389361
-2.30149264971968
-4.79726758135451
-0.469800263662714
159.713737132988
10.1030081526785
164.467379347882
-18.2193286234467
-8.9345230474371
-5.18090560787565
173.717635540977
112.869942579105
-1.84861815347253
193.349331386533
-6.1155609126212
7.0697478923247
6.45410217961582
-4.73768839598132
-0.00778897779938822
-6.6455634300072
-8.38178974525715
156.704375162123
95.8311177357985
-13.1915335187978
-3.64070567189371
-8.37102420271513
-2.84097109627098
-8.15631146318874
-10.7938441732439
3.7768482783155
77.1589039719967
2.31504451481913
1.51458335863009
40.4900033269683
-1.0052901531177
-18.6079740091768
4.59147821554517
80.9192636994596
-7.29834661873324
2.16966518011293
166.598157130041
98.7286539501799
200.835579443332
-23.2531145537838
-2.69872163989042
151.541305367413
141.677846362381
221.741714113709
-1.10855105674079
-4.18770952776293
33.7449118640407
4.80417284925092
0.0519715040022926
0.180101818615081
3.25295173204206
138.302248636022
185.128371697666
-13.2630987965341
-9.77859132094134
132.487586706055
0.886069781654993
-4.49596802680244
-2.00233496033009
211.146843098265
144.508974904236
-14.4323892495853
197.585162004465
200.547820814975
189.383981560325
-4.12230290907597
-4.6351069835603
99.7816717950611
2.6287464722026
14.420082448223
-23.2735822543808
211.481606214818
92.5487542101889
5.59602009251777
-9.34925394153006
-4.67289497027773
216.232851594488
224.42141621517
-18.042554246574
-9.98660201603547
-24.5558433347407
225.511543921996
-14.9340308237309
1.83917904419648
142.071134779507
213.709935748129
-1.83849826824468
183.78144940162
-15.0899100459352
2.5594138950693
5.32774519773754
186.414228552256
-4.35243873868226
150.682617441709
173.889031636037
-15.9884683599297
-7.83321533503991
209.538893237986
-10.267943484609
-5.76748995480184
-0.388772002965995
0.879646754862915
94.1296690467185
-11.4305936328562
-3.34463633895097
178.192274799134
-3.26375384125596
-0.801639098017328
213.726108136581
104.688947056631
123.345245289544
-19.3296768549108
215.328071045966
163.874784018959
-6.3298027617703
107.838486129036
-0.0183188339959766
-7.85456226127718
78.6927517376628
-5.68256174979534
163.330543638184
18.672890268776
-4.88406282813545
145.055673352256
-8.13846529703241
186.753517634869
0.787375228906359
1.14837429651327
176.143175216029
79.1883435025312
165.160742236776
-14.5173375389265
4.47664758995887
-2.54415286212214
148.889293481733
-1.8360100405132
19.2883371840125
-8.60604514613925
3.85472768288677
75.4335196155464
152.785439123419
3.55508218723249
4.56936779078347
-11.0191887236297
157.913437676774
119.363157962347
6.41883298932201
-1.32884926598657
-3.407651097768
-2.3511712586362
135.308536656729
10.3008040203367
5.62877922713808
-9.3307551240334
167.271345307526
1.32428513625616
-7.88682556895265
104.333241005121
0.842055399820514
158.080551761749
140.089573173809
-9.37136653785934
207.149674308425
206.533846251686
-4.91759870495181
79.2651067738063
141.317574698808
-3.45080969781371
209.571100891855
-0.958020364534991
-21.2328708607952
201.306204104654
183.041979385554
-8.5634153660897
137.714594761936
11.1552686412007
-20.3439700953605
140.536109364427
5.31032772625084
-9.82245876920927
3.000946444059
187.00914284445
-6.83766245835807
38.5858814654239
-6.70279722035707
100.471230021785
138.780370057755
110.327749477975
-23.5951592028853
-13.7591150788229
-24.4388602503276
15.1418586616069
7.17018204053387
-3.72511655168154
-10.2612357367952
-3.78907445234869
-20.3090121670537
112.094308759149
-9.82169688574811
-7.88559056798118
-1.099166675628
-5.42227919950616
136.385913487536
-23.5448954329858
2.34841282778992
220.821205774909
150.205577852732
-8.71803624153738
-6.76797092331958
5.82169085150597
169.949019485021
-7.88762981014792
14.6677323141308
-17.2220081054543
134.722638556836
6.46041991644804
-15.4906223340919
4.83154358451031
1.65642246310762
123.571255071476
86.4309400734613
-7.15802972922247
-23.4945836260755
224.873434492704
106.90472671054
-5.41365195680996
-3.59008378628608
199.802424661974
3.72610149443297
74.3058457014001
215.568747653469
116.518792637909
-11.5199873796186
1.62881786772834
-9.49245763296772
-2.37074188471993
147.52451591639
-9.84986338267521
160.196654913601
-3.61920874970343
-18.9740133090723
109.33635088549
-4.91524067189401
3.28649407680982
-2.48693720092971
-5.28021375335939
183.97858916167
-11.5743934582554
-3.35374202788059
-2.83457473803426
-11.9693417353433
89.5463636955783
-1.07778631545218
0.923861549758285
16.9589311293692
-9.33436801241808
-17.0153102464609
-22.6756829256363
37.2710687240314
0.528311366774069
-22.9957685848088
-16.118414144957
-9.19496988397559
-6.28464725516872
-8.72688248081764
3.16629803673692
-5.22934835291576
41.2659587436436
-6.2446396378878
-6.89654665940168
45.0812204182718
-8.74859504627898
-8.02147953334576
-0.858317297180568
-11.1116558220487
-8.26751393327018
146.629888493995
-5.99040301393707
137.17753731655
-3.02284937655626
2.90805040861048
-11.4834944258271
211.863893223627
-4.79080311508813
-3.49566492124503
-12.3120373642275
2.85250989897414
-6.4530398018821
0.418580656793613
18.3412363506009
-8.69688314484806
-0.220360319162404
138.323193653761
-9.25963012559336
-14.2405378196631
-5.65582652550075
-14.2326267385458
202.30668988558
-1.92808482664995
183.46173480523
-5.61242015358162
-3.08954986470055
5.6498717973351
207.100290014774
111.98719196259
189.486841728555
-6.05670685348329
177.069045118122
-5.22237792052379
6.51920306334427
-2.2956618593889
189.915352192079
-3.78706478568203
170.269560275637
189.308725199865
2.92526268820091
-5.38983967341887
0.0501014887571561
1.82136029427007
114.767439074613
-6.09338377856578
-1.23503658020578
191.454838190536
-2.22564621111331
14.4236518313295
19.8997955161177
-10.0764488255105
148.507767707517
176.519299236984
11.0003207561823
98.6672863478867
0.140347687523029
11.5288167331989
-3.9979207657246
89.5927829713223
120.033188775521
215.579705729264
-21.9617376213148
13.5187994472871
152.201995956981
-11.9037320799619
-7.60207631897543
-0.18130975194701
144.216902872315
2.15578490319142
7.63618485411266
155.08787817233
169.264072399136
48.8429022515673
14.7779731546357
0.0953271393141733
-11.0307303558359
7.86753260946067
0.750579130743324
98.1800095076811
220.535631906355
-0.299459053822358
1.30623413245467
201.755625902645
4.37975199317091
-4.29742521443979
4.39929295017647
203.169260288153
-0.912645710543824
-0.742847997313219
178.078470776221
-7.38100346565314
173.451055425501
-12.8007674714787
-2.4430598993137
-4.55567068885879
36.7438094268837
-4.99735159141097
140.758325375477
1.33668595678665
218.09352799626
219.651198972917
185.282909110475
132.72232409566
3.28428128600196
-7.32979783455129
2.29449623952638
-10.092674926383
5.29845593371885
-13.2878619373105
20.0105571493847
182.62666175524
221.205543201702
-4.98946663557986
-3.45629228169973
-11.8229535975768
166.415050632265
-4.62055656010615
-20.5773921411907
70.7479744203768
101.673629319232
200.734841022877
183.572637427275
132.966866231563
136.710464289505
-3.24057198203683
207.751913972009
215.777411950375
147.347633570247
2.89945199217384
-12.8693442129398
-9.62328677166067
4.04041592380862
-6.34359199001086
-5.18914870030924
-23.9619200878396
2.79118173582299
114.658648889569
-2.42386930332806
165.313668120799
-8.05511826727374
-2.17260025517804
-10.3535821773138
-11.0266028873063
178.200732051684
-10.0633051303563
-11.0818765025878
-22.7915226888743
-18.4277035393744
104.226561351323
-2.69373717208859
2.86252174326742
0.407744895588716
-8.04503268863899
-22.0777628797325
-12.4269875635123
183.92104611094
3.08169639902451
215.475857507541
1.89609086273356
4.56113697846899
-0.998845673236845
2.63824709707
3.58896706302422
5.71974725492362
