817.624523375157
1132.65614208089
318.270175322505
-157.53637638919
207.161942732714
299.131374905299
456.062202465418
97.1942099070086
388.267087407979
440.602389918742
84.546513160361
-26.4506873070049
1289.07701268104
333.623579671004
1623.45354613734
565.168397361991
-62.3655865692177
1198.07546682457
-161.585630181802
979.357467615356
110.613243336158
-45.3334255097331
1643.12561932967
-242.697311167496
54.6183526732803
632.958500149745
562.989173521695
4.95190882035463
-568.267708357371
-158.408570704301
-297.851713212738
-546.556334537002
-133.418329239004
0.0309045664549866
148.5089902688
-107.553528407339
-33.141260100902
-24.057000522963
110.477681809568
955.783220336655
-134.510719102838
-153.022923129301
948.016830418337
1389.00114114975
-96.1812054955347
-104.877602400538
-594.059185097715
30.8841216398786
1679.98796907679
-98.2793649246246
1468.78250760321
-482.308559129573
946.951605169016
-5.61616525511538
1351.78352473349
852.803464758355
886.78702620644
8.74807573894121
1167.65342671355
-309.043573558101
-299.049356731515
959.920829225011
182.616791039806
118.345619297408
-166.304162990502
56.5317380552312
985.225994375147
639.995491742818
149.227757446679
137.28799016025
-535.886229944652
1002.41521327287
130.904008909655
-521.197150491632
1023.20789059576
146.485805544973
273.447469729531
1648.8284546448
-100.352451660437
1222.57390170679
-75.5919586811003
1297.7674227373
151.126995743403
-69.324933561273
-48.3858468571089
-48.710586389561
-202.589076438964
-90.7444939383256
258.016004824735
-544.334644795697
188.773413838667
366.639731921585
-89.928364881609
439.606088312442
504.987014507996
191.587249369428
634.28634657986
269.635191329374
-102.676502802683
50.6097598689893
39.6975268007162
-27.6479149462339
76.6516970532039
510.095040593073
-84.4619198477239
365.673134353688
1451.01435667756
117.178344133087
53.8845294390278
-441.976659073385
424.177081864804
844.834057787998
-54.8484570239602
160.717080812742
1075.21787719422
23.3670880249787
1165.11993451802
10.5995049825682
-92.7240860675912
-364.905390279123
5.25652696647519
-250.060451331096
196.549280832465
-38.3170808715795
-80.2272947027714
771.609853832373
-26.3997755770033
-44.5442593722428
-497.466611858507
-95.038048715995
614.806125134035
-233.996233148327
-176.542507228634
653.449517667071
948.984550430605
926.816261705525
175.962072347761
1018.15322657826
-188.626266857272
11.5876825239865
-81.5741325214297
1059.77247906939
458.425299860342
-92.5038288920284
69.7031800253211
76.4913638257805
177.234683126748
-317.214441617657
146.831866827266
-281.407913043243
-80.0483717043072
461.554419400171
1580.58373676553
-144.047131374756
-51.0247792711992
561.285012050056
-424.601857951964
-84.7189443436728
-58.7631540116665
-112.096922203803
74.1031179308643
-122.461356742399
125.275964574784
-314.269535363376
856.637163576444
9.24339348373701
-590.790530073822
-40.6098881713249
987.366518768562
203.571783414497
234.603192211927
-283.053279023154
-8.53796440743812
-460.842454300887
-20.6408421157518
-175.819309524169
503.092193009615
-0.151191345475198
-29.1096658034645
-141.213952611589
1514.19697791138
881.261137685887
-192.501027645467
347.49196514684
-591.052370634915
1012.00988847906
-236.535911590896
1485.97661146946
1551.96988436119
-183.827053386165
-583.297864560216
-566.797355796398
-73.6515117090508
708.365652930163
-353.864812638992
1450.08358569815
-399.855045668078
93.9081526265151
93.4771945832849
-542.488428455267
22.3120649271191
-41.2899887385464
451.99652139732
-594.416170744561
-302.969268823494
-141.685127924291
1018.04228704288
433.058990499625
1262.61080752377
1351.07794074696
-266.024115354728
-67.5933666246707
-30.5055496537012
0.91028144211475
683.621862695883
109.796875915542
976.682487607873
932.412006614758
-259.329908012194
-69.3464215955301
239.134581062962
-117.999879411659
-75.7562277210189
-58.9432241967208
-287.938774151926
919.353331361801
-138.182720706758
100.905903912346
24.5786054845498
-23.8684595094468
1303.81649813335
24.088676049921
-23.834254970022
409.202709745578
-191.852879601467
1061.53836768766
-28.6321066510119
266.432953507648
897.824626101699
1247.31767894506
276.677414186856
1070.01047650304
181.667527056704
1357.94755612787
-68.3666089843507
-4.47948228010767
-256.420899055645
-179.678388488215
-68.8212648893741
-156.870940423711
-389.958781477883
-78.701871855027
-231.095579886658
788.403231435066
377.853949686228
-125.171331134728
52.4222887017614
-10.9741171869979
66.9134450903053
-47.2998102219054
50.219073210615
-43.333505312786
266.430225767476
921.843064375613
20.3067503648118
77.0647709940638
-59.5215180312573
1171.49062523974
880.655046548334
-137.821398871124
-35.5339905488249
-129.176452882068
-156.219084481381
52.63868340548
-30.7991108560331
122.807038743431
606.664494628958
120.575983330182
-219.845033476862
37.7144136123526
854.494297688734
171.429538708992
1262.78538199353
802.729828504894
-366.740975518126
77.2272843135407
1026.40995220667
161.866387477356
-249.140531408655
-258.1427315006
49.1261456037996
-226.862964957955
190.767403577314
210.20425756072
-138.753023229569
31.6959404834845
10.4990118175646
46.3344505177841
-135.487665093838
10.7979693111252
12.9623682450746
1519.96574667736
254.2993279769
103.889957211799
-263.080313230165
40.7026776042295
-11.6921249045227
1350.27019970066
1275.75506035577
427.579604482195
-234.036929400961
1369.45310349211
-488.818905904273
737.608427710065
-84.3863206834931
73.0692934585959
632.344253616656
-615.072660191879
103.683386263514
71.240563789895
-13.0367061739464
-293.999254652073
1613.14682563649
-140.907780609234
62.6571205768107
1657.79688485931
-154.2938535204
105.405456024743
1146.05451925861
-116.533382647473
-300.6363151008
240.957693703076
29.5038434558298
186.919961732487
-190.654701651728
977.098405645084
453.149063118933
92.6548722929666
-0.247152865490881
-215.305442816484
1342.00480751224
67.1470442946494
-343.16198592495
-138.689654744267
738.289799512005
1335.54509058155
1191.11500997232
-13.2971541384742
1128.38371815935
152.259926253206
166.363022107164
-284.79214173079
59.9039042727058
217.581249579541
121.504614729354
699.273087480283
-57.7524230666889
1255.95944123039
-63.1440982907931
33.3740670561204
215.572897609838
881.948735700102
-408.783580287108
-131.641654300679
321.941392172974
-640.998928885396
-104.475770596969
1371.36399398357
564.587488373137
-39.7968148431921
125.05266837829
-18.1225222426658
-607.49616400401
186.900374418433
939.725161284833
-572.176796493314
747.056107283804
421.604687974536
69.0945165422542
184.070170648348
-38.3253614091487
101.553326723704
-240.800980892825
239.73034449049
317.59672965623
116.273561392964
642.561905639217
-63.5681851452789
1199.63122419029
992.792408486027
83.1239497537993
64.6088618753924
18.2202865405892
-241.196346850835
-59.4977870230459
211.13572752744
989.120471088586
1062.11460877019
-183.942379035922
202.935453677544
-75.8437176047897
1231.89510090584
950.058044636966
-171.647222962954
-195.45603969662
-278.504924347426
-119.163111259082
865.408237068493
-72.6183056237781
-595.895690122058
385.168335598657
1106.36165053558
-394.553447056721
119.928151167309
-50.6946582435699
-588.251641230651
154.518166765687
-108.023639748155
1601.28074102611
322.436006025142
123.260500928457
-200.876369483499
-373.892687567875
-207.128951996503
-661.219116878619
84.2097798581718
120.034338787361
-122.039625202636
-187.550080879501
216.872040699397
372.09198249352
348.780620165476
321.169077340444
-153.100534710734
1237.09556470619
682.835032836638
100.380648386407
49.4861003823177
-144.278973859653
144.100878286188
-124.171072104716
-113.044605473103
111.90275583533
-597.227988054885
268.987594460234
-8.88313154809243
239.210503759747
-5.81689055419405
-32.6613350496575
14.6763437818304
1198.51356730917
-112.674544382928
-163.395002114634
-116.325860093876
633.238786752463
-347.632625084953
-131.609013472245
242.83098275797
1184.92102792303
112.456325079248
100.646302655136
-54.8517440145363
119.427996348449
-451.547313675442
1119.66953916478
-218.867199593186
367.411530053122
956.115300770919
-67.0479306089916
-92.5829506529205
-248.078289028594
641.144442873002
-653.000188752444
-7.89107568172159
-6.15010762087137
-265.697045972792
1505.93122092638
137.653821910905
-180.118181407481
-148.233466194293
1312.87863606918
-112.884485627014
75.6109904220111
-490.229368495411
-420.763969151506
246.989898026309
-100.362544081387
830.925592188778
43.2311005221941
-163.792898308529
-114.844642679283
944.230174389543
136.10853079029
-366.749130199159
751.832133087289
1086.444044302
-11.6613035979075
405.401194057552
688.72859456108
103.878087401888
-152.165097572992
15.6516930280302
43.0858617066599
-74.2649256471176
-121.139210718322
-92.470147720395
470.279459106429
-260.512147518161
-411.485716044027
-188.271818587316
376.136365340549
1256.44860024056
70.0648461216172
-547.934243050238
233.076338795679
370.62924030947
643.000133360094
435.095383923222
-563.658883323958
127.571584639825
-66.4003559653914
667.993509441935
-36.2318835729167
1087.61447708417
672.094292515709
-301.021806197758
86.3783579594735
662.564088182397
61.1958882546902
1200.9318919857
105.820567197342
957.987568921899
813.481865225433
-253.491223533702
-36.3433790524675
1086.30198311207
-41.5524098837687
20.1924511988806
795.120614225267
-175.272425435984
-112.587020948527
-12.3050288429719
631.342297112
-65.0338498839008
1106.86029772225
