8.89018180287854
9.2500505007996
7.11810201161518
8.32266055045872
6.79907162696745
5.3781373621749
7.06325814325393
9.29455517212355
6.84649524450805
8.97580759195355
7.73678057402577
8.9610748253514
6.88914148640689
7.82704233650367
8.45499957916002
6.6242277586062
9.38009342647925
7.80119602727044
6.91643211850854
7.92784193249727
7.69298964733608
9.86655079538761
8.69152175742784
5.88977779648178
7.54227169430183
7.88130376230959
10.4383848160929
9.29848076761215
7.62841259153271
8.35423028364616
8.00559633027524
8.03186011278513
7.19107903375138
8.63688325898494
8.60346519653228
8.41627893274978
9.6814148640687
7.66059170103529
8.61018516959854
6.92417894116659
8.35451645484389
7.78904890160763
7.50074657015404
10.4415865667873
10.2071652217827
9.34638582610893
8.21314451645486
5.30306624021549
7.32544146115649
7.9394369160845
7.71566787307466
7.23910866088713
5.33215806750275
8.33179446174566
8.1731007490952
8.41214460062284
6.81268327581853
5.61021210335832
8.44489605252085
7.72683191650535
5.00498022052017
8.99461408972309
8.45499957916002
7.9394369160845
8.85025587071797
6.88030047975761
7.99735459978118
7.19787980809696
6.55750946889992
7.65376062620993
7.38740594226076
7.03186011278513
7.71984597256125
6.89118508543052
9.48906068512753
6.50158825014731
7.68026007911791
7.32275481861797
5.1916143422271
5.52085935527313
6.15973823752211
6.54102937463176
6.3036015486912
8.47472855820217
8.45406699772747
8.83159750862723
6.68260331621917
7.9709123811127
8.18444322868447
7.69146115646831
7.00958589344333
7.70304267317567
5.97142748926859
7.0629147378167
6.61372359229023
7.9394369160845
6.77402659708778
8.61555845467555
7.35992004040065
8.62502903795976
7.49168672670652
6.45472350812221
7.66885363184917
6.08172796902619
6.5200648093595
6.19299806413602
7.54039306455687
5.13361249053111
7.2948144095615
6.29799259321607
7.11810201161518
7.17458883932329
5.95831748169346
5.56119939399042
5.48923912128609
5.99871475465028
5.89115478495077
5.36033751367731
6.71137867182898
5.45265970877873
6.60061358471509
7.25731588250147
6.5728886457369
6.42090480599276
7.27639171786888
6.6533027522936
6.03524703307804
6.166000336672
6.12512162275902
7.00064725191484
6.65428920124569
5.24521925763824
5.39312936621496
7.06804561905565
7.31491036108073
6.47829054793368
5.34400555508796
4.93165979294673
6.67938809864489
6.90070616951436
6.31482282636142
6.26532867603737
6.86021126167833
6.22810285329518
6.23947563336421
7.41258900765931
6.14699183570409
7.28417557444661
6.24027017927784
6.74304267317567
4.68171450214629
5.63349970541202
6.2732270010942
5.08715848834274
6.21174732766602
4.85908004376736
5.95951266728392
5.38723760626212
5.65374715933004
5.8393005639256
5.05490867772073
5.31637825098898
6.60800353505599
5.1916143422271
5.80830990657353
6.0204906994361
5.2981508290548
5.82768538001852
5.0437143338103
5.89778385657775
6.5951998989984
7.09615099739079
5.25612406363101
4.51743540106051
5.47960020200321
5.85775018937801
5.72624274051006
6.97476727548187
6.39715933002273
5.33752125241983
6.2573259826614
6.06661812978706
5.38266560053867
6.95574194091407
4.96541116067672
7.14896810032826
5.86288443733693
5.8709376315125
6.81282804477738
4.72890581600876
5.65566618971468
6.76422944196617
6.10909266896726
6.06604242067166
4.72215890918272
5.59977190472182
4.81174732766604
5.94499200404007
5.42047049911625
6.22701540274389
5.70116741015067
5.23465449036277
4.614003030048
5.85666273882671
4.82961451056309
5.60210840838315
4.14993098224056
5.1916143422271
5.2981508290548
6.2357991751536
4.53538675195691
4.89495581180037
4.99274219341808
5.20464354852285
4.69303341469575
5.09035687231716
5.26905226832758
5.37940998232472
5.49694217658447
5.13720478074237
4.45146452318829
5.68002777543978
4.7500252503998
5.34584041747328
5.00936032320513
4.57087534719301
6.22519400723846
5.61727548186181
4.88981146368153
4.52308812389529
5.75348287181214
5.89300984765592
5.0960870297113
4.5836756165306
4.87734786634121
6.28678478242574
5.3781373621749
5.1968899924249
6.14731840754146
5.0023137783015
4.02644306034847
4.7320132985439
5.3464396936285
5.47907499368742
4.85897904216819
4.82467216564262
5.43076256207391
5.08074152007407
4.92365709957076
5.41314114973488
4.18362511573102
4.26782341553741
5.07970457032238
4.37933254776536
5.23054372527565
4.70376315124992
4.05078781247371
4.77783435737734
5.73095951519232
4.86212019190305
4.76171786886627
4.33889150744886
4.8260255870718
4.59706842858347
5.23495749516036
4.60919872064642
4.74175995286592
4.86007995959937
4.6111009174312
4.92986196448112
4.71962040232305
4.61323205117415
5.20696321858429
4.89495581180037
4.69303341469575
5.0517877283057
4.98020789495834
4.24871054625032
4.45158235838736
4.43034508879725
4.74192492214462
4.69732261594143
4.23257722413939
3.99664422186686
4.82939230704486
4.56070111943441
4.87477232556182
4.51248295598015
4.93386162780911
4.49279101085767
5.00800353505599
5.10439272788486
4.71059759279524
5.38182728726539
3.84513845635891
6.11945543304435
5.55224055214208
4.15609544651124
4.70108660887132
4.56051931655585
3.85410403164718
5.18743624274052
4.1719122969447
4.11874168841007
3.87177594478581
4.74297870549617
4.70579328339366
4.45693207642455
4.10248716438011
4.21655500378756
3.68501725443986
5.20953875936371
4.44878124736977
4.36818197121454
3.66083410487335
4.58110680919114
5.64040821479674
4.38282383637741
4.47275566029796
5.1959372106725
3.48326656005386
3.89746738490027
4.63123053615016
4.63101843279185
4.53677384058582
3.98030552983755
4.6259245854726
4.2899764329602
4.60072805319419
4.73273714333811
4.27640855146873
5.7743902028449
3.65640686810875
3.9107019611144
4.52805740257554
4.2646014645232
4.50824088881407
4.23923659624612
4.66475970036194
4.06411665684706
4.95575540779396
3.85988468984092
4.8286886625705
4.67720983082233
4.46496843700027
4.61704654490364
3.94143338102853
4.42364868277082
4.65712734618299
4.07064472687486
3.66608618803133
4.00488931908089
4.27191734702467
4.12176163622593
4.14169935190642
3.77268327581854
4.11069186095446
4.03309906573523
4.08615520579076
4.24937042336504
3.74195858934434
5.00251914821985
3.94818028785457
4.80702045282385
3.53474370844205
4.63971467048228
3.67084336335327
3.8534508879724
3.98727800690179
4.42263530005891
3.61714081306289
3.46556434643549
4.58967174480264
4.33436326908509
4.11613248043093
3.70578654995373
3.97591869371266
3.69622843195017
4.46933170608534
3.45938641528491
4.35363437421094
3.68493308644054
4.29624189883006
3.69130965406953
3.68349549701205
4.52719888898241
3.92462334820303
4.42113374295093
4.30131217910952
4.08312852453497
4.23283309485734
4.52901355104791
4.31825014729401
3.65285497853716
3.36952529248381
3.71953960104369
4.61009090143929
4.11911876104705
3.77794545913645
4.09906657688748
3.85934938136521
3.80481188452151
3.72806750273546
3.51349633869205
3.81325561821396
3.43600454507197
4.0664262267486
3.72739415874085
3.6496633280027
3.76218584294253
3.20202760710379
3.68708778722331
3.45928204696574
3.62351064725192
3.84271105125831
3.77268327581854
4.13058244255535
3.666874000505
4.33405689756756
3.88209494150325
3.63329770221364
4.11047975759618
3.51980893864155
3.65875010521
3.91483629324131
3.50279690261763
4.30183402070534
3.50942260752461
4.01253514013973
3.32513508963893
3.59900765928793
3.83843531689251
3.12660634626715
4.43053699183571
3.48547176163623
4.16620570659038
3.84011867687906
3.70725443986197
3.94565861459475
3.75804141065566
3.34022809527818
4.26150744886795
3.75034845551721
3.45895547512836
3.92754566113965
3.47081979631344
3.5474396094605
3.67771147209831
4.00056645063549
3.58927447184581
3.50992424880062
3.49227926942177
3.63035518895717
3.36793956737648
3.75170187694638
3.1208997559128
3.00950172544398
4.11063125999496
3.65097971551216
3.71080632943355
3.43675869034593
3.66842269169263
3.69030300479758
3.61709031226329
3.68299385573604
3.7959776113122
3.31685632522516
3.38047723255619
3.19223381870214
3.39424375052604
3.47955643464357
3.17314788317483
3.69130965406953
3.63411581516709
3.53322868445417
3.28460314788319
3.75063462671494
3.62955727632354
3.73816092921473
3.16539096035689
3.66649019442809
3.58909266896725
3.65513088123896
3.09746065146032
3.85520831579834
3.48617203939062
3.44482535140139
3.59737480010102
4.04765339617879
3.35390707852875
3.56007827623938
3.54107987543136
3.34727127346184
3.62730830738155
3.49299974749601
3.6496633280027
3.51349633869205
3.37761888729906
3.22250736469994
3.55197121454424
3.17695901018433
3.53554162107568
3.20384900260922
3.31771820553826
3.37897230872824
3.44278511909772
3.44804056897567
3.57604662907164
3.24396683780827
3.48787896641699
3.76316555845469
2.87299133069607
3.21795219257638
3.44647167746822
3.46562831411498
3.31558370507534
3.57786802457707
3.25950088376399
3.15156047470754
3.34172291894623
3.68500715427996
3.3885775608114
3.36281205285752
3.3671147209831
3.192748926858
3.08002440871982
3.5156375725949
3.1208997559128
3.44993939904049
3.12373116741017
3.43600454507197
3.08179193670568
3.34080717111354
3.23958000168338
3.56520242403838
3.22928120528576
3.42725443986197
3.90976264624192
3.13060264287518
2.97548438683614
3.30501220435991
3.12136436326909
3.51848581769212
3.10595151923241
3.47779900681761
4.13843026681258
2.77778385657774
3.51639845130882
3.33896220856832
2.8595278175238
3.26545997811633
3.32694301826447
3.1370768453834
3.11993014056057
3.18413685716692
3.19195774766433
3.6028154195775
2.80898998400809
2.82023146199816
3.24443144516457
3.0291128692871
3.08516539011868
3.32513508963893
3.12373116741017
2.9865777291474
3.76944449120444
2.87548607019613
2.95509216395928
3.15314619981484
3.08179193670568
3.21795219257638
3.26438936116489
2.72007154279945
2.96572763235417
2.85709704570323
3.13060264287518
3.07844205033248
3.15131807086945
3.66924753808604
2.92683191650536
2.89130965406952
3.0298030468816
3.47408214796735
2.63288359565695
3.32415200740678
3.60115562663077
3.62078697079372
2.90699520242404
3.54803888561568
2.82820385489438
3.06476980052184
3.26539264371687
3.22437926100497
3.13961198552312
3.12630334146959
3.06873579665012
3.09753471929972
2.99103189967175
3.41810706169514
3.04406783940746
3.58779311505765
3.0604132648767
2.58985354768117
2.81558202171536
3.27200488174398
3.04109839239123
2.9211488931908
3.11571164043431
3.37434980220522
2.89481777628146
3.05521168251832
3.24555256291558
2.89824846393401
2.95371517549029
2.92670398114637
2.64856914401145
2.80093005639256
3.21574699099403
3.04569733187444
3.02612995539096
3.06235586230116
3.22864489521083
3.52009510983925
2.75043262351656
2.96871727969028
3.08202760710378
3.16700698594394
2.4962014981904
3.18570574867437
3.02602895379178
2.87567460651462
2.97630923322953
2.99591027691272
2.58789411665686
3.35419661644644
3.05691524282469
3.17879387256966
3.03716269674271
2.91213281710296
2.92365373285077
3.4060138035519
2.76586903459307
3.08329349381367
3.2781020116152
2.45368319165055
3.05848076761217
2.82552057907586
3.05892517464861
2.82941924080464
2.57052184159582
2.67514939819881
3.00433381028535
2.46668209746656
2.99357377325143
2.76605757091156
2.89715091322279
2.9460760878714
2.68245854726035
2.71652975338776
3.12705412002359
3.12880481440956
2.72662991330697
2.81496591196029
2.93551805403587
2.69044440703647
2.89306034845552
2.7449145694807
3.04067755239458
2.79367814157058
2.66981314704151
2.6504646073563
2.28428330948574
2.90898493392814
2.85029963807762
2.42764161265887
2.63288359565695
2.90577981651376
2.67676542378589
3.12847487585222
2.92684538338526
2.95509216395928
2.44299385573606
2.72979799680164
2.53064977695482
2.79502146283983
2.99170861038633
2.96146536486827
2.81731924922144
2.85917431192661
3.04639760962883
2.63193081390457
2.71019358639845
2.77290211261678
3.15012288527902
2.35089723087282
2.92049238279606
2.77576382459389
2.3705252083158
3.04232051174145
2.6984639340123
2.56844457537244
2.47059422607526
2.56403753892772
2.87364784109081
2.58684706674524
2.68677804898579
2.34547007827624
2.68063041831496
2.53534635131723
2.52438094436496
2.43309233229527
2.31867435401062
2.97581432539349
2.50160845046713
2.50515360659878
2.8038624694891
2.86876946384984
2.50932833936537
2.46668209746656
2.63288359565695
2.77705327834357
2.78833515697332
2.35089723087282
2.75043262351656
2.88631007490952
2.15169514350646
2.16949835872401
3.15046965743625
2.70736554162107
2.37724518138205
2.45569985691441
2.87460735628315
2.28428330948574
2.63193081390457
2.48727632354181
2.63763403753893
2.94001935863986
2.18935863984512
2.63820637993436
2.61789495833685
2.77576382459389
2.6504646073563
2.71091406447269
2.75950593384397
2.58459473108326
2.68147883174817
2.54872232977021
2.54660129618719
2.63804814409562
2.81445417052439
2.56894621664844
2.35081979631346
2.62298543893613
2.32142833094858
2.84078192071374
2.44542126083664
2.14475296692197
2.12546839491625
2.60537412675703
2.34996801616026
2.3458639845131
2.48845467553238
2.28454928036362
2.3248623853211
2.23380271020957
2.41702971130377
2.40567039811464
2.7618996717448
2.15575540779398
2.56317229189463
2.08884184832928
2.42507953875938
2.51362764077098
2.25261594141907
2.29843700025251
2.23086019695313
2.79891002440874
2.20428667620573
2.47619981483041
2.48370423365037
2.32197373958422
2.52963976096288
2.35801111017591
2.3267881491457
2.29149819038801
2.91743540106052
2.3602365120781
2.41531268411751
2.20641780994868
2.48838397441293
2.14434896052521
2.40765339617877
2.64672754818619
2.53014813567881
2.40997643296021
2.40036108071712
2.10216732598266
2.53307718205539
2.46474286676207
2.62497180372023
2.05480767612156
2.36816513761468
2.26011699351906
2.49862216985102
2.16605757091153
2.27129113710967
2.1587248548102
2.13155879134754
2.44134752966923
1.96630670818956
2.3309898156721
2.12087618887298
2.35855651881155
2.1247613837219
2.32324299301408
2.4778124736975
2.01835283225319
2.28323289285413
2.03937463176501
2.28428330948574
2.42641612658869
1.99816597929467
2.4034517296524
2.45574699099404
2.32746149314031
2.25080801279356
2.23682939146536
2.21813062873497
2.10221109334231
2.33435653564516
2.17063631007491
2.29021883679826
2.22627135762983
2.11984933928122
2.53404343068766
2.31076592879387
2.18237942934098
2.26493140308057
2.30684033330527
2.49748758522011
2.20695985186433
2.20198047302415
2.28454928036362
2.26253429845974
2.42297197205622
2.10286087029712
2.58828465617373
2.35415284908677
2.16949835872401
2.12546839491625
2.13091238111272
2.1861636225907
2.20641780994868
2.19404848076761
2.17175742782595
2.05480767612156
2.13164632606683
2.06296523861627
2.04565356451477
2.02148051510815
2.22072636983421
2.26783014897737
2.18508963891929
2.13978368824175
2.15567460651462
2.18547007827624
2.29721151418232
2.33743371770055
1.85726538170189
2.17953791768372
2.1458269505934
2.17003366719973
2.08402070532784
2.31445585388437
1.99351653901186
2.04823247201415
2.14945290800438
2.0542757343658
1.87602137867182
2.41784445753726
2.2113130207895
2.10996128272032
2.17386836124905
1.9149642286003
2.17814072889487
2.01835283225319
2.1247613837219
2.2365364868277
1.92673764834612
2.36233061190137
2.08867351233062
2.13051847487586
1.94538591027691
2.2045122464439
2.18625789074994
1.99472519148222
2.10087113879302
2.64356619813148
1.94232219510144
2.43797407625621
2.04010184327919
2.04110849255113
1.85509721403923
2.16684538338524
2.09822489689421
1.59029795471761
2.59445585388437
1.91981230536152
2.10232892854137
2.07590354347278
1.96143169766856
2.12853884353169
1.87226748590186
2.14961787728308
2.23028448783774
2.02378671828973
1.8955382543557
2.03193754734451
2.14806918609546
2.18375305108998
1.80949499200403
2.08692281794461
2.09541368571669
2.18266896725865
2.04489605252084
2.05886120696911
2.06153774934771
1.8326142580591
2.08821900513425
1.94100244087198
2.10609292147126
2.27430435148557
1.86858766097131
1.98939230704488
2.17706001178354
1.77462250652303
1.88296692197628
2.20132059590944
2.10753387761974
2.06453413012375
2.20316892517465
2.15979547176164
1.88382880228937
2.02019779479843
2.03937463176501
2.02909603568725
1.98091490615269
2.05846056729231
2.14473276660215
1.79859355273126
2.00153606598772
1.89232640350139
1.66232219510144
1.8559489941924
1.8652647083579
1.91938136520497
1.82124821143003
1.9681752377746
1.8500505007996
1.85025587071797
2.12242488006061
2.01413433212693
2.07165810958674
1.88837050753304
1.71404848076762
1.89554498779566
1.99545913643632
1.7880254187358
1.96982829728137
1.9073520747412
2.09771652217827
1.88807423617541
1.95909856072723
1.97189883006482
2.11292736301658
1.96444154532446
1.8326142580591
1.95157057486745
1.9088266980894
1.99339197037287
1.83934096456528
1.91296103021631
2.05567628987458
2.06903543472774
1.69455180540359
2.00415874084675
1.90471593300228
1.82781331537751
1.8972990489016
2.04460314788318
2.02909603568725
1.85713407962294
1.93779395673766
1.76011867687905
2.17855483545156
1.8513500547092
1.68927278848582
1.74567544819462
2.08427994276576
1.70996801616027
1.91044272367645
1.90055803383555
1.86660802962714
1.95552647083579
1.78425469236598
1.6993123474455
1.62519400723846
2.01038043935696
1.75034172207728
2.01721151418232
1.63527733355778
1.89851780153185
1.66600538675198
1.96662654658701
1.63030805487753
1.7872275061022
1.72451561316387
1.84767696321859
1.80849844289202
1.91761047049911
1.67424375052605
1.62676963218584
1.79883932328929
1.88731672418146
1.74045029879642
1.86152764918779
1.82869876273043
2.01155879134754
1.88702718626379
2.18716353842271
1.78441292820472
1.64430014308562
1.82740594226075
1.86585051763319
1.83888309064895
1.61564598939484
1.98762814577898
1.94479336756166
1.64977442976181
1.63615941419073
2.06005302583958
1.57902617624779
1.85025587071797
1.79849928457202
1.7506009595152
1.88743119266056
1.96274135173809
1.77980388856159
1.87713239626294
1.82301910613586
1.62676963218584
1.71946216648431
1.7519510142244
1.69240383806078
1.69204359902366
1.6292239710462
1.60051258311591
1.88325309317398
1.66175321942598
1.6958513593132
2.08789243329687
1.47089723087282
1.73091238111272
1.65005386751957
1.57296608029628
1.67810537833518
1.80355946469155
1.64482535140141
1.83100496591197
1.58596498611229
1.72486575204107
1.90727464018181
1.71840501641276
1.83491372780071
1.70193838902449
1.65992845720058
1.76937042336505
1.57748085178017
1.75191734702466
1.64384900260922
1.81859860281122
1.66192155542464
1.7872275061022
1.70477316724183
1.68433381028532
1.64923912128609
1.70672923154618
1.55622674859021
1.68092668967259
1.75785624105717
1.42720730578236
1.72649524450804
1.62676963218584
1.61564598939484
1.72252588165981
1.79108576719133
1.92546839491627
1.64407793956738
1.81902954296777
1.63849928457202
1.66273630165813
1.67267822573859
1.55281289453751
1.52438431108493
1.52553236259575
1.50255786549954
1.6226891675785
1.6703989563168
1.61564598939484
1.64384900260922
1.57296608029628
1.49810032825519
1.56566703139467
1.76909435232724
1.60555592963556
1.70989394832085
1.50646999410824
1.71785287433718
1.72792946721657
1.80425974244594
1.54572931571417
1.47644221866847
1.70569228179446
1.52215890918274
1.4803509805572
1.65531605083748
1.52941755744467
1.47213955054289
1.78672249810623
1.57807339449542
1.78330527733357
1.65559548859525
1.41553488763572
1.56068428583453
1.66132901270939
1.64749516034004
1.71845551721236
1.81046460735629
1.49441040316472
1.56105462503157
1.72763656257891
1.50861122801112
1.58293493813653
1.73691860954466
1.56318575877452
1.76369413349045
1.63164800942681
1.66600538675198
1.67738153354097
1.55392727884859
1.47612574699099
1.5770768453834
1.55486659372107
1.38959094352327
1.43761047049912
1.63764750441882
1.58658446258733
1.46755744465955
1.22760794545914
1.766501977948
1.47837134921303
1.53064304351486
1.54682686642539
1.55979547176165
1.45331958589344
1.44544482787646
1.54904216816766
1.56232724518139
1.43266812557866
1.61220183486239
1.67847235081223
1.42280700277755
1.51371854221026
1.60787896641696
1.67989310664086
1.63370507533037
1.36082905479338
1.42720730578236
1.54517380691863
1.52597340291223
1.53912044440705
1.49898240888814
1.57892517464862
1.5257882333137
1.40325645989395
1.69917767864658
1.64418567460652
1.60485565188117
1.46094183991247
1.49402323036782
1.54964144432287
1.64180203686558
1.47154027438768
1.55377577644981
1.58244003030049
1.57844373369247
1.38586735123306
1.56068428583453
1.47644221866847
1.49827876441378
1.64274135173807
1.39657352074741
1.54436916084506
1.4109022809528
1.2439735712482
1.59285666189714
1.66285750357716
1.31807171113545
1.48109165895127
1.40764329601885
1.33453833852371
1.55239542126085
1.31825688073394
1.57330611901355
1.44893948320851
1.48830653985357
1.4551376146789
1.50528490867774
1.5302255702382
1.41831243161351
1.44306119013552
1.39417978284658
1.38586735123306
1.42782004881744
1.55110933423114
1.42422102516625
1.43090733103276
1.47328423533372
1.22337597845299
1.521876104705
1.36089638919285
1.76681844962545
1.37196953118425
1.65145442302838
1.58162191734704
1.3590985607272
1.27461408972309
1.38897146704824
1.51657352074741
1.46716353842271
1.56754566113963
1.46881323120951
1.47814241225487
1.47925006312602
1.47962376904303
1.46668883090649
1.36695648514436
1.43226075246193
1.44259658277923
1.4563260668294
1.38512667283899
1.36080548775357
1.41977695480179
1.43090733103276
1.33329265213368
1.31262772493898
1.20307465701541
1.47684285834526
1.36855231041159
1.46758437841933
1.46517044019865
1.37776028953792
1.45239037118088
1.51959683528324
1.3406994360744
1.41728894874169
1.44989226496088
1.42032236343744
1.36949499200404
1.34856746065148
1.46061526807509
1.28614847235082
1.45488847740089
1.42133574614931
1.43851611817189
1.35033498863731
1.51093089807256
1.30733860786131
1.41750441881996
1.36695648514436
1.3849381365205
1.34220099318239
1.44544819459642
1.26645989394834
1.35738153354094
1.35186347950511
1.48008837639929
1.39699099402407
1.39782257385744
1.37253177341975
1.39272199309823
1.2516395926269
1.38007322615942
1.25945711640435
1.52872737985018
1.35873832169011
1.28856577729147
1.43258732429931
1.39077266223381
1.35267485901861
1.21032657183738
1.23851948489184
1.29819459641445
1.40371096709032
1.33515781499875
1.32394327076847
1.35738153354094
1.45168335998653
1.12919535392643
1.35400134668799
1.45067671071459
1.15983587240132
1.39874842185003
1.30769548017844
1.22436916084504
1.33957831832339
1.58774598097804
1.23651291978791
1.38702550290381
1.39197458126421
1.27380607692956
1.36548859523609
1.34698510226411
1.18211009174311
1.36527985859777
1.36661644642709
1.31078612911372
1.333999663328
1.34092837303257
1.29701287770391
1.19909182728728
1.25739668378083
1.25908004376737
1.36971719552227
1.29035013887722
1.35226075246192
1.27349970541201
1.26356114805151
1.57153859102769
1.23204191566367
1.30589091827289
1.32488931908088
1.19399797996803
1.3085506270516
1.41134668798924
1.28030047975761
1.26738574194093
1.47209241646325
1.47948573352411
1.17835619897315
1.08859944449122
1.34190472182476
1.16687231714502
1.31277586061779
1.37487164380104
1.2611876104705
1.09730241562158
1.18713323794293
1.29588165979294
1.28182223718542
1.14868192913056
1.13132985438938
1.17710377914318
1.3703501388772
1.17213450046293
1.23851948489184
1.26356114805151
1.30776618129786
1.33351148893192
1.17515108155879
1.17015486911876
1.33462250652303
1.26018096119856
1.30642959346858
1.17890834104875
1.21399292988806
1.31767443817861
1.17459893948322
1.25374379261007
1.25588165979295
1.10682686642539
1.2516395926269
1.19399797996803
1.28067081895463
1.27186011278513
1.17798249305613
1.33984092248127
1.26861459473108
1.22337597845299
1.39804814409561
1.15642538506862
1.13111101759111
1.19225401902199
1.24106135847151
1.42933843952531
1.18330191061358
1.10334231125327
1.31920629576635
1.24094352327245
1.25621833179025
1.15840838313275
1.26994444912046
1.11131470414949
1.13277081053783
1.27692702634459
1.30614005555088
1.16293325477653
1.20334399461325
1.14707263698344
1.0908618803131
1.16610807171114
1.0884647756923
1.20740762562076
1.17828549785372
1.21909014392728
1.10334231125327
1.22337597845299
1.19477569228181
1.25515781499874
1.23148977358809
1.16802373537581
1.11470835788234
1.08279185253767
1.19524029963807
1.31206884942347
1.1882644558539
1.00087282215301
1.1667376483461
1.17798249305613
1.29077097887384
1.05317145021465
1.13132985438938
1.07045619055637
1.12525292483798
1.11417304940662
1.21484471004126
1.11477905900176
1.23486322700111
1.14108324215135
1.26629155794967
1.08683528322533
1.10980304688158
1.23264455853885
1.1704242067166
1.06330527733357
1.32775439777797
1.18403922228768
1.26436579412507
1.13117835199057
1.27357713997139
1.13644390202845
1.00753219425974
1.19419661644645
1.13874673849003
1.26359481525125
1.00608787139132
1.11820637993435
1.12724938978201
1.03322700109419
1.09170019358641
1.06947984176418
1.15103189967175
1.1195901018433
1.16447857924419
1.12574446595406
1.14670229778639
1.08072131975425
1.15915916168674
1.05045450719638
1.17643716858851
1.13298291389614
1.19077602895379
1.16610807171114
1.18562494739501
0.973258984933949
1.06814662065483
1.17590186011279
1.13132985438938
1.11123053615017
1.21083831327331
1.10702886962378
1.14389445332884
1.01178772830571
1.13908677720733
0.929622927363027
1.27201498190388
1.15320343405438
1.13623179867017
1.08884858176921
1.14110344247118
1.13264624189884
1.08683528322533
1.17135005470919
0.989550542883592
1.12357966501136
1.13813399545492
1.13553825435571
1.08226327750191
1.12923575456611
1.09673680666612
0.995334567797329
1.06329517717364
1.10453413012374
0.949870381281045
1.09666273882669
1.1494630081643
0.991762477905894
1.06942934096458
1.22300227253598
0.999122127767038
1.08163033414695
1.05122548607019
1.02646662738829
1.04800690177595
1.0304258900766
1.10705243666359
1.1244752125242
1.16147209830822
1.08103442471173
1.0529122127767
1.00087282215301
1.12539769379683
0.933070448615439
1.10475970036194
1.08258311589935
1.08282215301742
1.0520132985439
1.27206211598352
0.957836040737305
1.10228852790169
1.13316808349467
1.02657099570743
1.03552310411581
0.955374968437013
0.908873832169007
1.23197794798418
1.01231967006146
1.04776449793789
1.11254692365964
0.95742530090061
1.19612574699102
1.03271862637826
1.04233061190135
0.96047554919619
1.12919535392643
1.00917178688664
1.04025334567797
1.0317894116657
1.22500883763993
0.89293241309656
1.0450744886794
0.983217742614272
1.00676458210589
0.949688578402487
1.04025334567797
0.908695396010444
0.941366046629071
1.09711387930309
1.06310664085515
0.857066745223477
0.984473529164205
1.06992088208065
0.948564093931481
0.980470499116251
1.18676289874591
1.0305504587156
1.01849423449207
1.01559548859524
0.970831579833344
1.04169766854642
1.14237942934096
1.01646746906826
0.989550542883592
0.895285750357715
0.948079286255364
1.0512120191903
1.03421345004631
0.991762477905894
1.02716017170272
0.954536655163707
1.01994865752042
0.923448362932419
1.02963134416297
0.965225991078199
1.13118508543053
0.939265213365871
1.01425216732599
1.01976685464186
1.06901186768792
1.00917178688664
1.00337429509301
0.952038548943705
0.883010689335919
0.97581095867352
0.921805403585552
0.96086608871309
0.980500799596001
1.01223213534215
1.08213197542295
1.02384731924923
0.940507533035941
0.983217742614272
0.953688241730504
0.886710714586314
0.976396767948842
1.00917178688664
0.984975170440208
0.879404932244768
1.04768032993857
0.796533120107739
0.969707095362338
0.902093258143253
0.953166400134677
0.947783014897738
0.976837808265316
0.865557612995559
1.037125662823
0.830738995034096
0.995829475633371
0.861480515108155
0.987887383216901
1.00337429509301
0.971868529585066
0.893164716774692
0.937447184580435
0.86415705748675
0.899524450803824
1.09602306203183
0.970831579833344
0.948564093931481
0.921559633027528
0.990079117919379
1.08918525376652
0.836893359144852
0.952762393737913
0.934615773083067
1.10125831158993
0.880653985354769
0.985934685632543
0.949870381281045
0.965225991078199
0.92167073478663
1.05094604831243
0.848831748169346
1.077627304099
0.949833347361334
0.989638077602905
0.88511825603905
0.962421513340644
1.03229778638163
1.00371433381028
0.92648177762814
0.850353505597184
0.927350391381196
0.927434559380544
0.884976853800197
1.06032236343742
0.919367898325078
0.889912465280702
0.893356619813147
0.924556013803567
0.904433128524545
0.835139298038882
0.950304688157559
1.02442976180456
0.894504671323972
0.911570574867454
0.996287349549704
0.765448194596416
0.892043599023651
0.937787223297704
0.858373032573013
0.803357461493135
0.957078528743381
0.836354683949168
0.973881828128953
0.806683780826546
0.866820132985453
0.872321353421427
0.961283561989745
0.893834694049332
0.817534719299744
0.873455938052359
0.941904721824756
0.851326487669382
0.891619392307064
0.931400555508816
0.947665179698674
0.889811463681525
0.885629997474979
0.893164716774692
0.727276323541787
0.895285750357715
0.98539601043683
0.868032152175743
0.776531436747746
0.881310495749517
1.02130207894959
0.874331285245347
0.852474539180207
0.844512246443912
0.797105462503168
0.885636730914911
0.884185674606528
0.808532110091761
0.821470414948237
0.798846056729246
0.817692955138455
0.831597508627226
0.876691355946463
0.781517549027853
0.9743127682855
0.740622001515021
0.776477569228177
0.897581853379364
0.806781415705757
0.87177594478581
0.71796734281628
0.858373032573013
0.845064388519489
0.884771483881849
0.75075582863397
0.888464775692285
0.828153354094781
0.866833599865345
0.854104031647182
0.870718794714264
0.778591869371269
0.789311505765511
0.876751956905991
0.852582274219344
1.01088544735293
0.965889234912908
0.854558538843548
0.865268075077864
0.775649356114826
0.842539348539702
0.892531773419762
0.927414359060691
0.811124484471009
0.796960693544321
0.900965406952281
0.845559296355532
0.741153943270774
0.891164885110697
0.886158572510737
0.894625873243001
0.938053194175581
0.77911034424713
0.898339365373289
0.896248632270016
0.760738153354112
0.789893948320866
0.817581853379352
0.764054372527568
0.770346772157239
0.702312094941504
0.796546586987631
0.858827539769379
0.824736133322119
0.787614678899104
0.783167241814681
0.79418314956655
0.760431781836559
0.898403333052784
0.72673091490617
0.8289142328087
0.846953118424381
0.768532110091741
0.903136941334907
0.838165979294672
0.800182644558532
0.741153943270774
0.792775860617809
0.739500883764009
0.802222876862231
0.809053951687588
0.848185337934524
0.775319417557455
0.860369497517041
0.788698762730405
0.773787559969719
0.778113795135084
0.789072468647419
0.729033751367751
0.781514182307887
0.757674438178611
0.765040821479687
0.851649692786822
0.839509300563947
0.741487248548111
0.834486154364129
0.822591532699278
0.77260584125915
0.810329938557373
0.778908341048748
0.831530174227765
0.832102516623195
0.8696380776029
0.773460988132314
0.809875431361007
0.816056729231548
0.709021967847832
0.716738490026103
0.722923154616609
0.756735123306129
0.727276323541787
0.751153101590774
0.736275566029803
0.834819459641466
0.743217742614263
0.681990573184095
0.861443481188473
0.686350475549204
0.772178267822568
0.783611648851121
0.773157983334755
0.749601043683185
0.751065566871489
0.833873411329023
0.835853042673193
0.821248211430031
0.68890581600877
0.742396262940844
0.767437926100513
0.668267822573853
0.745466711556276
0.789223971046226
0.727464859860277
0.697477485060176
0.860652301994776
0.724619981483045
0.760633785034941
0.748516959851884
0.799765171281877
0.769824930561413
0.748560727211526
0.772791010857674
0.773905395168754
0.749271105125843
0.903271610133828
0.675947310832441
0.639014392727887
0.825773083073813
0.80510815587914
0.803229526134174
0.755412002356707
0.815201582358384
0.685855567713162
0.784928036360583
0.717135762982934
0.694137698846902
0.716610554667113
0.663726117330185
0.765545829475627
0.773487921892098
0.747806581937567
0.740904805992756
0.727276323541787
0.661419914148638
0.726417809948657
0.718532951771749
0.67405184748759
0.765289958757677
0.706483460988153
0.717556602979556
0.734807676121534
0.730228936958184
0.777022977863822
0.738676037370595
0.697635720898916
0.699723087282223
0.768905816008754
0.75027438767782
0.691279353589778
0.713371770053044
0.712981230536144
0.701130376230964
0.617642454338863
0.721152259910781
0.730235670398116
0.65766938809864
0.813262351653918
0.664305193165575
0.879994108240055
0.731198552310417
0.72908761888732
0.754344752125263
0.688794714249639
0.73240047134081
0.767902533456777
0.710358555677146
0.767973234576232
0.760162444238716
0.728559043851533
0.586069354431459
0.782978705496191
0.727781331537756
0.734097298207217
0.681835704065321
0.727397525460816
0.72589596835283
0.668550627051616
0.653659624610725
0.651400555508815
0.680034508879743
0.70135931318913
0.670193586398455
0.634641023482885
0.594792525881672
0.612245602222032
0.669109502567125
0.657117246023063
0.699383048564954
0.617773756417819
0.726411076508725
0.666985102264135
0.671449372948416
0.726993519064052
0.69852116825183
0.613558623011528
0.783153774934789
0.752866762057067
0.71366130797071
0.660285329517734
0.739962124400307
0.732198468142428
0.704625031563012
0.609781163201745
0.721576466627397
0.725710798754335
0.713287602053697
0.763458463092348
0.633375136772997
0.611589091827284
0.778130628734971
0.722650450298801
0.653747159330038
0.696817607945462
0.746934601464517
0.598708021210342
0.640101843279183
0.686919451224639
0.706271357629845
0.699430182644562
0.655645989394827
0.648633111690941
0.714418819964664
0.75250988973994
0.645350559717201
0.595159498358726
0.69642033498863
0.679280363605756
0.664392727884859
0.674600622843201
0.677357966501148
0.692841511657264
0.683475296692194
0.58012036023905
0.683381028532949
0.570178436158585
0.655969194512267
0.635472603316231
0.607545661139653
0.670732261594139
0.619204612406378
0.660904805992772
0.650794545913641
0.702308728221539
0.626981735544149
0.665557612995542
0.628345257133248
0.625029037959763
0.768511909771917
0.61857166905142
0.530922481272626
0.670691860954463
0.586160255870738
0.725370760037038
0.620214628398287
0.563020789495852
0.688855315209167
0.652376904300979
0.686980052184168
0.623557781331556
0.63995370760037
0.617888224896888
0.567528827539775
0.583005639255958
0.653447521252417
0.577046544903624
0.728377240973003
0.616137530510912
0.663961787728311
0.638280447773752
0.618612069691125
0.626772998905835
0.606182139550555
0.643101590775188
0.694905311000753
0.568118003535062
0.685316892517477
0.624773167241813
0.599293830485664
0.606438010268505
0.609622927363034
0.603933170608542
0.553290968773666
0.656262099149899
0.632637825098897
0.602801952697604
0.598829223129371
0.583668883090667
0.576571837387434
0.596543220267648
0.62014392727886
0.574390202844882
0.569417557444666
0.674822826361435
0.477256964901954
0.506665263866694
0.480583284235337
0.686111438431112
0.681384563588921
0.582036023903726
0.730329938557361
0.551799511825607
0.65522178267824
0.565165390118693
0.577474118340206
0.631728810706164
0.591806245265559
0.64846814241227
0.596553320427574
0.685138456358914
0.537056645063558
0.646097971551228
0.593085598855311
0.57507701371938
0.6736377409309
0.563411329012723
0.673735375810111
0.584382627724949
0.644091406447274
0.680650618634814
0.672004881743959
0.578743371770059
0.574555172123553
0.621450214628396
0.541194343910462
0.562731251578157
0.557351233061183
0.550584125915321
0.604714249642285
0.461430014308576
0.638118845215047
0.620948573352422
0.483717700530264
0.507214039222305
0.580830738153367
0.586850433465202
0.585668714754661
0.513317902533458
0.642781752377743
0.552439188620497
0.553035098055716
0.619810622001523
0.608757680329944
0.576504502987973
0.531040316471689
0.616962376904297
0.565340459557291
0.605656931234762
0.531511657267913
0.590042083999663
0.465793283393651
0.544369160845065
0.50214375894285
0.510843363353274
0.566700614426395
0.599536234323722
0.583062873495493
0.530922481272626
0.552415621580678
0.540419998316651
0.528027102095791
0.666557528827553
0.486478410908177
0.468469825772246
0.576046629071641
0.583604915411172
0.509015234407883
0.525259658277918
0.574891844120884
0.60605757091156
0.634880060600977
0.491831495665366
0.531208652470326
0.647683696658532
0.558984092248124
0.456218331790268
0.565495328676036
0.559640602642872
0.567639929298878
0.491057150071555
0.417073478663411
0.512883595656945
0.614417136604658
0.503924753808604
0.529747496002017
0.617581853379363
0.491117751031055
0.543103274135177
0.541965322784279
0.497167746822669
0.523677299890579
0.554297618045638
0.485155289958755
0.475573604915411
0.536036528911723
0.491255786549971
0.550405689756758
0.483717700530264
0.528027102095791
0.588506859691961
0.494043430687668
0.461430014308576
0.500598434475222
0.480438515276489
0.525259658277918
0.502137025502918
0.565340459557291
0.548173554414632
0.559078360407369
0.577214880902289
0.60739752546084
0.504638498442887
0.537265381701872
0.516677889066585
0.488636478410911
0.410430940156573
0.503520747411841
0.448397441292826
0.525569396515465
0.562502314619991
0.482020873663828
0.532932413096546
0.605020621159838
0.484596414443246
0.562175742782614
0.523242993014065
0.426698931066426
0.443185758774518
0.460834104873328
0.584079622927362
0.541382880228952
0.461608450467139
0.475856409393145
0.454625873243003
0.488993350728066
0.513530005891766
0.490757511993934
0.444997054120023
0.584022388687828
0.480165810958681
0.523219425974247
0.567262856661898
0.440361080717111
0.512462755660295
0.471876946384981
0.493595656931234
0.476775523945804
0.461430014308576
0.488303173133573
0.479788738321702
0.412713576298302
0.508405858092772
0.386399292988813
0.51132143758943
0.484152007406777
0.439627135763004
0.519209662486332
0.420568133995459
0.462093258143256
0.410430940156573
0.439438599444486
0.483724433970224
0.471866846225083
0.462702634458395
0.518627219930977
0.501961956064321
0.450767612153868
0.470419156636666
0.486071037791447
0.501123642791015
0.535575288275396
0.454036697247716
0.489043851527668
0.4809266896726
0.475236932918108
0.489488258564108
0.478391549532887
0.470957831832351
0.440361080717111
0.453171450214626
0.450733944954123
0.486943018264469
0.442812052857505
0.428180287854559
0.453269085093865
0.502961871896304
0.377262014981909
0.445922902112613
0.403667199730677
0.444054372527575
0.501275145189794
0.446744381786061
0.41008753471931
0.413578823331363
0.462766602137862
0.440313946637502
0.425904385152762
0.516166147630685
0.454322868445416
0.415427152596578
0.464423028364621
0.452740510058078
0.390419156636654
0.458480767612173
0.458719804730237
0.464187357966495
0.468119686895051
0.497524619139824
0.400054709199566
0.453858261089152
0.52113205959094
0.456120696911029
0.482502314619978
0.45473360828214
0.533656257890755
0.475519737395842
0.365481861796155
0.439546334483623
0.38672586482619
0.424816934601466
0.484451645484398
0.501268411749862
0.446454843868366
0.493949162528423
0.424079622927366
0.420086693039309
0.382318828381443
0.420864405353086
0.450242403838075
0.385274808517806
0.399815672081473
0.408070869455429
0.412713576298302
0.410430940156573
0.385661981314712
0.495841259153281
0.39855988553154
0.374090564767272
0.464904469320771
0.372474539180217
0.430870297113046
0.471132901270948
0.42366888309067
0.456524703307821
0.369582526723349
0.441936705664517
0.440361080717111
0.435247033078042
0.363290127093677
0.437724938978221
0.401189293830498
0.508224055214214
0.405030721319775
0.425429677636572
0.44898998400808
0.339911623600727
0.453821227169442
0.430526891675783
0.443768201329874
0.401148893190822
0.452545240299656
0.47040232303678
0.435890076592898
0.432600791179198
0.435135931318911
0.426698931066426
0.444229441966172
0.438135678814916
0.415198215638412
0.448569144011458
0.391395505428846
0.426005386751967
0.448124736975018
0.417073478663411
0.432779227337761
0.411366888309061
0.384197458126437
0.376602137867195
0.386416126588671
0.317866341217069
0.47790000841681
0.441903038464773
0.401374463429022
0.336699772746414
0.382998905816009
0.401047891591617
0.42496507028028
0.355974244592204
0.424571164043442
0.410935948152513
0.357075162023392
0.375013046039896
0.386146788990828
0.389075835367407
0.398920124568633
0.435536570995708
0.356698089386413
0.382510731419927
0.359603568723173
0.418904974328768
0.420968773672257
0.382318828381443
0.380345930477233
0.339551384563606
0.480270179277852
0.375901860112805
0.381157309990755
0.388870465449031
0.377884858176941
0.392422355020642
0.391466206548273
0.414730241562154
0.434731924922147
0.393530005891762
0.417049911623621
0.38672586482619
0.411474623348198
0.339911623600727
0.395775608113809
0.419460483124311
0.39377240972982
0.390001683359998
0.372474539180217
0.41038043935697
0.386271357629823
0.375174648598602
0.35684285834526
0.332107566703144
0.409441124484488
0.369471424964246
0.401808770305536
0.379376315125
0.392863395337088
0.384197458126437
0.362209409982341
0.421174143590605
0.361374463429001
0.375292483797665
0.362243077182058
0.330292904637673
0.418352832253191
0.342928204696591
0.322105041663178
0.325939735712495
0.338915074488682
0.366323541789427
0.368774513929822
0.363229526134177
0.361896305024828
0.3652899587577
0.365390960356876
0.457285582021711
0.321694301826454
0.36015571079875
0.346540695227674
0.425695648514449
0.394866593721076
0.370373705917018
0.361175826950614
0.358984092248136
0.34896810032825
0.365030721319755
0.387015402743884
0.383625115731007
0.38240299638079
0.361293662149649
0.360462082316303
0.381392980388853
0.403387761972908
0.355014729399898
0.397536402659711
0.348392391212855
0.323811968689512
0.431452739668373
0.382945038296441
0.337497685380015
0.348809864489539
0.348419324972639
0.388318323373454
0.346443060348463
0.348584294251339
0.341211177510331
0.383995454928055
0.356984260584142
0.300749936874013
0.358438683612491
0.301699351906422
0.363620065651048
0.332107566703144
0.352647925258822
0.336262099149906
0.306062620991497
0.304975170440201
0.336349633869219
0.379672586482627
0.297376483460994
0.374174732766619
0.37210419998317
0.36844457537245
0.291427489268585
0.371589091827303
0.334269000925843
0.408515276491897
0.325640097634874
0.380113626799101
0.325892601632859
0.3815377493477
0.34311000757512
0.356856325225152
0.366242740510074
0.328148304014832
0.356075246191409
0.347927783856591
0.374683107482554
0.330720478074255
0.338399966332815
0.324077939567388
0.385500378756007
0.314977695480195
0.349681844962561
0.360899755912811
0.349136436326916
0.327437926100515
0.395065230199492
0.337649187778823
0.314506354683942
0.368532110091763
0.354745391802055
0.289585893443331
0.312540190219693
0.330555508795555
0.339440282804475
0.359213029206302
0.313439104452499
0.323939904048501
0.291632859186933
0.342268327581849
0.323370928373038
0.344271525965837
0.338874673849006
0.325498695396021
0.290111101759123
0.330070701119439
0.375861459473128
0.283566198131467
0.33084504671325
0.338399966332815
0.333642791010874
0.306729231546171
0.331999831664007
0.327926100496597
0.305493645316062
0.337198047302422
0.354179782846558
0.291814662065491
0.329848497601233
0.335013046039904
0.322640350138897
0.351166568470688
0.330811379513506
0.306422860028619
0.35374884269001
0.283441629492472
0.34524787475803
0.347422775860622
0.3201388771989
0.293858261089127
0.35639171786886
0.29018180287855
0.331316387509474
0.314977695480195
0.340143927278859
0.335699856914403
0.353142833094864
0.31593047723257
0.312348287181209
0.339325814325406
0.30595488595236
0.31354347277167
0.346358892349144
0.277421934180637
0.28457284740341
0.271752377745997
0.350116151839075
0.335972561232239
0.267968184496254
0.298538001851711
0.323185758774514
0.301837387425309
0.306503661307971
0.275681339954559
0.301046208231639
0.337467384900265
0.335342984597276
0.303231209494157
0.33801279353591
0.300477232556176
0.299686053362507
0.292107566703152
0.309927615520593
0.298746738490024
0.344513929803895
0.300419998316642
0.280536150155712
0.336817607945477
0.279782004881753
0.331430855988572
0.329141486406883
0.344197458126416
0.335447352916418
0.337453918020373
0.318169346014656
0.302524198299807
0.284970120360242
0.315526470835806
0.254615773083088
0.327639929298897
0.322946721656422
0.289175153606607
0.313213534214299
0.327953034256382
0.287461493140313
0.267705580338372
0.342291894621667
0.317078528743366
0.283886036528912
0.255885026512914
0.280536150155712
0.290168335998658
0.302460230620312
0.289282888645744
0.277408467300745
0.279199562326397
0.296225065230203
0.25637656762899
0.264362427405104
0.270550458715604
0.282694217658445
0.282626883258985
0.326054204191564
0.297376483460994
0.243438262772514
0.302746401818041
0.290111101759123
0.296289032909698
0.333939062368501
0.26415369076679
0.240287012877701
0.271627809106974
0.289141486406862
0.294986112280128
0.292676542378587
0.25563925595489
0.282573015739416
0.271435906068518
0.289585893443331
0.290195269758442
0.312348287181209
0.27664422186686
0.305631680834949
0.281610133827115
0.301194343910453
0.301046208231639
0.267409308980746
0.332922312936631
0.312536823499727
0.289030384647759
0.269833347361327
0.28979799680161
0.298541368571676
0.284404511404773
0.28607103779143
0.271779311505782
0.314664590522682
0.293632690850956
0.294753808601968
0.241360996549133
0.297363016581102
0.262965238616289
0.249205454086365
0.277166063462687
0.276977527144197
0.265422944196615
0.285643464354848
0.240287012877701
0.276496086188047
0.287717363858263
0.268220688494239
0.304029122127787
0.245909435232733
0.317357966501135
0.296827708105383
0.237873074657017
0.253622590691037
0.280717953034269
0.230375389277015
0.285724265634201
0.240266812557877
0.30959094352329
0.287222456022221
0.248313273293491
0.241458631428344
0.258332631933342
0.264254692365967
0.240775187273812
0.281495665348046
0.242478747580179
0.28457284740341
0.246710714586328
0.303453413012392
0.262739668378089
0.291686726706502
0.269712145442298
0.258938641528488
0.268968100328266
0.249117919367052
0.268715596330281
0.286545745307649
0.28298375557614
0.256322700109422
0.253834694049317
0.275263866677903
0.275866509553083
0.296689672586496
0.261103442471182
0.250818112953453
0.253790926689675
0.256221698510245
0.271755744465963
0.296837808265309
0.249902365120789
0.257329349381365
0.221086608871303
0.246508711387946
0.233678141570579
0.246508711387946
0.256457368908343
0.224352327245185
0.240808854473528
0.240364447437088
0.266611396347116
0.242795219257658
0.287976601296208
0.231829812305364
0.254878377240971
0.238731588250147
0.258137362174921
0.274839659961287
0.25965911960273
0.282394579580853
0.260992340712079
0.256709872906328
0.251555424627554
0.267136604662909
0.217958926016337
0.277341132901284
0.248114636815103
0.255386751956905
0.258201329854387
0.256353000589172
0.24515192323878
0.242855820217159
0.226052520831587
0.249676794882589
0.242953455096369
0.267018769463846
0.243428162612588
0.245909435232733
0.248313273293491
0.255928793872584
0.223941587408461
0.283906236848765
0.239297197205616
0.265894284992839
0.25481104284151
0.246969952024244
0.254669640602657
0.250922481272625
0.23856325225151
0.220598434475221
0.207865499537093
0.252286002861723
0.216787307465722
0.21855146873159
0.281125326150999
0.220480599276158
0.225473444996226
0.253572089891435
0.231829812305364
0.219531184243749
0.263847319249237
0.239388098644895
0.238182812894536
0.272287686221716
0.255299217237621
0.224790000841693
0.23576214123392
0.221918188704649
0.214437336924505
0.267348708021217
0.212609207979142
0.26175995286593
0.239815672081477
0.250316471677479
0.23183991246529
0.212952613416377
0.257325982661399
0.237145863142842
0.240098476559211
0.238543051931657
0.238553152091583
0.259265213365893
0.214252167325981
0.27074909519402
0.242371012541042
0.239819038801443
0.213026681255798
0.253794293409641
0.258342732093269
0.240061442639529
0.23811884521507
0.243290127093672
0.22875263025
0.255504587155968
0.23053025839576
0.222345762141231
0.246744381786044
0.235967511152268
0.206633280026949
0.222409729820725
0.228395757932844
0.216787307465722
0.236331116909355
0.19448952108408
0.237876441376983
0.246458210588344
0.234691524282482
0.217955559296371
0.238233313694138
0.212168167662668
0.24537749347698
0.207862132817098
0.237421934180645
0.219265213365873
0.231479673428169
0.264938136520499
0.200058075919543
0.226092921471263
0.245023987879819
0.202034340543719
0.219733187442131
0.220090059759286
0.231028532951768
0.217884858176916
0.230883763992949
0.223049406615615
0.209316555845476
0.214295934685651
0.241542799427663
0.225880818112955
0.231533540947737
0.213777459809791
0.218800606009609
0.224540863563675
0.22090817271274
0.223793451729648
0.22072636983421
0.242286844541724
0.225837050753313
0.229661644642704
0.228914232808705
0.234826193081403
0.225136772998923
0.216598771147204
0.240586650955322
0.219308980725543
0.232004881743961
0.190058917599544
0.203350728053209
0.210851780153206
0.225463344836299
0.208323373453425
0.23869118761047
0.229274471845798
0.227894116656842
0.203529164211773
0.190776028953792
0.19605504587156
0.228018685295865
0.192725359818212
0.238708021210357
0.223988721488098
0.210986448952127
0.237947142496438
0.230796229273636
0.192408888140733
0.206629913306955
0.225850517633205
0.213181550374543
0.220281962797742
0.209215554246271
0.20198047302415
0.209791263361666
0.212275902701805
0.222480430940152
0.232934096456546
0.214033330527741
0.229722245602233
0.226103021631189
0.229681844962556
0.212521673259829
0.209639760962887
0.22425805908594
0.21215133406281
0.218171029374645
0.213824593889399
0.235048396599609
0.211929130544576
0.229345172965253
0.227375641781009
0.20348539685213
0.198812389529508
0.218982408888138
0.220487332716118
0.189739079202099
0.202838986617309
0.19404511404764
0.198472350812239
0.193997979968032
0.183332211093358
0.210814746233496
0.210040400639684
0.233284235333741
0.225029037959786
0.187853716017173
0.208387341132919
0.198819122969468
0.199798838481627
0.202273377661811
0.178389866172893
0.25825183065399
0.212999747496013
0.201879471424974
0.202835619897314
0.23072552815421
0.186045787391635
0.198458883932346
0.198290547933681
0.217312515781515
0.213777459809791
0.195108997559146
0.197462334820301
0.200748253514007
0.210292904637669
0.189829980641377
0.198128945374975
0.19233482030134
0.220611901355113
0.223625115731011
0.19755323625958
0.222110091743133
0.212107566703139
0.204835451561337
0.212797744297632
0.222069691103457
0.193024997895805
0.205259658277924
0.216019695311843
0.188513593131887
0.198953791768389
0.213686558370512
0.227365541621083
0.201189293830481
0.223571248211442
0.194008080127929
0.186045787391635
0.197432034340551
0.194540021883682
0.201586566787313
0.182554498779581
0.177393317060847
0.202835619897314
0.205323625957419
0.172615941419082
0.224352327245185
0.198304014813573
0.193997979968032
0.194832926521343
0.20889908256882
0.196502819627995
0.177258648261926
0.209094352327242
0.192166484302675
0.195731840754149
0.201394663748857
0.213578823331375
0.180487332716098
0.229466374884282
0.19532446763742
0.176901775944799
0.215790758353677
0.166522178267826
0.194957495160338
0.181497348708035
0.207104620823173
0.202219510142243
0.214481104284147
0.214228600286191
0.18967847824257
0.19710209578318
0.180325730157392
0.217538086019715
0.183002272535987
0.192280952781772
0.156910192744732
0.190119518559044
0.198179446174578
0.189829980641377
0.20013551047893
0.189237437926096
0.17916757848667
0.233678141570579
0.19334483629325
0.181823920545412
0.208441208652488
0.181440114468472
0.179824088881418
0.179797155121634
0.213962629408314
0.184449962124404
0.168070869455448
0.176036528911709
0.182214460062283
0.176403501388791
0.177376483460989
0.197263698341885
0.180760037033934
0.177184580422534
0.164727716522179
0.181477148388183
0.206528911707778
0.185086272199328
0.204007238447957
0.179362848245091
0.217894958336842
0.194297618045624
0.197004460903969
0.196391717868863
0.186725864826201
0.204630081642961
0.168730746570162
0.189439441124478
0.194637656762893
0.170562242235519
0.18143338102854
0.160519316555849
0.208774513929825
0.164182307886563
0.213602390371193
0.186500294588001
0.18340627893275
0.170138035518903
0.194620823163035
0.191072300311419
0.180325730157392
0.183332211093358
0.188607861291132
0.18945964144433
0.196826024745405
0.177299048901602
0.190254187357965
0.172228768622176
0.179564851443502
0.188244255534045
0.180645568554837
0.178231630334153
0.175824425553401
0.16107482535142
0.179362848245091
0.177814157057497
0.172659708778724
0.191122801111021
0.160573184075417
0.179046376567641
0.165603063715196
0.16760289537919
0.18117077687063
0.17085514687318
0.177043178183652
0.17745055130041
0.171107650871136
0.171424122548615
0.159879639760959
0.209821563841444
0.170595909435235
0.186618129787064
0.188257722413937
0.179709620402321
0.163886036528908
0.160960356872323
0.149594310243259
0.166842016665271
0.165855567713152
0.192923996296628
0.202623516539006
0.157630670818975
0.201687568386518
0.176113963471096
0.168377240973001
0.175329517717358
0.196842858345263
0.163818702129447
0.176595404427246
0.158704654490379
0.180443565356455
0.176036528911709
0.16744465954045
0.177666021378684
0.179362848245091
0.155475970036207
0.183335577813324
0.178325898493398
0.170868613753072
0.18685380018519
0.176989310664084
0.171275986869802
0.173962629408294
0.15846225065232
0.158216480094268
0.17196953118426
0.167619728979048
0.18022136183825
0.158694554330452
0.16460651460315
0.173777459809799
0.17088544735293
0.160839154953294
0.171858429425129
0.149213870886285
0.157293998821643
0.176053362511567
0.152594057739265
0.160448615436422
0.172282636141745
0.19013635215893
0.157169430182648
0.164535813483724
0.151109334231137
0.180174227758613
0.161408130628729
0.163933170608544
0.190358555677136
0.143224476054201
0.166060937631528
0.158142412254875
0.164912886120703
0.168602811211173
0.187257806581954
0.16237774598099
0.164727716522179
0.224328760205367
0.154401986364803
0.168171871054625
0.174814409561492
0.170437673596496
0.167387425300916
0.164616614763077
0.16894284992847
0.160199478158404
0.130518474875856
0.158001010015994
0.179665853042678
0.165704065314372
0.176056729231561
0.151496507028043
0.164061105967505
0.159078360407392
0.152594057739265
0.14963134416297
0.158489184412105
0.158219846814262
0.155509637235923
0.16304772325563
0.154230283646172
0.142820469657437
0.183207642454335
0.163404595572757
0.165788233313691
0.147900850096789
0.161717868866276
0.159364531605092
0.151429172628582
0.169481525124155
0.161690935106492
0.153984513088119
0.168966416968289
0.148873832169016
0.169003450887971
0.142642033498873
0.164737816682106
0.150486491036105
0.144325393485417
0.164562747243508
0.152610891339123
0.152829728137363
0.15323036781416
0.163037623095704
0.169686895042503
0.155496170356031
0.153051931655597
0.134753808601971
0.164003871727971
0.160839154953294
0.154317818365456
0.167650029458798
0.163933170608544
0.141089975591285
0.161522599107826
0.140716269674272
0.169973066240232
0.183217742614261
0.148116320175063
0.158081811295347
0.157293998821643
0.163044356535664
0.149998316640023
0.147466543220276
0.1562267485902
0.138716438010277
0.139958757680347
0.156129113710961
0.143453413012367
0.155270600117831
0.121357629829134
0.15848581769211
0.146517128187867
0.145436411076503
0.156418651628655
0.15450298796398
0.150493224476065
0.151789411665703
0.159701203602395
0.151789411665703
0.150903964312789
0.174023230367823
0.160748253514015
0.15294419661646
0.155486070196105
0.128673512330607
0.156102179951176
0.164269842605847
0.13156889150747
0.157357966501138
0.137184580422542
0.155987711472108
0.150466290716281
0.152028448783767
0.153876778048982
0.147483376820134
0.151856746065164
0.155792441713658
0.145668714754663
0.171006649271959
0.145261341637905
0.149560643043515
0.145530679235776
0.161313862469484
0.135134247958945
0.147705580338368
0.175622422355019
0.158078444575381
0.147180372022575
0.169757596161958
0.140315629997474
0.153822910529414
0.137602053699197
0.159637235922901
0.131498190388015
0.136464102348299
0.144483629324128
0.125768032993875
0.138948741688409
0.136319333389451
0.142460230620316
0.142998905816029
0.146769632185851
0.159327497685382
0.150510058075923
0.155977611312181
0.147574278259412
0.153597340291242
0.145860617793119
0.156092079791279
0.13615436411078
0.13025923743794
0.144318660045457
0.141406447268764
0.147180372022575
0.15603147883175
0.145668714754663
0.131767527985858
0.144284992845741
0.151856746065164
0.139790421681681
0.151169935190637
0.153866677889084
0.140177594478587
0.146624863227004
0.142520831579844
0.110415789916686
0.140147293998837
0.139295513845639
0.156489352748082
0.139329181045383
0.133915495328694
0.144234492046138
0.14159835030722
0.137336082821321
0.143490446932077
0.134366635805065
0.146496927868043
0.149779479841783
0.15252335661981
0.139948657520421
0.13726874842186
0.10429172628568
0.1296498611228
0.139335914485315
0.134905311000779
0.141392980388872
0.133912128608699
0.130235670398122
0.156236848750126
0.144227758606178
0.12151923238784
0.134639340122902
0.138948741688409
0.156405184748763
0.128774513929812
0.131397188788839
0.140756670313948
0.13531941755744
0.144365794125093
0.134447437084418
0.13656847066747
0.141820553825454
0.141837387425312
0.123141991414883
0.122929888056575
0.13312094941503
0.131649692786823
0.131326487669384
0.148412591532718
0.134023230367831
0.160108576719125
0.130279437757764
0.126434643548521
0.14052099991585
0.145190640518479
0.142759868697937
0.150725528154197
0.135009679319921
0.143005639255961
0.153873411329016
0.127747664338017
0.128427741772583
0.143406278932758
0.137093678983263
0.161758269505953
0.131272620149815
0.126363942429094
0.142527565019776
0.137080212103371
0.118916757848666
0.122919787896649
0.130996549112041
0.136491036108083
0.127525460819811
0.130831579833341
0.132430771820566
0.130205369918372
0.13704991162362
0.127306624021543
0.121832337345353
0.133915495328694
0.1322018348624
0.132376904300997
0.120388014476902
0.123781668209745
0.132720309738232
0.123256459893952
0.104160424206725
0.120731419914165
0.110984765592121
0.127081053783371
0.123081390455354
0.121357629829134
0.136002861711972
0.129461324804311
0.122697584378415
0.111856746065143
0.120808854473523
0.151058833431534
0.138787139129704
0.121536065987726
0.130518474875856
0.128242572174059
0.135948994192404
0.128272872653838
0.13373032573017
0.12764666273884
0.130983082232149
0.131797828465636
0.113284235333737
0.139191145526468
0.12435737732514
0.132124400303013
0.13092248127262
0.129673428162619
0.124246275566037
0.135299217237616
0.131259153269923
0.116371517549027
0.110816429593484
0.132225401902218
0.120297113037623
0.131952697584381
0.120694385994454
0.134053530847581
0.111365204949095
0.127269590101861
0.123451729652402
0.128458042252333
0.124044272367655
0.113927278848593
0.130791179193665
0.125333726117333
0.128804814409563
0.121286928709708
0.112489689420102
0.111254103189964
0.13723844794211
0.123781668209745
0.128272872653838
0.129171786886644
0.117310832421509
0.121263361669889
0.110617793115068
0.12872401313021
0.122674017338625
0.106847066745217
0.10429172628568
0.115580338355358
0.127464859860282
0.12151923238784
0.129158320006752
0.115422102516618
0.138851106809199
0.123330527733373
0.124845551721251
0.116371517549027
0.124667115562659
0.125054288359564
0.100154027438776
0.126013803551899
0.12550879555593
0.119182728726543
0.124330443565356
0.136427068428588
0.12398030468816
0.118405016412765
0.118667620570676
0.117381533540964
0.115920377072655
0.13051510815589
0.104625031563018
0.105890918272877
0.119095194007258
0.113216900934276
0.122892854136865
0.121660634626721
0.111930813904564
0.113348203013231
0.117597003619238
0.114432286844561
0.105130039558958
0.113583873411329
0.128077602895388
0.102658867098739
0.115920377072655
0.118667620570676
0.115758774513949
0.110984765592121
0.113260668293918
0.116987627304098
0.115290800437691
0.118283814493736
0.100164127598703
0.10993098224057
0.121532699267732
0.121455264708374
0.109341806245283
0.115280700277765
0.123795135089637
0.110486491036113
0.112075582863412
0.111745644306041
0.121411497348703
0.110075751199389
0.11544230283647
0.124694049322443
0.114317818365464
0.116381617708953
0.109314872485498
0.121162360070713
0.0996658530426942
0.132080632943371
0.117283898661725
0.101776786465791
0.109106135847156
0.129723928962221
0.110429256796579
0.106857166905144
0.10906573520748
0.10907246864744
0.111796145105643
0.097935358976514
0.104752966921978
0.108143253934855
0.117243498022049
0.096726706506189
0.120138877198883
0.0988814072889568
0.113270768453845
0.107284740341726
0.110530258395755
0.106032320511758
0.10907246864744
0.113960946048309
0.11342563757259
0.108516959851869
0.108931066408559
0.103416379092664
0.11718963050248
0.108803131049569
0.102359229021147
0.121993939904058
0.103264876693885
0.100039558959679
0.112947563336434
0.10403585556773
0.113668041410676
0.106126588671003
0.110846730073234
0.109106135847156
0.11127093678985
0.10906573520748
0.114452487164385
0.11164800942683
0.110419156636652
0.109910781920718
0.102328928541368
0.0933465196532381
0.115809275313524
0.110075751199389
0.112038548943701
0.104625031563018
0.10514350643885
0.111671576466648
0.110011783519923
0.104039222287696
0.108617961451074
0.115974244592223
0.0985952360912563
0.11011951855906
0.100877872232985
0.105055971719565
0.0982821311337432
0.105877451392985
0.0971071458631627
0.107971551216224
0.100551300395608
0.106961535224315
0.112102516623196
0.106146788990827
0.102662233818705
0.0973495497012209
0.10211682518306
0.114590522683272
0.0923701708610452
0.12194007238449
0.113947479168417
0.100399797996801
0.0996086188031313
0.108042252335679
0.102769968857842
0.106645063546836
0.104005555087952
0.0971643801026971
0.0966055045871599
0.0987972392896381
0.111311337429527
0.104645231882841
0.0924072047807556
0.10922397104622
0.102204359902373
0.099103610807191
0.0954439861964431
0.107244339702049
0.102436663580505
0.107459809780323
0.104258059085936
0.100207894958345
0.10734197458126
0.0971004124232024
0.100160760878708
0.103837219089314
0.101470414948238
0.0941444322868392
0.102790169177695
0.115654406194778
0.100571500715432
0.105093005639276
0.100675869034603
0.106746065146041
0.100709536234319
0.103978621328167
0.102429930140573
0.101089975591293
0.0977973234576268
0.102009090143923
0.101039474791691
0.0986827708105409
0.0923701708610452
0.100026092079787
0.0989824088881619
0.0999082568807523
0.100689335914495
0.0964001346688121
0.102153859102771
0.1003391970373
0.102436663580505
0.092979547176185
0.104237858766112
0.100396431276835
0.0946831074825525
0.0927135762983085
0.108123053615031
0.0952520831579875
0.101157309990754
0.101352579749175
0.0899932665600716
0.0967300732261549
0.103248043094027
0.0945551721235631
0.0984269000925906
0.100965406952298
0.102716101338274
0.0958883932329115
0.101571416547444
0.0971879471425154
0.104938136520502
0.101817187105468
0.0984100664927325
0.0985683023314721
0.103120107735037
0.0980902280952876
0.0968647420250761
0.0997129871223024
0.104685632522518
0.101776786465791
0.0974202508206474
0.101211177510322
0.0979555592963663
0.0996086188031313
0.0921479673428109
0.0978713912970477
0.099120444407049
0.0981070616951456
0.0964775692281989
0.103278343573777
0.0987097045703251
0.0942757343657945
0.0966088713071258
0.0963496338692096
0.0982316303341406
0.0987299048901775
0.0962115983503224
0.0993056140055728
0.098995875768054
0.093652891170791
0.0997904216816892
0.0951207810790322
0.0982551973739589
0.0934677215722672
0.0986053362511541
0.0845863142833139
0.0950770137193899
0.0961543641107596
0.095178015318595
0.0958075919535588
0.0930199478158613
0.0920671660634582
0.0997634879219049
0.0962351653901123
0.0947033078023765
0.0969724770642415
0.0986053362511541
0.0977400892180924
0.102514098139892
0.0889731504082079
0.0922220351822318
0.0985784024913698
0.0919459641444291
0.0952588165979478
0.102211093342305
0.0929761804561906
0.0928112111775192
0.0969792105041734
0.0970196111438497
0.0939996633280202
0.0961812978705439
0.0964742025082046
0.0980733944954295
0.099228179446186
0.0923129366215107
0.095430519316551
0.088754313609968
0.101685885026512
0.0906800774345697
0.0946831074825525
0.0989319080885593
0.0937808265297519
0.0973293493813685
0.0972687484218682
0.0895791600033817
0.0937505260500018
0.0939424290884574
0.0934104873327328
0.0941848329265156
0.0859027017927758
0.0982114300143166
0.0922725359818344
0.0941612658867257
0.0932522514939933
0.0975549196195686
0.0979925932160768
0.0893771568049999
0.0949962124400372
0.0937808265297519
0.0953025839575901
0.0920099318239238
0.0912827203097493
0.0961610975507199
0.0949760121202132
0.0930603484555377
0.0899461324804349
0.0926866425385242
0.0933869202929145
0.0863504755492102
0.0987467384900356
0.0933936537328464
0.0964977695480229
0.0954204191566532
0.0926024745391771
0.0944306034845681
0.0972754818618
0.0968647420250761
0.0850206211598561
0.0903097382375222
0.0936966585304333
0.0983191650534536
0.0994066156047495
0.0901043683191745
0.0867746822657978
0.101497348708023
0.0855222624358305
0.0931849170945327
0.0864144432287048
0.0884580422523413
0.0900202003198558
0.0974640181802897
0.0924038380607897
0.0948985775608264
0.0916429593468706
0.0922826361417322
0.0904073731167614
0.0902929046376642
0.0921951014224476
0.0899932665600716
0.0920099318239238
0.0927943775776612
0.0933094857335277
0.0946124063630975
0.086693880986445
0.0872392896220902
0.0902356703981297
0.0968613753051102
0.0904410403164775
0.0945282383637789
0.096514603147881
0.086889150744895
0.0887475801700361
0.091363521589102
0.0917708947058316
0.0913231209494256
0.0910638835115094
0.0947437084420528
0.0945046713239606
0.0867612153859056
0.0907878124737067
0.0854279942765857
0.0930031142159748
0.0899393990405031
0.0890337513677366
0.0920435990236683
0.0881887046544989
0.0961846645905382
0.0883166400134883
0.085273125157812
0.0886162780910809
0.0954944869960457
0.0813845635889265
0.0930233145358272
0.0871719552226295
0.0872796902617665
0.087777964817775
0.0894343910445343
0.0881887046544989
0.0864144432287048
0.0897239289622291
0.0838052352495708
0.0909022809527755
0.0864481104284209
0.0926462418988478
0.0916968268664391
0.0896128272030978
0.0866804141065529
0.0901144684791007
0.0895791600033817
0.0889798838481681
0.084172207726624
0.0876365625789219
0.0819266055046057
0.0889091827287416
0.0937707263698542
0.0877106304183144
0.0893165558454712
0.0862730409898234
0.0947773756417973
0.0855222624358305
0.086889150744895
0.0881550374547544
0.086872317145037
0.0861350054709362
0.090599276155217
0.0930401481356853
0.089710462082337
0.0924745391802162
0.0845021462839952
0.0868150829054741
0.0908888140728834
0.0811084925511523
0.0986154364110803
0.0934912886120856
0.0842361754061187
0.082610049659138
0.081206127430363
0.0905521420755804
0.0870271862637821
0.0848724854810143
0.0933465196532381
0.0890775187273789
0.0824585472603303
0.0910975507112255
0.0852630249979143
0.0847546502819796
0.0842934096456531
0.0813980304688187
0.0815023987879897
0.0834685632522678
0.0853337261173408
0.0843708442050399
0.087885699856912
0.0844280784445743
0.0864582105883471
0.0789638919282822
0.083519064051842
0.0813071290295397
0.0888485817692128
0.0887442134500418
0.0862898745896814
0.0889765171282022
0.0880170019358673
0.0830140560559016
0.0843607440451137
0.0893300227253633
0.0869059843447531
0.0833810285329548
0.084350643885216
0.0872965238616246
0.0878385657773038
0.0905319417557564
0.0888990825688154
0.0842361754061187
0.085700698594394
0.0811084925511523
0.0864144432287048
0.0870271862637821
0.0893535897651816
0.086872317145037
0.0890775187273789
0.0858252672334174
0.0885152764918757
0.084279942765761
0.0849835872401457
0.0888351148893207
0.0851182560390669
0.0834584630923416
0.0887004460903995
0.0812162275902892
0.0861888729905047
0.0810175911118733
0.0850946889992485
0.0808761888729919
0.0845055130039611
0.0846368150829164
0.0828760205369861
0.0882392054541015
0.0769169261846798
0.0846300816429562
0.0806034845551835
0.0786204864910474
0.0887442134500418
0.0879597676963328
0.0872190893022662
0.0786070196111552
0.0797820048817641
0.0839062368487475
0.0837042336503657
0.0856097971551151
0.0835527312515865
0.0906262099150013
0.0833709283730286
0.0838557360491734
0.0829399882164807
0.0813239626294262
0.0840914064472713
0.0815697331874503
0.0818357040653268
0.0796944701624511
0.0782838144937443
0.0833810285329548
0.0809233229526285
0.0870204528238503
0.0827076845383488
0.0862393737900788
0.0845560138035637
0.082307044861551
0.0782939146536421
0.0906868108745016
0.0825999494992118
0.0802196784782439
0.0809031226327761
0.0800648093594987
0.0870675869034585
0.0847277165221954
0.081084925511334
0.0862292736301811
0.0829635552562991
0.0858522009932017
0.0852495581180222
0.0859161686726679
0.0909662486322702
0.0786339533709395
0.0737757764497928
0.0847613837219114
0.085912801952702
0.0808930224728499
0.0850509216396063
0.0820141402238903
0.0815124989479159
0.0802600791179202
0.0823878461409038
0.0787753556097925
0.082307044861551
0.0772434980220567
0.0788729904890317
0.0793207642454377
0.0811488931908286
0.0783949162528472
0.0842698426058348
0.0789706253682425
0.0781053783351524
0.0862696742698574
0.0803947479168414
0.0767216564262299
0.0817885699856902
0.0805900176752914
0.0837749347698207
0.0814518979883871
0.078492551132058
0.0818121370255085
0.0786070196111552
0.0813306960693581
0.0806977527144284
0.0818895715848953
0.0834146957326993
0.0807145863142864
0.0796776365625931
0.0807112195943205
0.0807179530342523
0.0834719299722337
0.0817077687063374
0.0819434391044638
0.0797618045619117
0.0819097719047193
0.0815023987879897
0.082610049659138
0.0820713744634247
0.0773377661813015
0.0803038464775625
0.0809233229526285
0.0848758522010087
0.0788022893695768
0.0784420503324839
0.0809872906320948
0.0787181213702581
0.0816034003871664
0.0776946384984569
0.074442387004467
0.0787551552899686
0.080320680077449
0.0788494234492134
0.0752874337177047
0.0814417978284609
0.0751998989984202
0.0785464186516265
0.079913306960691
0.0823609123811195
0.079768538001872
0.0785666189714789
0.0776710714586386
0.0793173975254717
0.0763378503493186
0.0768327581853328
0.0851249894789987
0.0777586061779516
0.0776576045787465
0.0779067418567649
0.0836840333305418
0.0801456106388514
0.0782400471340736
0.0785935527312631
0.0796204023230302
0.0829063210167647
0.0782939146536421
0.0782669808938579
0.078936958168498
0.0785262183318025
0.0747790590017701
0.0832530931739939
0.0817481693460138
0.0829029542967703
0.0753850685969155
0.0787349549701162
0.0774219341806202
0.076378250988995
0.0768125578655088
0.0817549027859741
0.0783040148135683
0.0787080212103319
0.0797517044019855
0.0808256880733893
0.0798325056813383
0.0813037623095738
0.0778394074573043
0.0737589428499348
0.0798426058412645
0.0772502314620169
0.0804654490362964
0.0805866509553255
0.0756746065146103
0.0757049069943605
0.078243413854068
0.0808627219930997
0.0767822573857586
0.0796944701624511
0.0736175406110533
0.0768866257049012
0.0777417725780651
0.08042504839662
0.0791658951266925
0.0782669808938579
0.0787652554498948
0.0782400471340736
0.0814653648682793
0.0807381533541047
0.0708702971130322
0.0795901018432801
0.0841688410066581
0.0801220435990331
0.076182981230545
0.0830342563757256
0.0770852621833171
0.0753850685969155
0.0789470583284242
0.0768192913054406
0.0828053194175595
0.0719914148640726
0.0758395757932817
0.0786676205706556
0.0758294756333839
0.0782501472939998
0.0783814493729551
0.075065230199499
0.0807112195943205
0.074782425721736
0.0763176500294662
0.0797988384816222
0.077603737059178
0.0817852032657242
0.0773781668209779
0.0784824509721602
0.0787955559296449
0.0793106640855115
0.077179530342562
0.0781020116151865
0.0760887130713002
0.0782972813736365
0.0759001767528105
0.0751224644390334
0.0787147546502922
0.0783174816934604
0.0763210167494321
0.0728297281373784
0.0754355693965181
0.0770919956232774
0.0805395168756888
0.0794554330443589
0.0748396599612988
0.0805159498358705
0.0721395505428859
0.0755635047555074
0.075546671155621
0.0738700446090377
0.0764186516286713
0.0770280279437827
0.0810781920713737
0.0752099991583179
0.081209494150329
0.0779942765760495
0.0752234660382101
0.0760112785119134
0.0771727969026301
0.0729273630165892
0.0770987290632092
0.0779033751367706
0.0725065230199675
0.0825561821395695
0.0766913559464797
0.0768327581853328
0.0753716017170234
0.0724358219005126
0.0787181213702581
0.0740383806077034
0.0784252167325974
0.074782425721736
0.0730451982156524
0.0757049069943605
0.0733650366130973
0.0777821732177415
0.0814922986280635
0.0702844878377391
0.0751998989984202
0.0734559380523478
0.0721698510226361
0.0937202255702516
0.0723920545408703
0.0742201834862328
0.0729845972561236
0.0764691524282455
0.0773882669809041
0.0706615604747185
0.0782972813736365
0.0766610554667295
0.0733717700530292
0.0739171786886743
0.0778225738574179
0.0749002609207992
0.0752537665179887
0.0808223213534234
0.0710992340712266
0.0767889908256905
0.0752099991583179
0.0705504587156156
0.0747218247622357
0.0725031562999732
0.0733919703728816
0.0730956990152549
0.0719779479841804
0.0745534887635699
0.0748295598013726
0.0709039643127767
0.0736242740510136
0.072792694217668
0.0784285834525917
0.0733381028533131
0.0747150913222754
0.071031899671766
0.0720621159834991
0.0716109755071273
0.077263698341909
0.0758193754734577
0.0744154532446828
0.0822296103021642
0.0699983166400102
0.0735165390118766
0.0689883006481011
0.0742706842858354
0.0731428330948631
0.0733650366130973
0.073129366214971
0.079485733524109
0.0757049069943605
0.0752908004376707
0.0695640097634964
0.0727421934180654
0.0741764161265905
0.0792870970457216
0.0714022388687852
0.077371433381046
0.0720419156636751
0.0701969531184261
0.0759809780321632
0.0710958673512323
0.0727354599781336
0.072668125578673
0.067449709620405
0.0738262772493954
0.0743952529248588
0.0721025166231755
0.070287854557705
0.0722977863816254
0.0727253598182074
0.0725233566198256
0.0689007659287881
0.0743885194848986
0.0713483713492167
0.0741999831664089
0.07105209999159
0.0753514013971994
0.0817852032657242
0.0723718542210463
0.0708702971130322
0.0710453665516582
0.0673554414611601
0.071031899671766
0.0721799511825623
0.0708298964733558
0.0728566618971627
0.0697525460819861
0.0701969531184261
0.0724358219005126
0.0723550206211598
0.0761594141907267
0.0725368234997177
0.0691398030468804
0.073873411329032
0.0754490362764102
0.0676146788990764
0.0706548270347582
0.0745568554835643
0.0709241646326007
0.0787585220099345
0.0681398872148975
0.0743649524450802
0.0693687400050464
0.0746107230031328
0.0721328171029541
0.0704023230368023
0.0684765592122005
0.0746140897230987
0.0690118676879194
0.0744895210841037
0.07105209999159
0.0710992340712266
0.0702844878377391
0.0724358219005126
0.0698670145610834
0.071479673428172
0.0707760289537873
0.0718769463850037
0.0705942260752579
0.0714056055887511
0.0665305950677748
0.0696683780826675
0.0670389697837095
0.0696885784024914
0.0699747496002203
0.0736747748506161
0.0710857671913345
0.071833179025333
0.07194091406447
0.0716749431865935
0.0680725528154369
0.0716109755071273
0.070944364952453
0.067449709620405
0.0685034929719848
0.0712608366299321
0.0716614763067014
0.0690186011278513
0.0705437252756553
0.0685001262520188
0.0727994276575998
0.070927531352595
0.0662275902701879
0.0721934180624544
0.0679547176163737
0.0711901355104771
0.0707389950341053
0.0719072468647539
0.0763917178688871
0.0708669303930662
0.0673487080212283
0.0705841259153317
0.0701296187189655
0.0666551637067698
0.0708702971130322
0.0704023230368023
0.0742572174059433
0.0660760878714086
0.0681903880144716
0.075206632438352
0.0678402491372765
0.0724694891002571
0.0642748926858019
0.0739575793283507
0.0657831832337479
0.0706581937547526
0.0741696826866587
0.0671803720225626
0.0668403333052936
0.070964565272277
0.0689344331285326
0.0717624779059065
0.0693721067250408
0.0683688241730636
0.0714123390287114
0.0686920292904745
0.0729239962966233
0.0675944785792524
0.0715369076677064
0.0699478158404361
0.0704393569564843
0.0680927531352609
0.0687930308896512
0.0696582779227413
0.0679614510563056
0.069399040484825
0.066560895547525
0.0708702971130322
0.0680725528154369
0.0700286171197888
0.0715167073478824
0.0728768622169866
0.0701397188788917
0.0688132312095036
0.0715470078276326
0.0660592542715222
0.0696178772830649
0.0667157646662702
0.0681533540947896
0.0668302331453674
0.0657596161939296
0.070271020957847
0.0675944785792524
0.0669110344247201
0.0696448110428491
0.0671871054625228
0.0715537412675644
0.0690556350475617
0.0654364110765187
0.0659952865920559
0.0703720225570237
0.0662444238700459
0.068442892012456
0.0669716353842205
0.0676752798586051
0.065904385152777
0.0664228600286378
0.0686482619308322
0.0680355188957265
0.0687862974497193
0.0680826529753347
0.0685034929719848
0.0686145947310877
0.0688098644895376
0.0661838229105456
0.0667763656257989
0.0650357713997209
0.069614510563099
0.0687122296102984
0.0694226075246149
0.0681870212945057
0.0671803720225626
0.0659582526723455
0.0680792862553687
0.0667157646662702
0.0652243077182106
0.0681095867351189
0.0664329601885356
0.0687324299301508
0.067449709620405
0.0664800942681723
0.0639920882080673
0.075294167157665
0.0606085346351506
0.0667662654658727
0.0695909435232807
0.065247874758029
0.0709241646326007
0.0706615604747185
0.0675608113795079
0.0665878293073092
0.0661939230704434
0.0796406026428826
0.0652950088376372
0.0677156804982815
0.0614569480683542
0.0649819038801525
0.0643119266055123
0.0663151249894725
0.0664800942681723
0.064695732682452
0.0662713576298302
0.0674227758606207
0.0654465112364448
0.0669581685043283
0.0649011026007997
0.0684193249726661
0.0675843784193262
0.0661636225906932
0.0672847403417336
0.0639887214881014
0.0684529921723822
0.0687324299301508
0.0658572510731403
0.0669211345846463
0.0672039390623809
0.0668908341048677
0.06865836209073
0.067537244339718
0.0635140139718828
0.0664228600286378
0.0667157646662702
0.0673285077013759
0.0633052773335692
0.0688132312095036
0.0666989310664121
0.0678638161770948
0.0688132312095036
0.0657899166736797
0.0653084757175293
0.0659851864321297
0.0650357713997209
0.0648371349213051
0.0695842100833204
0.0642984597256202
0.0703383553573076
0.0699208820806518
0.0674631765002971
0.0669952024240388
0.0627060011783556
0.0696077771231387
0.0599351906405161
0.0659649861122773
0.0651098392391418
0.0651637067587103
0.0620057234239653
0.0619215554246466
0.0697525460819861
0.0619518559043968
0.0630426731756586
0.0658740846730268
0.0687223297702246
0.0616555845467701
0.0681095867351189
0.0617397525460888
0.0708130628734978
0.0643119266055123
0.0666585304267358
0.0667797323457648
0.0674227758606207
0.066224223550222
0.0660154869118799
0.0643893611648991
0.0651266728389999
0.0644735291642178
0.0665945627472411
0.0664800942681723
0.0648270347613789
0.0629147378166977
0.0660592542715222
0.0672746401818074
0.065160340038716
0.0662915579496826
0.0670154027438912
0.0664767275482063
0.0637564178099694
0.0654027438767741
0.0647462334820261
0.0645038296439679
0.0639988216480276
0.0661232219510168
0.0659919198720615
0.0645846309233207
0.0659750862722035
0.0638574194091461
0.0663959262688536
0.061746485986049
0.0619888898241072
0.0620494907836076
0.0704124231967
0.0640998232472043
0.0626420334988609
0.0643489605252228
0.0642984597256202
0.0604940661560534
0.0640324888477437
0.0607061695143614
0.0643422270852625
0.0650189377998629
0.0663790926689671
0.0648001010015946
0.0647698005218444
0.0634466795724222
0.0675069438599394
0.0601977947984267
0.0620326571837495
0.067890749936879
0.0618575877451519
0.0616690514266622
0.0643152933254783
0.0670524366636016
0.0618474875852257
0.0617330191061569
0.0667830990657308
0.0642075582863413
0.0616320175069518
0.0649583368403341
0.0575010521000081
0.0640728894874201
0.0671399713828862
0.066810032825515
0.0608509384732088
0.0616084504671335
0.0672544398619834
0.0614603147883201
0.0643119266055123
0.0641671576466649
0.0628070027775607
0.0670120360238968
0.0583864994529222
0.0653993771568082
0.0683789243329898
0.060329096877382
0.0639011867687884
0.0634702466122405
0.0636015486911958
0.0635948152512356
0.063274976853819
0.0633052773335692
0.0640122885279197
0.0601068933591478
0.0655441461156556
0.0642748926858019
0.0605984344752244
0.0639213870886408
0.0618979883848283
0.059477316724184
0.0645711640434286
0.0650021041999764
0.0579387256964878
0.0633389445332853
0.0606556687147588
0.0625073646999397
0.0610866088713067
0.0583157983334672
0.063079707095369
0.0652310411581709
0.0584167999326723
0.0588309064893622
0.0620393906236814
0.0585918693712699
0.0621639592627048
0.0627733355778162
0.0646990994024179
0.0615579496675309
0.062335661981308
0.0647698005218444
0.0595715848834288
0.0622380271020972
0.0609519400723855
0.0587265381701911
0.0639988216480276
0.0638877198888963
0.0644162949246834
0.0621168251830682
0.0620797912633577
0.067092837303278
0.061662317986702
0.0593224476054388
0.0613088123895409
0.0634500462924166
0.0639281205285727
0.0609081727127432
0.0566290716269862
0.0615276491877808
0.0611842437505459
0.0634668798922746
0.0611202760710512
0.0614064472687517
0.0593662149650811
0.0608273714333905
0.0589420082484651
0.0613357461493251
0.0608004376736062
0.0551881154785008
0.061022641191812
0.0582854978537171
0.0594234492046155
0.059689420082492
0.0619383890245047
0.0575010521000081
0.0608105378335324
0.0597230872822365
0.0603997979968085
0.0614333810285359
0.0599621244003004
0.0629787054961639
0.0596187189630655
0.0595244508038206
0.0615276491877808
0.0609957074320278
0.0618777880649759
0.0622481272620234
0.0597163538422762
0.0608644053531009
0.0588073394495439
0.06054120023569
0.0582484639340066
0.0641940914064492
0.0589756754482096
0.0587467384900435
0.0633490446932115
0.0628440366972427
0.0607297365541797
0.059585051763321
0.0633928120528537
0.0568748421850103
0.0637665179698672
0.0584100664927405
0.0614805151081725
0.0611640434306935
0.0591103442471308
0.0613525797491832
0.0577400892181004
0.0596490194428156
0.0566290716269862
0.0660491541116244
0.058181129534546
0.0639348539685329
0.0605984344752244
0.0583965996128484
0.0598813231209476
0.0592416463260861
0.0547336082821346
0.0591473781668412
0.0590766770473863
0.0622918946216657
0.059813988721487
0.0581575624947561
0.059157478326739
0.058376399292996
0.0624669640602633
0.0573394495413027
0.0584538338523828
0.0579757596161983
0.0571105125831366
0.0599284572005843
0.0604502987964111
0.0596793199225658
0.0575313525797583
0.0617397525460888
0.0577872232977086
0.0608004376736062
0.05795219257638
0.0595278175237866
0.0593359144853309
0.060648935274827
0.0646990994024179
0.0574606514603317
0.0565415369076732
0.0603189967174558
0.0552419829980693
0.058480767612167
0.0609755071122038
0.059477316724184
0.057931992256556
0.058928541368573
0.0598173554414814
0.0600698594394373
0.0540299638077784
0.0599688578402606
0.0564809359481728
0.0597836882417369
0.0597735880818107
0.0618811547849702
0.0600429256796531
0.0569792105041813
0.0572788485817739
0.06034593047724
0.0599284572005843
0.0595513845636049
0.0549591785203347
0.0574303509805532
0.0614165474286779
0.0552857503577115
0.0581036949751876
0.0585211682518434
0.0578141570574928
0.0556291557949748
0.0584167999326723
0.0614367477485018
0.0515116572679233
0.059228179446194
0.0571037791431763
0.0584673007322749
0.0574067839407633
0.0593662149650811
0.0601708610386424
0.0593190808854445
0.0591238111270229
0.0573091490615241
0.0584235333726326
0.0576727548186113
0.0645475970036387
0.0579050584967717
0.0572182476222736
0.0581238952950116
0.0587366383301173
0.0532926521336776
0.0556493561147988
0.0604839659961272
0.0539626294083178
0.0552318828381431
0.0504343068765252
0.0618474875852257
0.0606152680750824
0.0606321016749405
0.0600193586398632
0.0581508290547959
0.0562553657099727
0.0575010521000081
0.0585582021715538
0.0561509973908016
0.058588502651304
0.0543902028448997
0.0599385573605105
0.0594301826445758
0.0585750357714119
0.056083662991341
0.0541073983671367
0.0537168588502652
0.0615141823078886
0.0587400050500833
0.0552184159582509
0.0598072552815552
0.0506767107145834
0.0513163875094733
0.0559860281121303
0.0565987711472076
0.0501750694386089
0.0570330780237498
0.0534542546923831
0.0570667452234659
0.0602987963976034
0.058500967931991
0.0597466543220264
0.0570532783435738
0.0564371685885021
0.0556796565945774
0.0541073983671367
0.0552857503577115
0.0513433212692576
0.0548918441208741
0.0579858597761245
0.0575010521000081
0.0595749516033948
0.0540804646073525
0.0570532783435738
0.0546965743624241
0.0561678309906597
0.0537673596498678
0.055302583957598
0.0492525881659844
0.0565179698678548
0.0578983250568115
0.0555247874758038
0.0559691945122438
0.0539828297281417
0.0596658530426737
0.0574673849002636
0.05573015739418
0.0573933170608711
0.0574202508206554
0.0571340796229265
0.0535586230115257
0.0585918693712699
0.0576727548186113
0.0564775692281785
0.0553766517969905
0.052373537581019
0.0517843615857316
0.0538077602895441
0.0577064220183559
0.0532859186937173
0.0559860281121303
0.0535013887719913
0.0532926521336776
0.052817944617459
0.0604671323962691
0.0554237858766271
0.0567704738658392
0.0579858597761245
0.0534609881323149
0.0525351401397245
0.0497306624021689
0.0513837219089339
0.0537572594899416
0.0509022809527835
0.055639255954901
0.0541073983671367
0.050191903038467
0.056083662991341
0.0527708105378508
0.0584504671324169
0.0549591785203347
0.0552184159582509
0.0555719215554404
0.0545080380439344
0.053477821732173
0.0499528659203747
0.0518853631849368
0.0519526975843974
0.0496532278427821
0.0527034761383902
0.0535417894116677
0.0525721740594349
0.0566257049069918
0.0550467132396477
0.0556291557949748
0.0541073983671367
0.051148051510836
0.0537269590101914
0.0536663580506627
0.0555281541957697
0.0532286844541829
0.0512389529500865
0.0531950172544384
0.0548245097214135
0.0511918188704783
0.0540434306876705
0.0530704486154434
0.0526529753387877
0.049764329601885
0.0531950172544384
0.0476163622590775
0.0502491372780014
0.0559119602727094
0.052036865583716
0.0510840838313413
0.0505454086356565
0.0515991919872079
0.0512860870297231
0.050316471677462
0.0516631596667025
0.0490741520074209
0.0514072889487522
0.0518112953455159
0.0520907331032845
0.049979799680159
0.0525486070196166
0.0518617961451184
0.0514173891086784
0.0539626294083178
0.0565583705075312
0.0478688662570619
0.0562856661897229
0.0517776281457998
0.0517069270263448
0.0530670818954775
0.0526294082989693
0.0512524198299786
0.0544407036444738
0.0499696995202612
0.0512052857503704
0.0522287686221716
0.0522826361417401
0.0492795219257687
0.0512389529500865
0.0503333052773485
0.0560802962713751
0.0524038380607692
0.0534441545324569
0.0515722582274236
0.0541275986869891
0.0541881996464895
0.0553126841174958
0.0471719552226375
0.0503400387172803
0.0507608787139304
0.0489563168083578
0.0510066492719545
0.0498451308812378
0.0503568723171384
0.0511278511909836
0.0505858092753328
0.0483503072132123
0.0512961871896493
0.0504141065567012
0.0516766265465947
0.0465524787475999
0.0515419577476735
0.0489394832084997
0.052356703981161
0.0504679740762697
0.053440787812491
0.05097298207221
0.0503097382375302
0.0476735964986119
0.051700193586413
0.0488149145694763
0.0503467721572406
0.0496532278427821
0.0503703391970305
0.0503972729568432
0.050740678394078
0.0512995539096153
0.0511345846309439
0.0522220351822398
0.0516092921471341
0.0502491372780014
0.0499865331201192
0.051148051510836
0.0492256544062002
0.0494310243245479
0.0491482198468134
0.0549086777207322
0.0501515023987906
0.0469598518643295
0.0506767107145834
0.0500101001599376
0.0497878966417034
0.0490270179277843
0.0511177510310574
0.0505420419156621
0.0522658025418821
0.0507103779143279
0.0493401228852974
0.0497912633616693
0.0480203686558411
0.049178520326592
0.050828213113391
0.0485893443313046
0.051275986869797
0.0482055382543649
0.0543094015655186
0.0469531184243692
0.0475490278596169
0.0477712313778511
0.0489866172881079
0.0522557023819559
0.0492525881659844
0.0481516707347964
0.0491212860870291
0.05052857503577
0.0479631344163067
0.0482122716942968
0.0486937126504472
0.0496666947226743
0.0501481356788247
0.0499461324804429
0.0489495833683975
0.050299638077604
0.049535392643719
0.0490270179277843
0.0463673091490762
0.0476668630586801
0.0502861711977118
0.0489394832084997
0.0502491372780014
0.0519257638246131
0.0486129113710945
0.0459767696322047
0.0509763487922044
0.0503636057570986
0.0486432118508731
0.050740678394078
0.0494747916842186
0.047458126420338
0.0488216480094366
0.0515284908677813
0.0486129113710945
0.0478520326572038
0.0510975507112335
0.0496700614426402
0.0484479420924231
0.0476466627388277
0.0499629660803009
0.0515722582274236
0.0497946300816636
0.0482156384142911
0.0487071795303393
0.0492694217658425
0.0479766012961989
0.0472056224223536
0.0499663328002669
0.0478789664169881
0.0485455769716339
0.0463673091490762
0.0514678899082526
0.0475490278596169
0.0482863395337176
0.048239205454081
0.0495926268832534
0.0484883427320995
0.0484681424122755
0.0482324720141492
0.0478587660971357
0.0496666947226743
0.0499292988805848
0.0500740678394038
0.0469598518643295
0.0479799680161648
0.0470541200235743
0.047138288022893
0.0503366719973144
0.0456905984344758
0.0471584883427454
0.0468218163454424
0.0469127177846929
0.0488081811295444
0.0490371180877105
0.0480910697752677
0.0492121875263081
0.0468554835451584
0.0533195858934619
0.0466905142664871
0.0473773251409852
0.049659961282714
0.0478116320175275
0.0479732345762329
0.0474513929804061
0.0469665853042613
0.04724602306203
0.0465794125073842
0.0500067334399432
0.0490101843279263
0.046905984344761
0.0480439356956595
0.0486566787307652
0.0476197289790434
