-40.8584282402389
210.712002267565
294.790215764012
-16.2570777233006
-12.5203447468012
386.159516783996
33.2050381691451
301.059691200103
96.0698372549822
-68.7712448334156
186.262506975413
283.05530317819
393.700671847058
453.308102285738
280.570984908941
-8.74015242686898
370.331854299802
11.9034598205022
28.4180269371847
-137.285638316879
7.14121016456301
287.860002821182
87.824257347971
153.910530672354
359.292319630375
-99.0957683951608
153.765531094472
-65.1342651847037
26.3391314609269
71.7337532286454
2.16876848515043
50.2672048006928
32.1756887704174
15.1694362037742
-45.3911997843763
256.56020400518
224.180597649412
295.391731856725
182.871828127083
-94.5385825737128
207.951384475839
47.5041007234212
-31.6730976317872
255.631758859299
212.71476260122
10.0565134032602
275.973907090047
274.504097883643
-35.270652234961
298.777893913992
58.7190050455795
292.918178481105
53.01270145612
116.186927164402
64.0526242949183
-90.116317437108
-21.5446898849504
209.932534392109
45.0108293921035
232.653321672303
-58.2027262992146
-53.1164090011158
-24.3415503687036
3.45894994787775
287.012841647314
-5.01502634053189
71.7189783169278
-51.0230028746969
147.518537377319
44.3760370628796
53.1254192610345
6.5440375054857
-66.7560101472633
109.007793791128
-36.937047523675
294.212563877128
285.264843219212
-132.06994534293
224.297061840986
28.7793232874757
-68.9440302562422
105.51167655666
95.441685063313
140.119874228149
52.6684272044863
33.5668913833208
-13.8900971074658
27.5230759977283
3.63269851171981
18.8718298372269
34.5086385019937
358.702411061305
-24.4046953705175
289.574326069905
-97.6890391509389
199.698356258617
-10.0020381498546
-57.4694664445677
-32.9966771516002
303.52113348393
75.5170558975766
356.009220644977
286.581932194581
277.299504956512
196.976191383006
232.586799839213
-98.5298793486851
360.642779013715
-10.7370684079046
37.0559443554845
5.53549518113225
-46.0893043575124
245.269172178158
-5.60511419003282
81.6121501833303
260.396546225153
-0.232640593928373
67.7589376752245
-17.7159482045998
-13.5265378275854
25.0035770383184
138.74590958947
32.4494822903505
-147.04365602744
-3.04364885745779
290.730288817079
-27.0785667234201
7.52635059903835
-47.591941972769
35.4499728765137
315.950813312226
401.349599327589
264.370530733415
251.655900497793
-87.0910447913827
29.7995166854581
208.274165455217
436.150362269663
40.8167354955876
18.0999962001303
-30.047358149612
-6.99362393443348
318.163934668925
68.9549278888804
353.630323848416
-7.51957125344596
4.44101958358116
215.608737907841
-35.4574847616193
53.8026596209244
207.793224154197
-45.0317114737064
89.4062319441107
-130.209572740946
-24.0721651387541
-62.2657996649327
-11.6055026570179
16.735794244923
99.385845191707
127.162545229844
294.045117095696
-27.386223589827
-110.50506875006
13.6583109127626
107.651263717328
360.557891292945
-47.6329449050055
51.3131673764067
181.678189352356
-77.622075503582
12.0091456991411
-15.8405423680067
49.3054789772153
41.796615319786
-23.9535559660365
256.203415790303
265.559218742594
347.405946922019
179.878486245533
57.0547063037564
44.0948279512923
184.577006431776
303.623117617848
121.85418708786
284.844309808923
-14.3293353346173
-125.876414458906
305.954218148631
36.7029009708378
-6.55631420617259
91.8073670011541
4.00274689674692
226.995042700433
37.8740600266516
180.150859266308
248.806017769453
11.88903330203
287.326689316367
319.63752098128
302.927963580973
61.7438804332928
317.014770696816
117.202332606651
285.735225546027
96.2015640221762
72.9735426934292
253.017316096186
3.05463933952841
75.6450742477812
58.6345733135914
72.9004366878299
-24.1475733884231
272.729962716937
101.617443954104
312.189049449153
277.151315808735
-10.892266658256
60.158038736633
-104.252238045208
214.008963216127
423.415632183969
407.656755699083
-72.7148421352836
-22.2089131300449
229.555194443818
17.5502981592367
-22.6283371373279
-92.4511412281863
280.985110815365
-17.4338526629887
25.988155579238
282.620752369765
71.5828610031528
43.2299988659394
137.207147269198
313.654828430819
29.5457468900214
344.347422776022
31.2985319725462
130.383544692093
227.173565196166
326.152894017528
59.7794660807166
53.3665257003699
-0.400149612458958
49.6618106002574
-27.9615554825229
74.5714553609334
-28.1277448362095
37.7482111167033
134.310196475743
73.9598073139273
239.790159328552
312.332607426708
324.178714455354
-8.69330693533618
42.1852578328897
-121.346703312427
193.482283267361
27.9830428936444
311.750123963483
0.639317377955324
324.623677640785
-26.6651522306338
286.279705419063
133.979803383921
257.656317342827
146.815209575969
254.972736140441
-28.3501470643345
376.688076896922
65.7980898001072
179.334457947727
346.740881609758
281.035495874698
-45.9843763980204
309.609542329357
264.630465824231
198.154443401974
-4.52104354296142
-113.441923911459
410.116664888316
-67.5036216609776
-17.7352687380121
-27.186543332188
61.8402263604487
30.5072055970396
-21.8329163424206
242.39079374234
-41.2455524709769
-23.9150587079191
-47.641612975391
-77.7715833884541
-52.4251609284838
23.0354251310223
60.9624707378552
322.429036508251
0.621133872946139
-64.7168616289175
33.2386303236271
-9.35377043207192
414.666448590033
429.504912915695
-16.4645866428624
138.848299199791
-79.1695805895077
266.179125853751
437.889553675393
299.046985027516
44.6021473708426
199.897246912199
-8.9898614731668
212.411394032455
-3.56504592312711
67.7656698396247
307.365832288851
265.229020960805
-123.20394369904
-66.971431189786
277.435359807247
31.4843526195433
67.3188250608181
41.5631062421242
23.3772350671918
402.118729476029
59.6715621924223
17.9631661780402
197.132469485989
37.1744250676538
10.1391058012049
47.2032009599685
315.302068548121
99.4004437168523
314.353110973018
-122.721606237267
20.2448284099242
38.2594328988912
-14.3387726437944
60.7463347024732
-8.870569984556
188.329004035961
-23.8217467034659
29.349740129219
-12.9726047208736
160.464407977914
-66.3611405536543
-26.1255326326063
403.446453472243
-35.0626620090649
-30.9165205935237
221.29704479497
188.142055624195
23.099217982188
263.812767713857
28.2556900284593
290.094616624828
34.1729862472767
-1.97600184708658
19.7494439664063
-39.9059949206498
-14.5808273922751
1.21345703138085
337.336785626017
30.0621057583584
22.1021344851594
294.890153835292
117.249432740464
-62.6576953605085
-2.86119361029
-34.3595012765865
54.6821729299448
267.289350412538
15.3759163371676
-51.7839910104816
87.0388418407385
-3.86490678048042
-64.4516558703529
-10.2509530541349
-30.0502166449211
288.846891316743
302.870183687224
40.7530252267498
-41.3698905475996
276.256711685482
38.8708249135346
22.3004918765096
-16.4038337519718
285.565779400586
104.142827053503
246.878897826139
0.61229916512808
285.3874248166
16.137351492386
278.283160927915
234.372037710943
228.40719763327
41.660790294348
-33.5223155293544
92.4326112276268
323.732691639005
251.258546678577
180.400056721506
171.769841876149
346.329846214972
-37.472181150944
48.3384342257947
52.8556013561762
8.63038430686672
300.454290625875
17.4487959790015
-85.4250447054032
7.53107478539931
310.243499231364
450.319543329129
43.0938578093605
-111.568290072573
66.5841404651519
-151.297595369448
21.1694937723208
-42.8184309835558
373.244931099093
-4.78786838307747
-9.83052744520192
-54.8426723346556
260.093258923547
-66.4850234756635
-21.3130502846617
28.664596817343
9.35676161676655
-45.6991715458842
248.488848430787
9.6536142852961
15.0608017007794
0.585908414047595
380.996151052837
-4.14695883475329
-41.4711201890074
314.290048777139
332.568950361904
-31.1008236984491
214.925769943624
349.992630523956
315.747775616099
260.404584003848
-15.9812421474992
26.148773486014
248.892077835083
255.292227643723
280.856659792849
-43.1176354228626
-127.611985247556
195.631514680191
57.1386626725629
186.45949247744
-39.3222792175015
41.6008872931641
-80.2499575134878
-38.0495941995474
127.668648725223
303.162696377298
261.337789469921
15.4197831334472
-36.2136352616245
75.5202317042234
-0.479315660926474
128.572724750414
82.1972234220148
-29.8461847010465
326.541068912692
58.5663576022631
58.5373272261497
-6.36494638529491
268.937379691823
-11.4077838239854
-118.536183602881
110.102526972495
299.668008911183
-20.7323309007264
281.777650029109
32.4474945556498
42.7694918621061
24.6610673013017
-136.590894391037
6.91651617981422
-7.21425690788771
210.220173900824
55.2610245354341
204.400266372278
-16.4060192483944
181.452386469598
-49.2714275251303
194.861633670829
256.967916550077
414.207966667008
435.842275708903
283.219702851205
1.86993230304716
-43.5346047295831
9.53396781924047
-2.12675109643121
432.288030449593
64.337548359627
223.680869787636
-18.9554642175089
42.5992471893256
-17.4145817467266
304.924935184754
14.9431892563159
-30.720124983926
60.7245062562806
240.253422671256
261.027713699505
25.980820516713
22.9233169756126
45.3490464315768
51.9694248329868
3.33966118650546
-53.8023516519756
406.296996370203
75.7665268333283
-21.1473804960072
-10.1452335393666
248.444524858516
-9.98047348195916
-16.8707449438761
162.648552580994
-48.5599561595769
260.838703926919
-20.4786226688332
17.9214504205696
408.369575870533
-6.75938206359696
-57.1251388431779
47.7688344322655
67.9934216976401
203.430794130731
287.36995809061
16.4558569845211
101.529523717032
170.092309432255
-22.1125323681863
23.6740841965109
-12.0176130653106
-34.3641162501556
-0.477323117602226
