3.8552150492383
3.92582526723339
4.42007995959938
3.11000168336
2.98961114384312
4.95771147209831
4.95544903627641
4.50690093426479
4.61856830233145
4.6426874842185
3.62234576214124
5.22803215217576
5.01846730073228
4.1418643211851
3.46247369750023
4.8786642538507
6.512624358219
3.82489436916086
3.2945753724434
3.99829391465366
5.35208904974328
4.14318070869456
3.74753051089976
4.77902617624781
4.30840585809275
3.74955390960358
3.74629492466966
4.22112027607105
2.49053530847573
2.93673007322616
4.50685043346522
2.89235670398116
3.76809443649526
4.36670061442641
3.09889150744888
5.60212860870297
4.46827118929383
4.24842100833263
3.76017254439861
4.70908593552733
3.29714417978286
3.52232051174144
3.25110765087115
4.77972982072217
3.74097887383218
5.06891423280868
4.04330022725361
4.35402828044778
4.09181802878547
4.52896978368824
2.98196532278428
3.87286339533711
3.65207726622339
2.75629408298965
4.41274051005809
2.56915158656679
5.07749600202004
3.43822994697416
2.8608879723929
3.16591953539265
4.41837976601298
4.36615520579076
3.36595993603234
4.66257469909942
4.44607440451142
3.46372948405016
2.788877198889
3.52343826277249
4.62262856661897
3.52752209409982
3.46460819796314
3.62234576214124
3.2945753724434
4.03627051594984
4.40087618887299
4.36670061442641
3.2945753724434
4.12872737985018
4.02059506775524
4.0027649187779
3.68322952613417
2.40559633027524
3.64700361922397
3.53963218584295
4.04551889571584
4.29581095867351
4.40995959936032
4.57465617372276
2.56746149314031
3.83832084841345
3.7311648851107
4.77356535645148
3.79035518895716
2.53966585304269
4.11957326824341
4.17502987963977
3.18091153943271
4.09720478074237
2.81333305277334
2.49339365373285
3.27599444491204
2.64417220772663
3.40008500967932
3.66630502482957
3.16487585220099
2.788877198889
3.62147378166821
2.40559633027524
2.5728145778975
3.98988721488092
2.63726369834191
2.89679740762563
2.70905226832758
2.99969110344247
2.42619392307046
3.59251325645991
1.99735123306121
3.43994024072049
3.1850761720394
3.32963302752293
2.73986785624106
2.55388687820891
3.52703055298377
2.72282215301743
3.18425132564599
3.96904721824762
3.01484807676121
2.73538338523693
3.00500715427995
2.54907920208737
2.99604157899168
3.43700446090398
3.37748085178015
2.50178015318576
4.14160508374718
3.00019947815841
3.23412254860702
3.21150155710799
3.78511993939904
2.99904132648769
3.59114636815085
2.98921387088629
2.83091406447269
3.19100833263195
2.94055466711558
2.97577729147378
2.7712019190304
2.57448110428416
3.2940770978874
3.81229273630166
2.58882669808941
2.38347361333223
2.91737816682098
2.38787728305698
2.72493308644053
2.65391212860871
2.81914737816683
2.58402575540779
3.03497769548019
2.59985943944113
2.56037118087704
3.02156804982747
2.89228600286171
2.6651132059591
2.76065398535476
2.38331874421345
2.22699520242404
3.13009090143927
2.85155879134754
2.68560643043514
2.52100075751201
2.65463597340292
2.57534971803722
2.3730132143759
2.96922565440622
2.88548522851613
2.73538338523693
2.75629408298965
2.2855491961956
2.92272115141824
2.99961703560308
1.93256880733946
3.2926395084589
1.99735123306121
2.37042083999665
2.73986785624106
3.06896136688832
2.59503156299976
2.71391044524873
2.56915158656679
2.9694377577645
2.31875515528998
2.97577729147378
2.88774093089808
2.66478326740173
2.24047554919619
2.40225317734198
2.7712019190304
2.50178015318576
2.94326824341385
2.17568302331455
2.83592711051259
2.53087534719302
2.19342900429257
2.27302163117582
2.6751628650787
2.58491120276071
2.36259994949921
1.99372190893024
2.98491456948068
2.09209073310328
2.65349128861209
3.01193586398452
1.90113037623095
2.46383048564937
2.08243498022054
2.05442050332465
2.14141991414866
2.30078697079372
2.70265886709873
2.93119518559044
2.5202264119182
2.48620907331033
2.50178015318576
2.14148051510816
2.622126925343
2.27909519400725
2.34766517969868
2.81754145273968
2.48906405184749
2.10536570995708
2.87607524619142
2.34114047639088
2.24780153185759
2.35967090312263
2.26546671155629
2.40759616193924
3.11169851022643
2.31418988300649
2.55920966248632
2.23131807086946
2.67682265802543
1.91880228936958
2.89269000925847
2.21270347613839
2.12166063462672
2.63754313609965
2.49954465112364
2.67015655247874
1.90370591701037
2.33463597340292
2.05902954296778
2.7841637909267
1.85205706590355
1.86927447184581
2.01301658109588
2.19514266475886
2.11734449962125
2.29367309149063
2.2855491961956
1.97507364699942
2.48620907331033
1.76844457537246
2.26584378419327
2.13294587997643
2.20543809443652
1.87967090312264
2.23222371854223
2.44065398535477
2.68689588418485
2.00370086693039
2.28504755491963
1.56973066240215
2.01494571164045
2.17944028280448
2.44407120612743
2.28724602306204
1.92784529921724
1.99559380523525
2.19490362764077
2.53597592795219
1.97455517212356
2.01634626714923
2.04321942597426
2.25804309401568
2.10751031057993
2.29454843868362
2.02237606262099
2.24047554919619
2.03909182728728
2.60206800774347
2.18673596498613
2.06644642706843
2.17602306203182
2.38615352243079
2.50560138035519
2.15681255786549
2.10074657015403
2.13690514266477
2.31056729231548
1.79911539432709
2.13112111775104
2.08717195522263
2.00097382375222
1.92784529921724
1.86927447184581
1.9414266475886
1.87124063631009
2.07602474539181
2.01251493981988
1.93892180792864
1.67248632270011
2.31802457705581
2.13792525881661
1.78598855315209
1.9730132143759
2.18827792273379
2.03930729736555
2.00114889319082
1.81694891002442
2.02955390960358
2.64859607777123
1.88479841764163
1.38743624274051
1.89831579833347
1.82581685043348
2.10106640855147
2.07951266728389
1.84908088544736
2.00985523104117
2.2669750021042
1.85254187357967
2.12717195522262
1.93895884184835
1.93246107230033
2.18614678899084
2.26073310327413
1.95387677804899
2.17648430266814
1.96481861796147
2.24480178436158
1.59832084841344
1.65672333978623
2.34543304435655
1.9723264035014
1.67995370760039
1.89461240636311
2.04845130881239
2.27002188367985
1.53517128187863
2.08852200993184
1.78560474707518
1.88648514434811
1.52816513761468
1.72197037286423
1.88360323205117
1.73894537496844
1.86927447184581
1.45874337177005
1.97364279101086
1.81094941503241
1.92715512162277
2.18189798838483
2.16274808517801
1.66162865078698
1.66838229105295
1.35014645231882
2.47836798249307
1.73624189883006
1.98424122548607
1.61687820890498
1.68608787139129
1.56600370339197
1.82746654322028
1.97081811295345
1.51134500462925
2.15158067502736
1.53352832253179
1.50751704401986
2.31942513256462
1.70628145778974
1.93192913054457
1.96924585472604
2.05338355357293
1.82201582358388
1.60787223297703
1.46785371601717
2.11906826024747
1.78821732177425
1.48440787812476
1.69595572763237
1.2065491120276
2.1013020789496
1.40574109923409
2.62280363605757
2.08372443397022
2.14546334483629
1.61477064220185
1.97469657436244
1.78676963218584
1.78090143927278
1.52695985186432
1.56645147714841
1.6380245770558
1.58093173975254
1.58419409140646
1.78676963218584
1.38743624274051
1.40574109923409
1.78560474707518
1.33348455517213
1.74911960272706
1.57681424122549
1.53271357629831
1.5391372780069
1.38430519316557
1.6266012961872
1.62526807507786
1.51277249389781
1.63410571500717
1.54800858513593
1.57429593468564
1.28590943523272
1.03707852874336
2.34457789748339
1.48209157478328
1.77065314367479
2.37244423870047
1.27132143758945
1.63071206127432
1.48383216900936
2.23100496591198
1.36290295429677
1.67309569901525
1.26469573268244
1.38292483797662
1.52514855651881
1.62565188115479
1.44495665348035
1.56812810369499
2.00090312263279
1.89732261594142
1.12040484807676
1.49625199899
1.66285413685716
1.40559296355525
1.60448867940408
1.79963050248296
1.80860281121119
1.61687820890498
1.60433044356537
1.48053278343573
1.53784445753726
1.187126504503
1.46716353842271
1.42783688241732
1.3913012372696
1.81846056729233
1.89783435737732
1.24832337345342
1.14193502230452
1.12006817607946
1.59081979631344
1.31774850601801
1.29974665432204
1.29980388856157
1.25964565272284
1.1086381617709
1.16972056224225
1.88632017506944
1.21433970204529
1.56024324551805
1.49530595067756
1.42616698931067
1.35965406952278
1.26223466038212
1.20217237606263
1.40500042084
1.66401902196785
1.55749263530006
1.26681676626546
1.22578654995371
1.29630586650956
1.37455517212356
1.36882838144939
1.77532278427742
1.4814384311085
1.38558118003536
1.60320932581433
1.4677628145779
1.58898830064811
1.43772493897822
1.06981314704151
1.52498022052018
1.33057570911541
1.2281769211346
1.21747748506019
1.59582274219343
1.23395757932835
2.19955980136353
1.10765844625874
1.26185422102517
1.15794714249643
1.36233397862134
1.16080885447354
1.50434222708526
1.1318516959852
1.15008585135931
1.23687315882503
1.34300227253598
1.0968243413854
1.53390876188874
1.11148640686812
1.38159498358723
1.0353648682771
1.48456611396347
1.14808601969531
1.26673933170611
1.23918946216648
1.20284235333727
1.19402828044778
1.4283890244929
1.19389697836883
1.347126504503
1.2572620149819
1.41267317565863
1.11097803215219
1.16544146115646
1.11313946637489
1.27132143758945
1.24031394663749
1.24774429761806
1.37449457116406
1.20096372359231
1.25951435064388
1.13450130460399
1.18499873748002
1.39877198888982
1.15509553067923
1.28242151334064
1.17795219257638
1.06359818197123
1.36758606177932
1.31165474286678
1.20217237606263
1.08989899840083
1.17530258395757
1.30636562578908
1.15726369834189
1.21433970204529
1.20852874337177
1.08392307044863
1.09637656762899
1.10684370002525
1.17635300058919
1.46799848497602
1.06766517969868
1.00048228263614
1.19657352074742
1.02564178099487
1.15008585135931
1.13450130460399
1.17197289790423
1.17530258395757
1.07082316303342
1.09477064220184
1.15547597003621
0.985843784193264
1.16972056224225
1.22121791095026
1.02303593973571
1.27895715848834
1.17655500378757
1.07537496843702
1.12747159330024
1.25306034845553
1.05602979547177
1.19212945038296
1.08383890244929
1.2101885363185
1.06539601043684
1.11840501641277
1.21050837471594
1.19563420587494
1.13514771483884
1.22948657520411
1.10963471088294
1.16214880902282
1.16953875936369
1.19771820553825
1.08573436579414
0.92967342816263
1.36437757764497
1.36760962881914
1.25598602811212
0.999839239121286
1.25360575709115
1.05352158909184
1.14742277586063
1.0603122632775
1.06566198131472
1.14343657941251
1.1129004292568
1.07739836714083
1.32492298628063
1.22619728979043
0.774043430687669
0.984120023567044
1.1121025166232
1.02115730999074
1.19652975338778
0.939952024240398
0.941342479589281
1.10796818449626
1.14448362932413
1.07111270095112
1.12721572258229
1.11278259405773
1.36451561316389
1.05182476222541
0.897086945543322
1.22741940914065
1.20525292483799
1.15255029037959
0.908621328171023
1.09637656762899
1.1086381617709
1.17135005470919
1.00584546755326
1.05096624863228
1.31662738826699
0.871876946384987
1.10626799090986
0.878132312094948
1.00706422018348
1.12372443397021
1.04894621664843
1.03692029290465
1.26748337682014
1.00579833347362
1.24587576803299
1.08107145863144
1.00893274976855
1.15241898830067
0.951708610386333
1.07175574446597
1.01062957663498
1.06778301489774
0.988951266728407
1.30737564178099
0.975056813399561
0.713503072131971
0.919054793367565
0.846350475549201
1.0027750189378
1.05351822237185
0.906705664506376
1.068375557613
0.932215301742275
1.02168251830653
0.900716269674291
1.20303088965576
0.96252251493982
1.17487164380103
0.841892938304852
0.966431276828558
1.07922986280616
1.12110849255114
0.786247790590039
1.35335156973321
1.13918441208654
0.8136899250905
1.17174396094606
0.797364699941085
0.94190808854475
1.10306960693546
1.10421429172629
1.05338355357293
1.11777207305784
1.01103694975171
1.00584546755326
0.951722077266226
0.918398282972817
1.1331142159751
1.06578654995371
1.08645147714839
0.778302331453602
0.987244339702045
1.14877283056981
0.825045871559638
0.874203349886386
0.983695816850428
0.92444827876443
0.904688999242495
0.969811463681509
1.03446932076426
1.12150576550795
1.0105521420756
0.99285666189715
0.984864068681105
0.882529248379768
0.849336756165314
0.781403080548785
0.784510563083927
0.826698931066403
1.00238447942093
0.867240972982074
0.85730578234157
0.927835199057313
0.856087029711318
0.879246696406028
1.14279353589765
0.867052436663585
0.982231293662153
0.891060516791526
0.903362511573107
1.19121706927027
0.948328423533383
0.717162696742719
0.95117666863058
0.944025755407807
1.04383890244929
0.860339197037291
0.90150744886796
0.633479505092168
1.16628314114973
0.943325477653417
0.819399882164817
0.821093342311258
0.830627893274993
0.76171786886627
1.03637488426901
0.669702045282378
1.2676517128188
0.654380102684968
0.827944617456438
0.78879976432961
1.08136772998907
0.999300563925601
0.685794966753662
1.06628482450972
0.863429845972576
0.865008837639948
1.01012793535898
0.865806750273549
0.954701624442407
0.924690682602488
0.912008248463934
0.824510563083919
0.846774682265817
0.741945122464443
0.675718373874247
0.783938220688498
0.801977106304179
0.935706590354357
0.761818870465447
0.738857840249153
0.827655079538772
0.751910613584727
0.781396347108824
0.81632606682939
0.837859607777119
0.84599023651208
0.784510563083927
0.897618887299046
0.974356535645143
0.754008080127932
0.72914821984682
0.814615773083091
0.697999326656003
0.764559380523536
0.800014308559895
0.865806750273549
0.761950172544402
0.815541621075681
0.682876020537009
0.853521589091827
0.622763235417892
0.904348960525226
0.98119434391046
0.872129450382971
0.811548691187625
0.673250568133994
0.785692281794468
0.917458968100334
0.799108660887129
0.817578486659386
0.781403080548785
0.717162696742719
0.984675532362616
0.654380102684968
0.827025502903808
0.826496927868021
0.695178015318589
0.673058665095539
0.834779059001761
0.854359902365132
0.968128103694994
0.664244592206046
0.821635384226937
0.724084673007326
0.669930982240572
0.663231209494171
0.651414022388707
0.699524450803807
0.761896305024834
0.784503829643967
0.669971382880249
0.726158572510741
0.704954970120355
0.578834273209338
0.64062368487501
0.624833768201341
0.977676121538593
0.756159414190734
0.801684201666546
0.778261930813898
0.76272788485818
0.734545071963652
0.775087113879323
0.772615941419076
0.786308391549539
0.654989479000079
0.682798585977622
0.755954044272386
0.758765255449873
0.704069522767441
0.762522514939832
0.654380102684968
0.754849760121203
0.759492466964076
0.665645147714855
0.751156468310768
0.701275145189811
0.770868613753066
0.774814409561486
0.727373958421026
0.785523945795802
0.705685548354523
0.623332211093356
0.766242740510052
0.75801447689588
0.722438346940493
0.725939735712501
0.53079117919367
0.592519989899841
0.884468479084262
0.672065482703488
0.712439188620493
0.758425216732604
0.700480599276176
0.656635805066912
0.646114805151086
0.796536486827705
0.626715764666272
0.559509300563946
0.607340291221277
0.561579833347366
0.590951098392395
0.742133658782933
0.566653480346787
0.580568133995456
0.764347277165228
0.616366467469078
0.587012036023907
0.672540190219678
0.664709199562338
0.658261930813921
0.658164295934682
0.643067923575472
0.791829812305366
0.708392391212868
0.688518643211864
0.639472266644219
0.716873158825024
0.635859776113136
0.575417052436677
0.705365709957078
0.709853547681178
0.715358134837146
0.694837976601292
0.607643296018864
0.632466122380265
0.632355020621162
0.734363269085094
0.702423196700636
0.78175995286594
0.651885363184931
0.655713323794288
0.713742109250063
0.714826193081393
0.682633616698951
0.641128692870979
0.516819291305467
0.660457032236337
0.682337345341296
0.668399124652808
0.642451813820401
0.700005891759957
0.539965491120284
0.580999074152004
0.57852453497182
0.569380523524956
0.571255786549955
0.59541873579667
0.685788233313701
0.641246528070042
0.622089891423286
0.690451140476398
0.552149650702802
0.471617708947065
0.666099654911221
0.566249473950023
0.64413854052691
0.505382543556948
0.633479505092168
0.567983334736141
0.626089554751303
0.686121538591038
0.67315629997475
0.573225317734199
0.634270684285838
0.75101169935192
0.593237101254118
0.623089807255298
0.626352158909185
0.552294419661649
0.53747748506018
0.567367224981069
0.647481693460151
0.691121117751038
0.608872148809041
0.563542631091678
0.580921639592646
0.724643548522863
0.628863732009108
0.645616530595078
0.620066492719474
0.622712734618318
0.659026176247806
0.6360382122717
0.618864573689081
0.618032993855735
0.644859018601124
0.69983755576132
0.520579917515363
0.532299469741616
0.643458463092344
0.654380102684968
0.603549364531602
0.534124231967013
0.566552478747582
0.655164548438677
0.526697247706437
0.56266055045873
0.567670229778656
0.604717616362279
0.571888729904884
0.588732429930161
0.529053951687587
0.612848245097211
0.547786381617726
0.568047302415636
0.620359397357134
0.571959431024339
0.638317481693463
0.599697836882427
0.677041494823669
0.620224728558213
0.615534887635732
0.576733439946139
0.625119939399042
0.596135847150919
0.4616757848666
0.615369918357061
0.628624694891016
0.550412423196718
0.533619223971044
0.632132817102956
0.436475885868191
0.571491456948081
0.497369750021051
0.574242067166068
0.489471424964222
0.571124484471
0.557041494823665
0.522014140223888
0.64827287265382
0.56723928962208
0.491642959346876
0.518967258648274
0.579019442807862
0.532780910697767
0.495945627472452
0.600085009679333
0.580568133995456
0.569235754566108
0.522344078781259
0.509456274724357
0.621874421345012
0.527067586903456
0.527427825940578
0.663870886289033
0.480717953034258
0.46260836629915
0.452578907499372
0.557492635300065
0.507049069943605
0.490781079033752
0.524455012204356
0.507840249137274
0.534009763487916
0.47980557192156
0.59194091406448
0.491535224307739
0.614396936284834
0.455410318996712
0.566754481945964
0.569811463681503
0.536558370507549
0.512893695816871
0.515398535476805
0.515014729399894
0.494487837724108
0.447033919703728
0.480869455433066
0.478896557528827
0.492770810537849
0.523374295093021
0.467668546418651
0.650010100159932
0.559071626967437
0.586230956990164
0.59694049322448
0.561270095109847
0.495528154195796
0.503907920208746
0.549533709283736
0.436398451308833
0.578790505849696
0.531902196784785
0.471095867351238
0.560128777038983
0.481600033667206
0.533625957411004
0.520155710798775
0.559805571921572
0.457198047302427
0.621167410150662
0.515947310832416
0.540302163117588
0.482758185337929
0.471479673428178
0.501079875431373
0.437792273377681
0.454191566366461
0.51581600875349
0.464820301321453
0.448963050248295
0.515731840754142
0.510900597592808
0.429944449120455
0.520472182476226
0.484404511404762
0.421834020705347
0.546601296187191
0.498113795135083
0.452151334062791
0.419032909687758
0.423817018769483
0.517620570659034
0.602125241983003
0.519529500883777
0.48357629829141
0.493679824930581
0.563108324215136
0.456908509384732
0.48535392643717
0.486165305950692
0.398075077855395
0.495245349718033
0.436930393064557
0.455447352916423
0.515465869876294
0.403404595572766
0.513274135173816
0.519186095446514
0.502692534298461
0.471964481104294
0.505113205959105
0.572255702381966
0.427261173301929
0.493312852453499
0.441391297028872
0.569525292483803
0.440946889992432
0.570390539516893
0.48949499200404
0.419780321521756
0.422002356703985
0.458440366972496
0.450242403838075
0.402737985018092
0.419261846645924
0.471169935190659
0.395543304435648
0.419389782004885
0.511244003030043
0.457272115141819
0.400771820553842
0.409599360323199
0.454191566366461
0.463726117330197
0.513610807171119
0.347712313778317
0.507449709620403
0.455528154195775
0.417070111943445
0.506486827708102
0.407320090901436
0.435775608113801
0.440539516875702
0.452413938220701
0.447518727379844
0.475829475633361
0.454454170524372
0.409888898240894
0.405980136352156
0.463113374295091
0.458531268411747
0.360445248716445
0.541652217826794
0.410875347193013
0.462036023903721
0.513829643969359
0.407111354263122
0.471520074067854
0.465106472519153
0.421591616867261
0.456837808265306
0.462749768538004
0.424604831243158
0.545183907078524
0.378904974328776
0.447107987543149
0.42133574614931
0.490871980473031
0.434580422523368
0.442007406783944
0.518499284572016
0.441768369665851
0.38243329686054
0.393674774850609
0.364623348203025
0.434617456443078
0.426671997306642
0.438792189209664
0.404976853800179
0.368841848329282
0.338403333052781
0.467086103863323
0.402559548859529
0.429823247201426
0.470459557276342
0.38058160087536
0.418346098813231
0.379615352243093
0.407360491541112
0.363609965491122
0.391722077266223
0.437873074657034
0.449713828802288
0.408390707852874
0.400260079117913
0.441084925511319
0.392196784782442
0.385749516034025
0.42522094099823
0.425985186432115
0.454265634205882
0.387338607861295
0.422931571416541
0.456703139466384
0.386698931066405
0.41082484639341
0.454356535645161
0.401778469825786
0.453242151334081
0.475718373874258
0.445364026597105
0.412222035182225
0.415592121875278
0.519458799764351
0.382551132059604
0.461534382627718
0.326821816345443
0.430607692955135
0.408461408972329
0.470106051679153
0.39444912044442
0.364114973487091
0.390314788317482
0.444724349802215
0.364993687400045
0.433301068933588
0.387409308980722
0.425466711556282
0.353321269253428
0.392028448783776
0.424039222287689
0.351789411665692
0.369609460483133
0.344234492046127
0.364414611564683
0.455326150997394
0.424241225486071
0.365966669472272
0.364929719720578
0.404168841006651
0.362475380860218
0.410407373116755
0.488178604494578
0.385749516034025
0.419780321521756
0.413669724770642
0.368862048649106
0.338403333052781
0.338403333052781
0.377888224896907
0.383342311253273
0.442768285497863
0.353435737732525
0.366727548186191
0.394270684285829
0.428123053615025
0.476314283309506
0.408000168336002
0.466197289790415
0.371107650871153
0.40769379681845
0.416807507785535
0.365559296355542
0.374353168925182
0.380766770473883
0.408313273293487
0.333319585893463
0.445135089638939
0.399482366804136
0.384621664843024
0.456147630670813
0.332905479336773
0.351318070869468
0.465476811716201
0.370491541116081
0.415945627472439
0.304224391886208
0.328363774093106
0.374780742361764
0.363226159414211
0.401179193670572
0.344234492046127
0.366057570911551
0.290717111354269
0.444875852200994
0.373380186852955
0.412110933423122
0.318115478495088
0.395789074993701
0.314223550206208
0.40855904385154
0.304776533961785
0.365808433633532
0.481071458631448
0.439984008080131
0.38739584210083
0.383332211093347
0.324465112364294
0.374871643801043
0.34811632017508
0.35591701035267
0.365727632354179
0.337942092416483
0.326438010268504
0.369784529921731
0.382389529500898
0.406104704991179
0.414602306203193
0.335383385236952
0.322084841343326
0.397334399461329
0.385362343237119
0.342908004376739
0.347089470583285
0.404239542126078
0.348001851695983
0.338403333052781
0.366973318744215
0.351297870549615
0.374625873242991
0.423594815251249
0.313041831495667
0.35591701035267
0.351789411665692
0.333319585893463
0.372757343657952
0.322222876862213
0.371844962545254
0.328545576971635
0.346328591869366
0.309133069606929
0.324626714922999
0.350341722077275
0.378554835451581
0.261019274471863
0.372875178857015
0.37802962713576
0.279509300563944
0.350806329433567
0.37472350812223
0.333333052773355
0.362014140223891
0.295130881238947
0.306810032825524
0.33998569144012
0.370292904637665
0.312206884942356
0.32382880228937
0.36952865920378
0.335103947479183
0.364885952360908
0.366269674269859
0.35840838313274
0.322434980220521
0.326279774429764
0.364808517801549
0.340571500715441
0.330474707516203
0.315681339954551
0.299827455601388
0.303291810453686
0.393432371012551
0.322360912381129
0.326198973150412
0.351526807507781
0.350429256796559
0.353189967174501
0.359940240720476
0.345820217153459
0.350920797912636
0.33788485817692
0.317836040737319
0.304385994444914
0.293521589091824
0.340133827118933
0.313041831495667
0.342995539096052
0.296171197710635
0.269863647841106
0.322222876862213
0.324465112364294
0.315964144432286
0.341392980388861
0.32300732261595
0.312331453581351
0.347557444659543
0.322327245181384
0.311880313104979
0.328851948489188
0.336211598350303
0.326788149145699
0.285242824678051
0.331982998064149
0.294117498527072
0.346227590270189
0.272068849423448
0.263880986448953
0.398135678814924
0.32186263782512
0.29209409982326
0.330255870717963
0.325879134752967
0.312274219341816
0.291104284151174
0.278926858008589
0.342537665179719
0.333407120612748
0.305281541957754
0.314223550206208
0.354280784445763
0.378766938809861
0.286097971551214
0.347355441461161
0.267049069943624
0.346018853631847
0.32717868866257
0.297292315461675
0.310877030553002
0.446104704991171
0.327185422102531
0.313041831495667
0.338103694975189
0.283620065651036
0.295874926353008
0.330319838397457
0.265116572679062
0.26087113879305
0.370966248632271
0.263453413012371
0.271573941587405
0.27619308139046
0.264449962124417
0.296120696911032
0.299824088881422
0.280101843279198
0.306234323710129
0.301433381028545
0.260780237353771
0.290589175995308
0.302891170776888
0.28119939399042
0.317657604578756
0.246868950425068
0.268203854894381
0.360994024072056
0.31882922312937
0.326626546586994
0.298985775608116
0.289703728642365
0.299837555761314
0.274651123642798
0.319135594646923
0.283330527733369
0.318913391128689
0.312126083663003
0.294373369245022
0.303625115730995
0.293521589091824
0.291626125747001
0.291841595825275
0.298396599612829
0.28565693123474
0.283980304688157
0.279744970962042
0.299827455601388
0.306810032825524
0.294935611480525
0.294908677720741
0.276290716269671
0.307466543220272
0.319808938641529
0.313216900934265
0.312728726538182
0.249727295682192
0.264981903880141
0.30704570322365
0.262897904216828
0.299847655921212
0.231459473108345
0.277580170019377
0.300622001515023
0.351382038548962
0.234341385405287
0.315061863479514
0.275991078192078
0.25092584799259
0.281690935106468
0.279714670482292
0.234846393401227
0.277886541536901
0.324842185001273
0.277428667620569
0.285838734113298
0.298039727295702
0.29432286844542
0.30328171029376
0.276422018348626
0.260861038633124
0.314341385405271
0.29981062200153
0.263157141654744
0.295942260752469
0.299854389361172
0.294265634205885
0.293605757091171
0.261574783267406
0.285242824678051
0.284973487080208
0.239751704401982
0.302466964060272
0.256656005386759
0.289589260163297
0.333508122211953
0.317088628903292
0.264557697163553
0.271961114384311
0.308638161770915
0.291700193586394
0.272873495497009
0.307079370423367
0.262867603737078
0.263817018769458
0.317984176416132
0.228678562410579
0.267550711219599
0.187570911539439
0.272206884942364
0.270240720478085
0.279728137362184
0.246296608029638
0.298474034172216
0.271560474707513
0.284714249642292
0.266715764666287
0.254827876441396
0.273758942849923
0.326367309149077
0.263446679572439
0.303258143253942
0.223968521168246
0.249734029122124
0.272654658698769
0.264954970120357
0.273328002693376
0.299679319922575
0.260217995118268
0.2290388014477
0.310755828633972
0.235270600117843
0.260908172712732
0.257113879303091
0.281007490951936
0.287993434896066
0.274516454843877
0.262332295261359
0.319007659287934
0.207232556182134
0.219069943607451
0.28555929635553
0.257830990657368
0.266490194428087
0.276765423785889
0.246757848665936
0.276731756586145
0.243195858934428
0.269355273125171
0.304308559885527
0.227850349297199
0.264840501641288
0.270540358555678
0.254646073562839
0.252696742698447
0.277334399461324
0.240280279437769
0.234583789243345
0.276667788906678
0.200344247117243
0.228018685295865
0.270563925595496
0.259255113205967
0.302638666778904
0.240229778638167
0.256379934348956
0.235920377072631
0.292400471340812
0.258090228095284
0.196088713071305
0.247060853463523
0.268224055214205
0.214551805403602
0.226709031226335
0.215117414359071
0.245357293157156
0.270449457116399
0.25921471256629
0.227517044019862
0.285576129955388
0.253868361249062
0.238199646494422
0.280542883595672
0.275472603316217
0.228685295850511
0.246757848665936
0.228412591532702
0.234651123642806
0.271358471509132
0.212673175658608
0.218686137530511
0.217134079622923
0.272715259658298
0.278310748253517
0.244380944364963
0.261924922144601
0.291016749431861
0.256592037707264
0.217861291137126
0.231459473108345
0.283562831411501
0.251491456948088
0.247370591701042
0.265379176836973
0.223850685969211
0.245172123558632
0.242963555256296
0.213821227169433
0.244879218920971
0.251663159666691
0.221598350307232
0.229769379681841
0.182658867098723
0.240970457032233
0.21855146873159
0.244380944364963
0.244246275566042
0.202818786297456
0.207670229778643
0.221911455264717
0.218958841848348
0.229695311842448
0.229937715680506
0.243057823415541
0.251511657267912
0.238310748253525
0.218931908088564
0.222584799259323
0.19344247117246
0.224079622927377
0.2128516118172
0.219524450803817
0.217682854978534
0.244034172207733
0.238192913054462
0.227341974581265
0.222790169177699
0.26198552310413
0.21683444154533
0.223150408214792
0.253599023651219
0.188452992172387
0.196088713071305
0.200344247117243
0.256861375305107
0.224651965322778
0.18729820722163
0.258844373369243
0.244532446763742
0.233974412928205
0.201963639424292
0.254868277081073
0.216979210504178
0.233708442050329
0.175750357714008
0.207229189462169
0.189180203686561
0.223019106135865
0.246333641949349
0.201805403585553
0.195311000757528
0.253511488931906
0.197903375136775
0.177773756417821
0.211484723508136
0.20956905984346
0.227517044019862
0.216800774345614
0.228688662570505
0.21048817439609
0.186759532025917
0.209047218247633
0.256713239626293
0.228456358892345
0.182618466459047
0.239630502482953
0.22600538675195
0.213215217574287
0.206619813147057
0.205633364194938
0.18401565524789
0.189624610723001
0.215895126672848
0.205448194596414
0.236731756586153
0.214521504923823
0.230836629913313
0.218851106809211
0.211659792946733
0.229324972645401
0.201017591111878
0.205623264035012
0.227517044019862
0.221598350307232
0.187069270263464
0.205003787559974
0.200344247117243
0.255571921555429
0.197391633700875
0.186247790590016
0.234556855483561
0.205734365794143
0.178999242488004
0.209653227842779
0.21240720478076
0.220174227758605
0.192317986701454
0.188452992172387
0.228762730409898
0.207909266896735
0.182618466459047
0.192873495497025
0.184880902280952
0.202195943102453
0.175558454675553
0.234617456443061
0.192452655500375
0.208340207053283
0.182530931739763
0.199007659287957
0.187426142580591
0.201236427910118
0.187416042420665
0.180992340712066
0.15693375978455
0.22139634710885
0.17132985438937
0.18273630165811
0.220578234155369
0.168791347529663
0.190419156636665
0.210619476475046
0.232866762057085
0.236573520747413
0.163950004208402
0.20740762562076
0.190489857756091
0.207081053783355
0.182672333978616
0.183625115731019
0.16454591364365
0.2050138877199
0.200781920713752
0.214467637404255
0.182712734618292
0.191267570069869
0.190264287517891
0.182190893022494
0.192233818702135
0.186692197626456
0.178433633532535
0.219362848245112
0.204185674606521
0.20099402407206
0.16542799427657
0.231722077266227
0.20586566787307
0.156617288107071
0.201583200067347
0.171935863984515
0.191742277586059
0.18815672081476
0.186537328507711
0.184224391886204
0.182497264540018
0.192496422860046
0.160721319754231
0.191257469909942
0.196011278511918
0.179366214965086
0.185705748674366
0.192519989899836
0.180911539432714
0.187045703223646
0.175346351317245
0.213636057570909
0.188294756333647
0.225224307718207
0.188153354094794
0.190031983839759
0.219904890160763
0.207747664338029
0.165808433633543
0.191850012625196
0.171174985270596
0.208400808012811
0.200458715596341
0.17132985438937
0.173134416294943
0.177773756417821
0.18799175153606
0.169303088965592
0.197048228263611
0.174134332126926
0.178814072889509
0.171447689588433
0.200472182476233
0.18841259153271
0.166959851864334
0.20632354178943
0.188446258732426
0.178477400892177
0.202243077182061
0.170976348792209
0.18688410066494
0.182483797660126
0.149042168167682
0.17282131133743
0.173306119013546
0.172403838060774
0.181793620065662
0.179201245686386
0.175494486996058
0.161111859271102
0.176696406026423
0.181288612069693
0.156260415789916
0.197189630502493
0.166778048985776
0.180887972392895
0.169097719047215
0.186911034424725
0.171242319670057
0.19424038380609
0.171427489268581
0.172003198383976
0.177275481861813
0.184645231882854
0.185631680834945
0.177312515781495
0.178086861375306
0.151577308307395
0.168377240973001
0.197829307297383
0.165491961956064
0.173228684454187
0.195220099318249
0.169303088965592
0.165296692197643
0.173370086693041
0.166044104031641
0.180978873832174
0.189324972645409
0.165825267233402
0.174565272283473
0.15552647083581
0.176245265550051
0.201192660550475
0.192897062536844
0.159522767443832
0.182948405016418
0.19927026344584
0.15865078697081
0.186190556350482
0.184375894285012
0.154422186684627
0.170228936958182
0.147725780658192
0.173376820133001
0.166296608029626
0.181520915747853
0.181844120865264
0.145268075077865
0.172918946216669
0.160576550795383
0.18535560979717
0.174918777880663
0.154906994360744
0.158630586650958
0.172959346856345
0.160822321353436
0.180207894958357
0.166209073310341
0.180076592879402
0.161882838144948
0.16176836966585
0.185931318912566
0.161741435906066
0.191974581264219
0.163916337008686
0.165357293157143
0.168006901775954
0.173508122211956
0.175289117077682
0.164024072047823
0.192792694217673
0.156674522346606
0.185493645316058
0.186772998905809
0.168293072973654
0.167895800016851
0.177322615941421
0.18031899671746
0.152260752461928
0.173955895968362
0.152897062536823
0.152183317902541
0.167481693460161
0.164522346603832
0.172272535981818
0.159522767443832
0.169303088965592
0.148311589933513
0.185449877956415
0.173908761888725
0.173854894369157
0.168488342732104
0.134723508122221
0.162074741183403
0.166879050584981
0.164488679404087
0.152250652302001
0.153890244928874
0.179130544566959
0.169309822405523
0.171942597424476
0.146241057150093
0.17480767612156
0.161583200067355
0.154422186684627
0.145510478915924
0.15291389613671
0.154553488763582
0.161340796229268
0.149597676963225
0.143167241814666
0.155267233397865
0.150738995034089
0.155482703476139
0.160822321353436
0.183625115731019
0.163138624694909
0.18207305782343
0.15052015823585
0.158226580254194
0.15928373032574
0.173016581095879
0.145645147714845
0.163014056055886
0.156095446511245
0.185991919872066
0.148008585135926
0.173030047975772
0.171309654069518
0.144702466122396
0.173312852453506
0.139160845046717
0.163431529332541
0.146503661307975
0.173817860449475
0.171814662065486
0.154371685885025
0.153503072131969
0.156755323625958
0.150163285918694
0.183880986448969
0.166747748506026
0.162259910781927
0.150230620318155
0.167727464018185
0.175716690514264
0.145173806918621
0.160872822153038
0.138214796734303
0.13401649692787
0.142332295261355
0.148755996969953
0.157660971298725
0.14707937042337
0.144702466122396
0.14376651796988
0.141709452066323
0.140191061358479
0.157640770978873
0.139712987122294
0.159768538001856
0.151526807507793
0.164720983082248
0.150779395673766
0.172494739500053
0.142056224223552
0.160064809359483
0.153213534214302
0.161906405184766
0.144136857166899
0.142332295261355
0.156607187947145
0.157533035939736
0.135056813399558
0.153503072131969
0.159054793367574
0.144443228684452
0.151577308307395
0.145645147714845
0.152190051342501
0.15052015823585
0.155311000757507
0.15695732682434
0.176211598350307
0.132400471340816
0.138147462334814
0.149792946721675
0.144638498442902
0.148008585135926
0.142362595741105
0.166791515865668
0.134915411160677
0.147934517296534
0.141366046629088
0.162084841343329
0.138490867772077
0.127289790421685
0.146399292988804
0.142766602137868
0.135097214039234
0.151021799511824
0.141137109670922
0.155119097719052
0.153981146368153
0.149843447521249
0.153008164295954
0.162775018937793
0.131208652470349
0.123441629492476
0.144567797323475
0.147954717616358
0.168515276491888
0.126215806750281
0.147089470583296
0.153152933254773
0.141473781668225
0.162889487416891
0.131646326066829
0.131491456948083
0.166619813147037
0.136689672586499
0.140723003114232
0.140261762477905
0.159239962966097
0.131875263024995
0.147092837303262
0.160536150155707
0.140628734954987
0.141847487585238
0.144857335241142
0.153301068933587
0.140157394158734
0.163381028532967
0.149449541284412
0.141079875431359
0.13334651965323
0.149368740005059
0.150092584799268
0.166145105630847
0.146668630586646
0.155452402996389
0.14574614931405
0.148557360491537
0.138036360575711
0.118842690009274
0.124535813483732
0.126892517464853
0.135706590354346
0.135184748758519
0.148298123053621
0.115967511152263
0.15281626125747
0.154334651965343
0.124980220520172
0.129700361922403
0.132669808938658
0.139258479925928
0.147288107061712
0.122758185337943
0.139877956400994
0.144369160845059
0.136571837387436
0.133531689251754
0.131208652470349
0.124529080043772
0.145197373958439
0.137430350980566
0.143911286928727
0.126229273630173
0.148850265129198
0.141187610470496
0.134524871643805
0.131319754229452
0.140345930477253
0.145534045955742
0.139039643127688
0.142433296860531
0.146752798585993
0.140261762477905
0.129498358724021
0.14430855988553
0.143847319249232
0.13270684285834
0.131764161265892
0.143268243413871
0.13002693375978
0.128845215049239
0.137905058496756
0.152792694217652
0.130343405437259
0.131646326066829
0.145261341637905
0.142591532699271
0.115327834357373
0.132316303341469
0.138814072889488
0.138420166652651
0.11448615436413
0.136541536907686
0.131249053110025
0.166091238111278
0.139164211766683
0.13194596414445
0.133164716774701
0.142477064220202
0.123539264371686
0.118458883932334
0.124529080043772
0.118842690009274
0.133144516454848
0.133989563168086
0.127309990741537
0.124444912044453
0.125744465954057
0.139278680245781
0.132592374379271
0.124572847403414
0.136393401228872
0.125421260836646
0.128878882248983
0.144194091406462
0.118741688410068
0.148890665768874
0.147739247538084
0.122869287097046
0.13726874842186
0.138191229694485
0.131319754229452
0.124980220520172
0.122371012541038
0.139615352243084
0.126010436831933
0.117307465701543
0.139413349044702
0.127808265297546
0.130006733439956
0.123855736049165
0.136289032909701
0.11977190472183
0.137036444743728
0.114708357882336
0.128559043851538
0.113997979968019
0.117418567460646
0.123741267570068
0.141574783267401
0.133898661728807
0.133336419493304
0.110715427994279
0.120956990152365
0.109870381281041
0.111829812305359
0.115627472434994
0.116203181550389
0.110957831832337
0.145890918272869
0.130962881912296
0.112725359818199
0.109574109923415
0.136942176584483
0.129885531520927
0.123646999410823
0.109968016160252
0.126303341469594
0.127464859860282
0.105884184832945
0.121583200067334
0.137790590017687
0.136363100749094
0.137942092416466
0.118266980893878
0.118815756249489
0.0979723928962244
0.117812473697512
0.139245013046036
0.122498947900027
0.119489100244095
0.151466206548264
0.118007743455934
0.12308475717532
0.12854221025168
0.127431192660566
0.118677720730574
0.13155542462755
0.144702466122396
0.0982888645737034
0.111129534550969
0.1289125494487
0.137198047302434
0.122418146620674
0.111321437589424
0.115513003955897
0.113459304772334
0.122246443902043
0.115108997559133
0.0969960441040314
0.121027691271792
0.132252335662002
0.114816092921473
0.120956990152365
0.122131975422946
0.118240047134094
0.110237353758095
0.109412507364709
0.119499200404022
0.110688494234495
0.132528406699777
0.110392222876868
0.111267570069856
0.129020284487837
0.117782173217762
0.112923996296615
0.125135089638917
0.111065566871474
0.121758269505932
0.111967847824275
0.110395589596834
0.12828633953373
0.0986659372106828
0.123973571248229
0.113859944449132
0.104803467721581
0.0920099318239238
0.130336671997327
0.114917094520678
0.125394327076862
0.127757764497943
0.0994503829643918
0.122498947900027
0.101995623264031
0.124572847403414
0.118593552731255
0.128350307213196
0.110715427994279
0.118075077855394
0.114583789243341
0.100426731756585
0.135962461072296
0.117506102179959
0.110065651039491
0.124370844205032
0.104402828044783
0.0867140813062974
0.121455264708374
0.118809022809529
0.102911371096724
0.123997138288019
0.110715427994279
0.109318239205464
0.096406868108744
0.0985986028112222
0.09880397272957
0.104786634121723
0.0931680834946746
0.11801784361586
0.102675700698597
0.119926773840604
0.105931318912553
0.10900513424798
0.114866593721075
0.124067839407473
0.103362511573096
0.0983932328928745
0.119580001683374
0.0981104284151115
0.101201077350396
0.117351233061186
0.112624358219023
0.113429004292584
0.124000505008013
0.102416463260681
0.131484723508123
0.0965853042673359
0.10753724433971
0.116610554667119
0.109537076003704
0.113836377409314
0.104015655247878
0.117223297702225
0.109190303846475
0.107682013298557
0.110765928793882
0.0995210840838467
0.113072131975429
0.107082737143344
0.125135089638917
0.109941082400468
0.118994192408053
0.106712397946296
0.114105715007156
0.100995707432048
0.0853673933170569
0.0982551973739589
0.105803383553592
0.105466711556261
0.0929829138961509
0.0891078192071575
0.107594478579244
0.0984033330527723
0.104109923407123
0.102069691103452
0.125491961956072
0.0930973823752197
0.113361669893123
0.117361333221112
0.107022136183843
0.10010689335914
0.0921580675027371
0.0970869455433103
0.104409561484744
0.0990598434475203
0.117408467300749
0.100463765676295
0.0972249810621975
0.104692365962478
0.102285161181726
0.0969354431445311
0.102328928541368
0.10974244592208
0.0939424290884574
0.106971635384241
0.0929526134163723
0.125158656678735
0.12805403585557
0.103214375894282
0.0986188031310462
0.107119771063054
0.0931680834946746
0.107907583536758
0.116462418988306
0.0972653817018738
0.116209914990321
0.0969960441040314
0.111105967511151
0.0998375557612974
0.100938473192485
0.0997230872822286
0.0999890581601051
0.113631007490966
0.118260247453918
0.0936394242908989
0.0969354431445311
0.0928145778974852
0.099103610807191
0.0988443733692463
0.0929526134163723
0.0926630754987059
0.105769716353848
0.101261678309925
0.104948236680428
0.100820637993451
0.105052604999599
0.0967300732261549
0.108705496170359
0.102938304856508
0.0770785287433853
0.100995707432048
0.0944070364447498
0.0887644137698942
0.106086188031327
0.092003198383992
0.0887947142496444
0.0899158320006848
0.113637740930898
0.0956291557949669
0.0977097887383422
0.0978680245770533
0.102803636057587
0.0931680834946746
0.101086608871327
0.113880144768956
0.110738995034097
0.0945349718037392
0.0871753219425955
0.101894621664854
0.0946124063630975
0.0985986028112222
0.106759532025933
0.109732345762154
0.100002525039997
0.0921580675027371
0.0950164127598896
0.0969960441040314
0.103591448531262
0.0972148809022997
0.0899158320006848
0.0849734870802195
0.10515023987881
0.0914140223887046
0.0922287686221637
0.0942454338860443
0.0951611817187086
0.0863471088292442
0.0857074320343543
0.0925385068597109
0.0945484386836313
0.0934374210925171
0.0870103526639241
0.0998779564009737
0.0922119350223056
0.103248043094027
0.087757764497951
0.101840754145286
0.0962688325898569
0.0912827203097493
0.0963631007491017
0.0818996717448215
0.0938144937294965
0.0901447689588508
0.0969859439441336
0.0956123221951088
0.101669051426654
0.089053951687589
0.0903030047975903
0.0850610217995325
0.0867006144264053
0.0964742025082046
0.104197458126436
0.0886768790505812
0.0882560390539595
0.0998543893611838
0.103551047891585
0.092551973739603
0.0778293072973781
0.0928684454170536
0.0864548438683812
0.106958168504349
0.0872426563420561
0.0944070364447498
0.098022893695827
0.082966921976265
0.101531015907767
0.0893266560053974
0.086108071711152
0.0964742025082046
0.0794385994445008
0.104981903880145
0.0962890329096808
0.0977165221782741
0.0809132227927023
0.101177510310578
0.0986322700109383
0.0820444407036405
0.0966459052268362
0.0897979968016216
0.0812633616698974
0.0822498106220166
0.0908416799932752
0.0871180877030611
0.0795800016833539
0.107069270263452
0.0859902365120888
0.0938548943691728
0.089303088965579
0.0817448026260479
0.0884715091322335
0.0973461829812265
0.0834954970120521
0.0855828633953308
0.0935552562915518
0.0870372864237083
0.0975380860197106
0.0779707095362312
0.0879766012961909
0.0863807760289603
0.0879597676963328
0.0894444912044605
0.0902861711977039
0.103645316050859
0.0882964396936359
0.0824821143001486
0.0958008585135985
0.0880843363353279
0.0911009174311914
0.0868689504250426
0.0921580675027371
0.0838894032488895
0.0833978621328129
0.0912254860702149
0.0879631344162988
0.0854414611564778
0.0786575204107578
0.0885792441713704
0.0870103526639241
0.0790951940072375
0.0949221446006163
0.089942765760469
0.0941444322868392
0.0908416799932752
0.0802769127177783
0.0889293830485656
0.0941982998064077
0.089053951687589
0.0786810874505477
0.0799772746401857
0.0898686979210481
0.0892121875263001
0.0742976180456196
0.0785060180119501
0.0843136099655055
0.094205033246368
0.0870372864237083
0.0833002272536021
0.0854616614763017
0.0821353421429194
0.0941915663664759
0.0828894874168782
0.0897171955222689
0.10160508374716
0.0719846814241407
0.0952958505176298
0.0831722918946411
0.0804755491961942
0.0894747916842107
0.0829164211766624
0.079788738321696
0.080445248716444
0.0768529585051851
0.0955449877956482
0.0756948068344627
0.0989352748085253
0.0823440787812615
0.0864481104284209
0.0865322784277396
0.0856030637151832
0.0816034003871664
0.0822498106220166
0.0802735459978123
0.0766745223466216
0.0817751031057981
0.0837076003703601
0.0811724602306185
0.0876062620991434
0.0907911791936726
0.0809233229526285
0.0751123642791072
0.0906497769548196
0.0794453328844327
0.0783612490531311
0.0863033414695735
0.0835358976517284
0.0804553488763702
0.0844179782846766
0.071035266391732
0.0771458631428459
0.0793173975254717
0.0903467721572326
0.0793173975254717
0.0807583536739287
0.0833843952529207
0.0735939735712634
0.0814013971887846
0.0842395421260846
0.07803131049576
0.0788426900092531
0.0832093258143232
0.0871584883427374
0.0755803383553655
0.0785060180119501
0.082626883258996
0.0978612911371215
0.0777720730578437
0.0781222119350389
0.0778932749768728
0.074442387004467
0.0835897651712969
0.0825326150997512
0.082966921976265
0.082185842942522
0.0735636730914848
0.0753480346772335
0.0862932413096473
0.0795362343237116
0.0746410234828829
0.077623937379002
0.0781828128945392
0.0751561316387495
0.0831352579749307
0.0779808096961574
0.0862057065903628
0.0821185085430614
0.0866400134668766
0.0754625031563023
0.0860777712313734
0.0726546586987809
0.0775364026597174
0.0825157814998931
0.080549617035615
0.0775498695396095
0.0697794798417704
0.0822700109418406
0.0835426310916603
0.0823844794209379
0.0817650029459003
0.0684900260920926
0.0886432118508651
0.080997390792021
0.0775801700193597
0.0871147209830951
0.0727152596582812
0.073109165895147
0.0801927447184596
0.0813744634290003
0.0719914148640726
0.0762267485901873
0.0823777459809776
0.085700698594394
0.0757890749937076
0.0670086693039309
0.0765566871475585
0.0745669556434621
0.0766408551468771
0.0747420250820596
0.0747150913222754
0.0769404932244697
0.0783242151334207
0.0751998989984202
0.0767654237858721
0.0743716858850405
0.0780178436158678
0.0720351822237149
0.0760079117919474
0.0729879639760895
0.0805563504755469
0.0765499537075982
0.074338018685296
0.0784521504923816
0.0790076592879529
0.076182981230545
0.0773141991414832
0.0781828128945392
0.0765432202676664
0.0785026512919842
0.0852024240383855
0.0742976180456196
0.0753211009174493
0.0647226664422362
0.0778932749768728
0.0801624442387094
0.0788224896894292
0.0805428835956548
0.0729744970961974
0.0768899924248956
0.0751493981988176
0.0685943944112637
0.074637656762917
0.0747420250820596
0.0660895547513007
0.0760348455517317
0.0820141402238903
0.0679951182560501
0.0746477569228148
0.0653623432370978
0.07675195690598
0.0737959767696452
0.0820478074236348
0.0790581600875555
0.0820680077434588
0.0661400555508749
0.0727421934180654
0.0727152596582812
0.0736983418904344
0.0733751367729951
0.0801456106388514
0.0717523777459803
0.0793779984849721
0.0734727716522343
0.0754557697163705
0.0766778890665876
0.0727825940577418
0.0724762225401889
0.0773209325814435
0.0691297028869826
0.0771458631428459
0.0735199057318425
0.0740585809275274
0.0737421092500767
0.0664767275482063
0.080906489352742
0.0722641191818809
0.0712574699099378
0.076290716269682
0.0705538254355815
0.0765297533877742
0.0792029290463745
0.0622144600622789
0.0752369329181022
0.0750517633196068
0.0783646157730971
0.0741427489268744
0.072456022220365
0.0666484302668096
0.075987711472095
0.0762166484302611
0.0699040484807654
0.070964565272277
0.0702440871980627
0.0729913306960839
0.0667864657857251
0.0758631428331
0.0703383553573076
0.0659077518727429
0.0738599444491399
0.0691970372864432
0.0727152596582812
0.0654835451561269
0.0738969783688219
0.0865322784277396
0.07541873579666
0.0736209073310476
0.0743312852453641
0.0658336840333504
0.0724930561400754
0.0703147883174893
0.0689411665684645
0.073253934853966
0.0785531520915868
0.0699141486406916
0.0658976517128167
0.0653522430772
0.0752133658783123
0.0738868782089241
0.0760516791515897
0.0679143169766974
0.0675978452992183
0.0703686558370578
0.0644970962040361
0.0804048480767676
0.0680590859355448
0.0710251662318058
0.0709039643127767
0.0603863311169164
0.0719846814241407
0.0746342900429227
0.0754726033162285
0.0726378250988944
0.0652546081979608
0.0755197373958367
0.0672106725023127
0.0689041326487825
0.0680052184159763
0.0691734702466249
0.06624105715008
0.0614232808686097
0.0681802878545739
0.0716816766265538
0.0648842690009417
0.0662376904301141
0.0661131217910906
0.0653522430772
0.0615747832674174
0.0658336840333504
0.073573773251411
0.0624804309401554
0.0699040484807654
0.0648371349213051
0.0669447016244362
0.0645139298038941
0.0644869960441099
0.0665238616278145
0.0746679572426672
0.0692105041663353
0.0658606177931347
0.0720149819038909
0.0653522430772
0.0682476222540345
0.0684294251325639
0.0677998484976001
0.0611169093510853
0.072240552142091
0.0616252840669915
0.0688637320091061
0.0649482366804079
0.0711632017506929
0.0673083073815519
0.0620831579833521
0.0643994613248253
0.0646351317229232
0.0667191313862645
0.0742807844457616
0.0658976517128167
0.0685943944112637
0.0670591701035335
0.0750719636394308
0.0667157646662702
0.0718062452655488
0.0682442555340401
0.0702777543977788
0.0685169598518769
0.0606893359145033
0.0653791768369842
0.0632783435737849
0.0676416126588606
0.0618946216648624
0.0617902533456913
0.0669716353842205
0.0632446763740404
0.0598678562410555
0.0668335998653333
0.0603055298375637
0.0655340459557294
0.0632783435737849
0.0700185169598626
0.0631605083747218
0.0701026849591813
0.0644499621243995
0.0638574194091461
0.0711968689504374
0.0595177173638604
0.0646519653227813
0.0624938978200476
0.0654633448363029
0.0686819291305483
0.0682004881743978
0.0666989310664121
0.0656081137951503
0.0657596161939296
0.0645341301237465
0.0659346856325271
0.0612919787896828
0.0666046629071673
0.0675911118592865
0.0623457621412342
0.0673857419409103
0.0711194343910506
0.0628305698173506
0.0681331537749372
0.0668403333052936
0.062406363100763
0.0620461240636416
0.0731866004545054
0.0707389950341053
0.0589925090480676
0.0682072216143581
0.0630359397357267
0.0712911371096823
0.0649112027607259
0.067466543220263
0.062402996380797
0.061642117666878
0.0697289790421678
0.0617229189462307
0.0623794293409787
0.0621774261425969
0.0657528827539977
0.064483629324144
0.0570667452234659
0.066473360828212
0.0578915916168796
0.0598644895210896
0.0625174648598659
0.060682602474543
0.0575885868192927
0.0644600622843257
0.0603223634374217
0.0632379429341086
0.06604578739163
0.0621538591027786
0.0689815672081409
0.0614704149482463
0.0622380271020972
0.064715933002276
0.0628575035771348
0.0649886373200843
0.06054120023569
0.0679244171366236
0.0647765339618047
0.0568647420250841
0.063382711892956
0.0630191061358403
0.0626656005386792
0.0651704401986422
0.0699141486406916
0.0605209999158376
0.0678436158572708
0.0596321858429576
0.0582787644137852
0.0668167662654753
0.0584942344920591
0.0624938978200476
0.0612414779900803
0.0607937042336459
0.066365625789075
0.0595311842437525
0.0640728894874201
0.0589925090480676
0.0579824930561585
0.0666787307465881
0.0625376651797183
0.0571778469825972
0.0609788738321697
0.0555449877956562
0.0533566198131439
0.0683486238532112
0.0577400892181004
0.0610495749516247
0.0654700782762347
0.0585784024913778
0.0589925090480676
0.0552588165979273
0.0637092837303328
0.0612010773504039
0.0601809611985686
0.0605209999158376
0.0703248884774155
0.0597163538422762
0.0658841848329246
0.0612886120696885
0.0605883343152982
0.0603863311169164
0.0600664927194714
0.0582787644137852
0.0558984933928173
0.0622144600622789
0.0626992677384237
0.0634938136520589
0.0570229778638236
0.0599991583200108
0.0549726454002268
0.0617296523861626
0.0669783688241807
0.0672712734618415
0.0655744465954058
0.0614401144684962
0.0543060348455526
0.0596591196027418
0.0635342142917352
0.063167241814682
0.0604502987964111
0.0567536402659812
0.061450214628394
0.0563900345088939
0.0628373032573109
0.0575279858597924
0.0665945627472411
0.064396094604831
0.0539525292483916
0.0674194091406548
0.0561711977106256
0.0520099318239318
0.0614098139887176
0.0619552226243627
0.060453665516377
0.0631807086945742
0.052464439020298
0.058164295934688
0.0620259237437892
0.0559759279522041
0.0588443733692543
0.0566492719468101
0.0776104704991099
0.0608846056729249
0.0554776533961956
0.0585279016917752
0.0591642117666993
0.0563058665095468
0.0574640181802977
0.0607331032741456
0.0577737564178165
0.0600833263193294
0.0524307718205534
0.0632716101338247
0.0537673596498678
0.061305445669575
0.0655239457958032
0.0546561737227478
0.0621673259826707
0.0615310159077467
0.0554136857167009
0.0608004376736062
0.053457621412349
0.0586827708105488
0.062530931739758
0.0550164127598691
0.0573764834609847
0.05642370170861
0.0578276239373849
0.0623491288612001
0.0566257049069918
0.0589857756081074
0.0541747327665973
0.0598644895210896
0.0597399208820946
0.0599284572005843
0.0601843279185346
0.0574067839407633
0.0591608450467334
0.056299133069615
0.0561880313105121
0.053477821732173
0.0574909519400819
0.0569085093847264
0.0519695311842554
0.0586356367309122
0.0544811042841502
0.0583561989731436
0.0560903964312729
0.0553968521168429
0.0544003030047975
0.0579622927363062
0.0557436242740721
0.0599486575204082
0.0549356114805164
0.0597500210420208
0.0529324130965563
0.0538784614089707
0.0567334399461288
0.0551746485986087
0.0534508879723887
0.0550837471593297
0.0670558033835675
0.0604435653564508
0.0544272367645817
0.0548211430014476
0.0478082652975331
0.0557772914737882
0.0522624358219161
0.0538986617288231
0.0577400892181004
0.0539996633279998
0.0543565356451552
0.061305445669575
0.0541814662065576
0.0530401481356932
0.0619956232640391
0.0519190303846528
0.0550096793199373
0.0628204696574528
0.0579858597761245
0.0533869202929225
0.058036360575727
0.056406868108752
0.0558850265129252
0.056386667788928
0.0525923743792589
0.0538245938894022
0.0530771820554037
0.0527539769379644
0.0616488511068098
0.0560802962713751
0.0538784614089707
0.0519459641444371
0.06276323541789
0.0548144095614873
0.0533162191734675
0.0537707263698337
0.0536427910108728
0.0532960188536435
0.0551881154785008
0.0574269842605872
0.0517944617456578
0.0522927363016663
0.0543834694049394
0.0529324130965563
0.050420839996633
0.0519594310243292
0.0540838313273468
0.0526024745391851
0.0556796565945774
0.0544844710041446
0.0579589260163402
0.0580599276155169
0.0489091827287211
0.0509763487922044
0.051292820469655
0.0517708947058395
0.0546258732429976
0.0538919282888628
0.050952781752386
0.0560028617119883
0.0517607945459133
0.0531579833347564
0.0536461577308387
0.0536427910108728
0.0545181382038606
0.053245518054041
0.0597735880818107
0.0523196700614506
0.0553867519569167
0.0521513340627848
0.05400639676796
0.0560903964312729
0.0547470751620267
0.0561610975507278
0.0585144348118831
0.048875515529005
0.059369581685047
0.064396094604831
0.0460272704317788
0.0501279353589723
0.0529896473360907
0.0523230367814165
0.0592315461661599
0.0513904553488942
0.0462360070701209
0.0481584041747283
0.0508450467132491
0.051397188788826
0.0524307718205534
0.0546023062031793
0.0476836966585381
0.0526260415790034
0.0498619644811242
0.0542353337261261
0.0560701961114489
0.0505151081558779
0.0567267065061969
0.0548177762814532
0.0487778806497943
0.0517877283056976
0.0532825519737514
0.0536831916505491
0.0548514434811977
0.0528785455769878
0.0508888140728914
0.049747496002027
0.0524408719804796
0.0530670818954775
0.0498585977611299
0.0514207558286444
0.0511143843110915
0.0458825014729598
0.0494512246444003
0.0530872822153015
0.053565356451486
0.0572283477821713
0.0535114889319175
0.0541208652470289
0.0511110175911256
0.0513433212692576
0.0614838818281385
0.0494714249642243
0.05008416799933
0.0519695311842554
0.0522590691019218
0.050956148472352
0.052286002861706
0.0509056476727494
0.0547470751620267
0.0498316640013456
0.051949330864403
0.0502121033583194
0.0467410150660896
0.0528516118172035
0.0518853631849368
0.0506935443144698
0.0522759027018083
0.0483200067334337
0.0557335241141459
0.0464582105883551
0.0460138035518867
0.0447613837219194
0.049535392643719
0.0496262940829979
0.0527034761383902
0.0495993603232137
0.0511211177510518
0.0465322784277475
0.0462764077097972
0.0530872822153015
0.0512625199899048
0.0498282972813797
0.0478082652975331
0.0534811884521673
0.0524577055803377
0.0503770726369908
0.0505858092753328
0.0487812473697602
0.0489091827287211
0.0488250147294025
0.0484277417725991
0.0546326066829579
0.0562587324299386
0.0467746822658057
0.049979799680159
0.0441957747664503
0.0595614847235026
0.0508787139129652
0.0536091238111283
0.0469127177846929
0.0515958252672419
0.0498585977611299
0.0514207558286444
0.0507070111943619
0.051275986869797
0.0531512498947961
0.0543767359649792
0.0495387593636849
0.0522052015823533
0.0525923743792589
0.0506060095951568
0.0492256544062002
0.049622927363032
0.0459363689925283
0.0567401733860891
0.0484277417725991
0.044047639087637
0.0482829728137517
0.0509662486322782
0.0498047302415614
0.0430207894958414
0.0484614089723152
0.0441116067671032
0.0509628819123122
0.0489394832084997
0.0535148556518834
0.0464279101085765
0.052020031983858
0.0544036697247918
0.0450744886794041
0.0452461913980358
0.0494512246444003
0.0481584041747283
0.0516665263866685
0.041014224391887
0.0428490867772098
0.0469295513845793
0.0507305782341518
0.0518819964649424
0.0497037286423847
0.0509931823920624
0.050191903038467
0.046037370591705
0.0481584041747283
0.0444348118845426
0.047774598097817
0.0484917094520654
0.0499629660803009
0.0483301068933599
0.0491616867267055
0.0477139971382883
0.0500303004797615
0.0473436579412692
0.0496296608029638
0.0458320006733572
0.0506464102348332
0.0448724854810223
0.0488485817692208
0.0458320006733572
0.0434954970120316
0.0421925763824618
0.0442833094857349
0.0453909603568832
0.0457781331537888
0.0468117161855162
0.0468992509048007
0.0476062620991513
0.0451350896389329
0.0519257638246131
0.0458825014729598
0.0456299974749754
0.0475321942597589
0.0467309149061634
0.0481718710546204
0.0440240720478187
0.0441082400471373
0.0504982745560199
0.0452495581180017
0.0475086272199405
0.0484546755323834
0.0475793283393671
0.0456030637151912
0.0455424627556624
0.0418222371854426
0.0469160845046872
0.046905984344761
0.0465221782678213
0.041882838144943
0.04769043009847
0.0469127177846929
0.0458825014729598
0.0458320006733572
0.0508080127935386
0.0460272704317788
0.0427817523777492
0.0444752125242189
0.0468218163454424
0.0473369245013089
0.0494545913643663
0.044047639087637
0.0437345341301238
0.0478318323373514
0.0466871475465211
0.0452966921976383
0.0475355609797248
0.0487139129702996
0.0519459641444371
0.045256291557962
0.0474614931403039
0.0465221782678213
0.0489495833683975
0.0428726538170281
0.0432362595741154
0.0447344499621352
0.0421892096624958
0.0467915158656638
0.0420646410235008
0.0490943523272449
0.0451519232387909
0.0420680077434668
0.0427851190977151
0.0472695901018483
0.0549120444406981
0.0431453581348364
0.050171702718643
0.0433237942934284
0.0435964986112367
0.045360659877133
0.0412330611901552
0.0446906826024929
0.0488283814493684
0.0480843363353358
0.0498922649608744
0.0470675869034665
0.0445728474034297
0.0431285245349784
0.0474917936200825
0.0462966080296212
0.0455862301153047
0.0480607692955175
0.049622927363032
0.0451283561989726
0.0453269926773885
0.0430207894958414
0.0440308054877505
0.0442361754061267
0.0432901270936839
0.0451182560390748
0.0422498106219962
0.0467948825856581
0.0457814998737547
0.0429063210167442
0.0493838902449397
0.0474345593805197
0.0433338944533261
0.0457478326740386
0.0465221782678213
0.0482897062536836
0.0444987795640088
0.0437816682097605
0.0443068765255532
0.0422363437421041
0.0418121370255164
0.0416269674269927
0.0460878713913075
0.0448825856409485
0.0493636899250873
0.0449903206800855
0.0424181466206619
0.0405327834357365
0.0433742950930025
0.0448623853210961
0.0418256039054086
0.0429332547765284
0.0421286087029671
0.0408795555929657
0.040142243918865
0.0431049574951601
0.042111775103109
0.043852369329187
0.0441183402070635
0.0450138877199038
0.0455626630755148
0.0405597171955208
0.0454010605168094
0.0444752125242189
0.0437951350896526
0.0456501977947994
0.044276576045803
0.0427177846982545
0.0465053446679633
0.0425460819796513
0.0431823920545469
0.0407617203939026
0.04527312515782
0.0414148640686847
0.0449095194007327
0.043091490615268
0.0440207053278527
0.0387820890497608
0.0445560138035717
0.0414821984681453
0.044936453160517
0.0410781920713816
0.0433069606935419
0.0444348118845426
0.0441520074067796
0.0435527312515944
0.0448792189209826
0.0429669219762729
0.0414956653480374
0.0387820890497608
0.042771652217823
0.0432901270936839
0.0412498947900133
0.0410579917515292
0.0415259658277876
0.0403105799175307
0.0394891002440829
0.0389504250483981
0.0472729568218142
0.0412027607103767
0.0420646410235008
0.0428255197373915
0.0432732934938258
0.0423104115815249
0.0417010352663851
0.042643716858862
0.0411825603905527
0.0441957747664503
0.04065735207476
0.0430679235754781
0.0391153943270979
0.0448825856409485
0.0409098560727159
0.0423676458210593
0.0443506438851955
0.0457478326740386
0.0409839239121368
0.0438591027691473
0.0420814746233589
0.0419670061442616
0.0411286928709842
0.0417616362259139
0.0441755744465979
0.0386474202508396
0.0414518979883951
0.0462292736301606
0.043391128692889
0.0448388182813062
0.041010857671921
0.0432059590943652
0.041031057991745
0.038169346014655
0.0449970541200173
0.0421084083831431
0.0426841174985384
0.0385026512919922
0.0379909098560915
0.0392500631260191
0.0388931908088637
0.0379909098560915
0.0394587997643328
0.0367755239458063
0.044848918441204
0.0429265213365966
0.0375061021799468
0.0395227674438274
0.0448691187610564
0.0416606346267088
0.0404721824762362
0.0376104704991178
0.0387147546503002
0.039718037202249
0.0417077687063454
0.0401792778385754
0.0390716269674272
0.0416572679067428
0.0452057907583594
0.0401759111186095
0.0429265213365966
0.0404014813567812
0.0409435232724604
0.0422531773419905
0.0359001767528184
0.0433574614931445
0.0421218752630352
0.0393342311253377
0.0392837303257352
0.0417616362259139
0.0421252419830012
0.0431487248548308
0.0379875431360972
0.0408795555929657
0.04065735207476
0.0391322279269559
0.0413273293494001
0.0386608871307317
0.0447748506018115
0.0396608029627146
0.0392601632859169
0.0399739079202277
0.0392466964060247
0.0432362595741154
0.0430746570154099
0.0376138372190837
0.0418693712650509
0.0419804730241538
0.0425023146199806
0.0422599107819224
0.0385767191313846
0.0431386246949046
0.0366509553068113
0.0374859018601228
0.0386608871307317
0.0421420755828592
0.0388696237690453
0.0400244087198018
0.0400681760794726
0.0382232135342235
0.0369943607440462
0.0413912970288663
0.0402196784782518
0.0399166736806649
0.0364051847487588
0.0410175911118529
0.040354347277173
0.0417616362259139
0.0407448867940445
0.0419064051847613
0.0416741015066009
0.0386406868108793
0.0371054625031775
0.0356948068344423
0.0376643380186863
0.0388056560895507
0.0396136688831064
0.0356510394748
0.0370818954633592
0.0411084925511318
0.0425494486996172
0.0376778048985784
0.0398762730409885
0.0402903795976783
0.0380851780153364
0.0363917178688666
0.0423575456611331
0.0376576045787544
0.0414653648682872
0.0375094688999411
0.0410478915916315
0.0406102179951233
0.0419333389445455
0.0388931908088637
0.037408467300736
0.0384588839323499
0.0424383469405143
0.0403711808770311
0.0379269421765969
0.0375599696995153
0.0370953623432513
0.0352840669977468
0.0366711556266353
0.0391524282467799
0.0363950845888326
0.0391524282467799
0.0372401313020987
0.0385699856914528
0.0366745223466012
0.0395227674438274
0.0321429172628598
0.0371727969026381
0.039909940240733
0.0370953623432513
0.0388662570490794
0.0385026512919922
0.0405563504755548
0.0394520663244009
0.0404688157562703
0.0371424964228595
0.0379909098560915
0.0375902701792938
0.0381962797744393
0.0411118592711262
0.0396608029627146
0.0366307549869589
0.0389638919282902
0.0384891844121
0.037408467300736
0.03609544651124
0.0371458631428538
0.0385834525713449
0.0384151165726792
0.0389302247285741
0.0383477821732185
0.038401649692787
0.0337724097298349
0.0411118592711262
0.0386777207305897
0.0362334820301271
0.0381020116151944
0.0404452487164519
0.0387652554498743
0.0382804477737579
0.0397449709620616
0.0376811716185443
0.0384285834525713
0.0359742445922109
0.0348968942008412
0.0365667873074642
0.0389100244087217
0.0367654237858801
0.0332842353337242
0.0373310327413492
0.0410714586314498
0.0350079959599441
0.0361021799512002
0.0363546839491562
0.0348834273209491
0.0372434980220646
0.0376172039390781
0.0367755239458063
0.0316547428667775
0.0392702634458431
0.0332000673344055
0.0369909940240802
0.036092079791274
0.0377417725780731
0.0378663412170681
0.0375364026597254
0.0352537665179682
0.0383477821732185
0.0371828970625359
0.0348968942008412
0.0375869034592995
0.0371492298628198
0.0364018180287928
0.0380077434559496
0.0372805319417751
0.0370515949835806
0.036324383469406
0.0393645316050879
0.0360685127514557
0.0362671492298716
0.0346039895631804
0.0361863479505189
0.0394217658446223
0.0364624189883216
0.0399806413601596
0.0374017338608041
0.0428221530174255
0.0347521252419938
0.0365432202676743
0.0370179277838645
0.0379976432960234
0.0361728810706268
0.0320755828633992
0.0367822573857381
0.0375599696995153
0.0340754145273934
0.0344794209241854
0.0378798080969602
0.0330384647757
0.0346039895631804
0.0363109165895139
0.0373916337008779
0.0334155374126794
0.0323415537412757
0.0347521252419938
0.0306312599949479
0.0352739668378206
0.0361055466711662
0.0346477569228227
0.0383410487332867
0.0353648682770995
0.0349271946805914
0.0343413854052699
0.0325805908593679
0.0354254692365998
0.0360786129113819
0.0377249389782151
0.0369135594646934
0.0359742445922109
0.0369303930645515
0.0336916084504821
0.0337791431697667
0.032829728137358
0.0337724097298349
0.0357823415537553
0.0339676794882564
0.0355365709957027
0.0400547091995804
0.0391254944869956
0.0351325645989391
0.035667873074658
0.0371256628230014
0.0311598350307349
0.0361897146704848
0.0335502062116007
0.0371357629829276
0.0351796986785757
0.0364186516286509
0.0334593047723217
0.0366913559464876
0.035435569396526
0.0361930813904507
0.0314796734281799
0.0357284740341868
0.0414215975086449
0.0321563841427519
0.0316951435064539
0.0335603063715268
0.0306851275145164
0.0323785876609861
0.0315672081474645
0.0338734113290116
0.0347083578823515
0.0351897988385019
0.0363614173891165
0.0355029037959866
0.0332236343742238
0.0341966164464225
0.0302474539180366
0.0344659540442933
0.0341090817271379
0.0341696826866382
0.0355399377156971
0.0306514603148003
0.033270768453832
0.0332472014140421
0.0344726874842252
0.0332202676542579
0.032045282383649
0.0334896052521003
0.0324863227001231
0.0363614173891165
0.0345366551637198
0.0322338187021387
0.0383646157730766
0.0306413601548741
0.0356140055550895
0.0351325645989391
0.0334155374126794
0.0311699351906611
0.0362772493897978
0.0332505681340081
0.0335098055719243
0.0344827876441514
0.0362839828297297
0.0304561905563503
0.036411918188719
0.0324930561400549
0.0330721319754161
0.0336882417304878
0.0332000673344055
0.0366206548270327
0.0309578318323531
0.0347554919619597
0.0323247201414176
0.0323146199814914
0.0297020452823915
0.0330519316555922
0.0317052436663516
0.0329408298964893
0.0335199057318505
0.0316446427068513
0.0326883258985049
0.0319644811042963
0.0315975086272147
0.0316278091069933
0.0327287265381813
0.0316715764666355
0.0309073310327506
0.0319914148640805
0.0323213534214233
0.0310925006312743
0.031937547344512
0.0344558538843671
0.0307793956737612
0.0308130628735057
0.0338599444491194
0.032597424459226
0.0322371854221046
0.0312574699099457
0.0331192660550528
0.0305874926353056
0.0323112532615255
0.0359607777123188
0.0349675953202677
0.0325267233397994
0.032701792778397
0.0317220772662381
0.0319779479841884
0.0295303425637599
0.0333246359734005
0.0385060180119581
0.0307591953539372
0.0326344583789364
0.0304528238363844
0.0328431950172501
0.0322876862217072
0.031156468310769
0.0319308139045518
0.0304932244760607
0.0333953370928555
0.0334290042925716
0.0304696574362424
0.0330249978958079
0.0319947815840465
0.0299377156805178
0.0311497348708087
0.030516791515879
0.0320621159835071
0.0317725780658407
0.0301834862385419
0.0302306203181502
0.0310925006312743
0.0306851275145164
0.0318432791852672
0.0332472014140421
0.0296885784024994
0.0315907751872828
0.0307591953539372
0.0322068849423545
0.0314123390287193
0.0303585556771395
0.0301531857587918
0.0305470919956292
0.0304191566366399
0.0299175153606654
0.0331192660550528
0.0295707432034362
0.0311867687905192
0.0308197963134376
0.0297020452823915
0.0306682939146583
0.0330687652554502
0.0320149819038988
0.0311026007912005
0.0302912212776789
0.0300723844794391
0.03323373453415
0.0303181550374632
0.0311295345509848
0.0310992340712062
0.0327455601380393
0.0301262519990075
0.0320149819038988
0.0317220772662381
0.0304494571164184
0.0302777543977868
0.0332573015739399
0.030304688157571
0.0314561063883616
0.0294933086440494
0.0320149819038988
0.0333515697331848
0.0313248043094063
0.0308803972729663
0.0300959515192289
0.0315773083073907
0.0298400808012786
0.0291364363269224
0.0316985102264198
0.0320553825435752
0.0292340712061332
0.0317490110260223
0.0281567208147635
0.0329778638161713
0.0316244423869989
0.0312305361501615
0.0301498190387974
0.0309140644726824
0.0280792862553767
0.03083999663329
0.031156468310769
0.0302508206380026
0.0303282551973894
0.0321328171029336
0.0296212440030388
0.0307120612743006
0.0301767527985817
0.0301565524787577
0.0304157899166739
0.029648177762823
0.0298872148809153
0.0307120612743006
0.0289647336082908
0.0294125073646967
0.0307221614342268
0.0308635636731083
0.0298838481609494
0.031388771988901
0.0289546334483646
0.0299949499200523
0.0326075246191522
0.0282711892938323
0.0308130628735057
0.0306312599949479
0.0303215217574291
0.0298569144011651
0.0300555508795526
0.0297458126420338
0.0315537412675724
0.0337589428499427
0.0307591953539372
0.0291802036865647
0.0301632859186896
0.03083999663329
0.0330283646157739
0.0295976769632205
0.0300050500799784
0.0286314283309537
0.030075751199405
0.0280792862553767
0.0295101422439359
0.0310083326319273
0.0288031310495853
0.0298569144011651
0.0307423617540792
0.0308130628735057
0.0307760289537953
0.0302541873579685
0.0300488174396207
0.0295707432034362
0.0282543556939743
0.0281095867351269
0.0271972056224286
0.0311968689504454
0.0282711892938323
0.0313517380691906
0.0286381617709139
0.0309073310327506
0.028567460651459
0.0300084167999444
0.0306144263950898
0.0285573604915612
0.0289849339281147
0.0296818449625391
0.0297155121622836
0.0281769211345875
0.0308433633532559
0.0304326235165604
0.0290960356872461
0.0317927783856646
0.0288536318491879
0.0303652891170714
0.0301700193586498
0.0304090564767421
0.0293350728053383
0.0295875768032943
0.0299006817608074
0.0302844878377186
0.0287021294503802
0.0309039643127846
0.0281567208147635
0.0289546334483646
0.0306144263950898
0.0307625620739032
0.0276483460988288
0.02956064304351
0.0299983166400182
0.0288906657688699
0.0273891086608842
0.0277224139382213
0.0294461745644412
0.0297828465617442
0.0285001262519984
0.0303450887972474
0.0307255281541927
0.0264329601885436
0.0276752798586131
0.0312675700698719
0.0302844878377186
0.0287492635300168
0.027042336503655
0.0292273377662013
0.029331706085344
0.028675195690596
0.0283284235333667
0.0293687400050544
0.0272578065819573
0.0286953960104483
0.030308054877537
0.0296145105630785
0.0292711051258436
0.0295101422439359
0.0303787559969635
0.0279042168167791
0.0303854894369238
0.0289950340880409
0.0285842942513455
0.0276752798586131
0.0292273377662013
0.0279244171366031
0.0285741940914193
0.0286078612911354
0.0289815672081488
0.0311598350307349
0.027698846898403
0.0289647336082908
0.0281567208147635
0.0285405268916747
0.0297963134416364
0.0288805656089721
0.0277291473781816
0.0290623684875015
0.0305605588755213
0.0298670145610629
0.0267123979463122
0.0276416126588686
0.0298939483208471
0.029523609123828
0.028762730409909
0.0312002356704113
0.0278402491372844
0.0289546334483646
0.0276483460988288
0.0286314283309537
0.0282408888140822
0.0266888309064939
0.0307591953539372
0.0263050248295542
0.0281196868950531
0.0279042168167791
0.0278099486575343
0.0282543556939743
0.0280590859355243
0.0275338776197316
0.0304090564767421
0.0284900260921006
0.0294764750441914
0.0280018516959899
0.0269211345846259
0.0290691019274618
0.0282442555340481
0.0280792862553767
0.0291667368066726
0.027678646578579
0.0275136772999076
0.0280658193754846
0.0292509048059912
0.0253118424375032
0.0325334567797313
0.0280826529753426
0.0281095867351269
0.0293485396852304
0.0296010436831864
0.0276214123390446
0.0269817355441546
0.0287694638498408
0.0252916421176792
0.0255912801952718
0.0299848497601261
0.0299814830401601
0.0249078360407395
0.026934601464518
0.028318323373469
0.0287458968100509
0.0254633448363109
0.0270187694638651
0.025261341637929
0.0296818449625391
0.027126504503002
0.0238506859691938
0.028351990573185
0.0267123979463122
0.0269615352243022
0.0287559969699487
0.0282341553741219
0.0267258648262043
0.0280624526555187
0.0283923912128614
0.0274025755407763
0.0259481525124272
0.0276315124989424
0.0283250568134008
0.0284092248127195
0.0288367982493014
0.0273487080212078
0.029988216480092
0.025476811716203
0.0278469825772447
0.0263858261089069
0.025917852032677
0.0281567208147635
0.0253084757175372
0.0287324299301588
0.0274194091406628
0.0279749179362057
0.0251031057991895
0.0249650702802739
0.0279277838565974
0.0288367982493014
0.0268302331453754
0.0264228600286174
0.03039558959685
0.0284799259321744
0.0247395000421022
0.0268437000252675
0.0286145947310956
0.0276820132985449
0.0293956737648386
0.0297794798417783
0.0265608955475329
0.0283385236932929
0.0275574446595499
0.0283385236932929
0.0278402491372844
0.0258639845131086
0.0269413349044783
0.0275776449793739
0.0258067502735457
0.0260962881912405
0.0284731924922141
0.024284992845736
0.0248102011615288
0.026490194428078
0.026685464186528
0.0250627051595131
0.026685464186528
0.0250660718794791
0.0252445080380426
0.0276887467385052
0.0245576971635444
0.0256788149145848
0.0282644558539005
0.0254902785960951
0.0256249473950163
0.0274766433801972
0.0249078360407395
0.0259279521925748
0.0263184917094463
0.0265608955475329
0.025264708357895
0.0251536065987921
0.0262814577897643
0.030516791515879
0.0251502398787977
0.0258505176332164
0.0280119518559161
0.025369076677066
0.0278335156973526
0.0258437841932562
0.0271837387425364
0.0267662654658807
0.0254700782762427
0.027038969783689
0.0249852706001263
0.0266585304267437
0.0247529669219944
0.0252781752377871
0.0273251409814179
0.0237025502903805
0.0258572510731483
0.0268302331453754
0.0273823752209523
0.0271871054625024
0.0250324046797346
0.0241772578065991
0.0251805403585763
0.0239988216480072
0.0265070280279645
0.0246351317229312
0.0252041073983662
0.0223962629408447
0.0246182981230731
0.0264026597087934
0.0253993771568162
0.0255071121959531
0.0251401397188999
0.0261097550711327
0.0252546081979688
0.0263016581095883
0.0260693544314563
0.0263723592290148
0.0242210251662414
0.0256720814746245
0.0263555256291568
0.0250458715596267
0.0253253093173953
0.0249920040400582
0.0251502398787977
0.024625031563005
0.0246721656426416
0.0264464270684357
0.0253926437168559
0.0251199393990476
0.0269177678646599
0.0243354936453102
0.0257124821143009
0.0252714417978268
0.0251805403585763
0.0245846309233286
0.0273756417809921
0.0236688830906644
0.0254700782762427
0.0235712482114252
0.0267830990657387
0.0261838229105251
0.026362259069117
0.0229820722161378
0.0278570827371425
0.0245610638835103
0.0239988216480072
0.0282745560137982
0.0257932833936536
0.023756417809949
0.024961703560308
0.0249684370002683
0.0242816261257417
0.025369076677066
0.0246553320427552
0.0253522430771795
0.0251435064388659
0.0231100075751272
0.0272241393822128
0.0246721656426416
0.025173806918616
0.0255643464354876
0.0218104536655233
0.025369076677066
0.025069438599445
0.0260323205117459
0.0258909182728928
0.0248337682013471
0.0272106725023207
0.0227767022977901
0.0252781752377871
0.0235375810117091
0.0248741688410234
0.0244533288443733
0.024749600202
0.0243119266055203
0.0246822658025394
0.0251435064388659
0.0230595067755246
0.0250559717195529
0.0231436747748717
0.0238506859691938
0.0252175742782583
0.0248775355609894
0.0227767022977901
0.0243994613248049
0.0244230283646232
0.0254633448363109
0.0255542462755614
0.0266618971467096
0.0253354094773215
0.0245576971635444
0.0253859102769241
0.022884437336927
0.0272645400218892
0.0249549701203762
0.0256485144348062
0.0244028280447708
0.0246586987627495
0.0239180203686544
0.0245576971635444
0.0245475970036182
0.0245980978032208
0.0243152933254862
0.02430519316556
0.0252377745981107
0.0208644053530804
0.0242546923659575
0.0242075582863492
0.0239954549280412
0.024200824846389
0.0235375810117091
0.0241065566871441
0.0249482366804159
0.0244667957242655
0.0245576971635444
0.0227767022977901
0.023099907415201
0.0240627893275018
0.0235880818113117
0.0239584210083308
0.0244061947647651
0.0244768958841917
0.0235948152512435
0.0242479589260256
0.0246283982829709
0.0217262856662046
0.0235746149314195
0.0237496843700171
0.0238271189294039
0.0242816261257417
0.0225309317397659
0.0243186600454521
0.0249314030805579
0.0240661560474678
0.0245071963639418
0.0241368571669227
0.0236722498106303
0.0237328507701307
0.0229517717363876
0.0248741688410234
0.0230729736554167
0.0229113710967113
0.0226959010184373
0.025069438599445
0.0228474034172166
0.0248640686810973
0.022227926942179
0.0246182981230731
0.0270524366635811
0.0258774513930007
0.0236991835704146
0.0226790674185793
0.0219013551048022
0.022867603737069
0.0224029963807766
0.0226790674185793
0.0253623432371057
0.022352495581174
0.0227767022977901
0.0208644053530804
0.0234298459725721
0.0235544146115672
0.0246182981230731
0.0213694133490492
0.0249011026008077
0.0238978200488305
0.0247159330022839
0.0223592290211343
0.0226454002188348
0.023840585809296
0.0247395000421022
0.0218676879050577
0.0238203854894437
0.0237766181298014
0.0252680750778609
0.0224130965407028
0.0243220267654181
0.0232817102937588
0.0228103694975346
0.0223255618213898
0.0236150155710959
0.0213189125494466
0.0225511320595899
0.0215781499873913
0.0211674101506674
0.0231571416547638
0.026362259069117
0.0238372190893017
0.0219518559044047
0.0239954549280412
0.0220057234239732
0.0226150997390846
0.0253993771568162
0.0250627051595131
0.0224029963807766
0.0241772578065991
0.0222245602222131
0.0202280952781848
0.0217498527059945
0.0227363016581137
0.0208644053530804
0.0208644053530804
0.0240291221277857
0.0227228347782216
0.0211404763908831
0.02146704822826
0.0234130123727141
0.0236688830906644
0.0202078949583324
0.0224905311000896
0.0231706085346559
0.0225982661392266
0.0216454843868519
0.0252175742782583
0.022227926942179
0.0226622338187212
0.0246115646831129
0.0212078107903437
0.0205513003955957
0.0233961787728276
0.0217532194259888
0.0226824341385452
0.0218643211850917
0.0232379429341165
0.023540947731675
0.0211606767107355
0.0221572258227525
0.0222784277417816
0.0198274556013871
0.0237126504503067
0.0222245602222131
0.0215343826277206
0.0205715007154481
0.0232110091743323
0.0227363016581137
0.0218878882249101
0.0223087282215317
0.021998989984013
0.019477316724192
0.0224299301405608
0.0239988216480072
0.0211674101506674
0.022211093342321
0.0209048059927568
0.0237631512499092
0.0227531352579717
0.021675784866602
0.0221605925427184
0.022884437336927
0.0239348539685409
0.0202078949583324
0.0199419240804843
0.0211842437505254
0.0208644053530804
0.0248337682013471
0.0215343826277206
0.0206321016749484
0.0208206379934381
0.0233625115731115
0.0203122632775035
0.0203795976769641
0.0213525797491911
0.0202078949583324
0.0215579496675389
0.0218340207053416
0.021978789664189
0.0223255618213898
0.0222211935022472
0.0218003535055971
0.0190766770473942
0.0225241982998057
0.0184605672923226
0.0223827960609526
0.0199621244003083
0.0219148219846943
0.0221673259826787
0.0213694133490492
0.0215848834273231
0.0212078107903437
0.02102264119182
0.0205681339954538
0.0214704149482543
0.0218340207053416
0.0209755071122117
0.0217060853463522
0.0172182476222531
0.0247866341217104
0.0205984344752324
0.0209620402323196
0.0215680498274651
0.0235510478916012
0.0219720562242287
0.0208442050332565
0.0212246443902018
0.0211573099907412
0.022759868697932
0.0204469320764247
0.0204906994360954
0.0200395589596951
0.0215108155879307
0.0215949835872493
0.021554582947573
0.0198476559212395
0.0197668546418583
0.021234744550128
0.0193190808854524
0.0196658530426816
0.0181171618550593
0.0212246443902018
0.0204906994360954
0.0217700530258469
0.0193796818449812
0.019793788401671
0.0198375557613133
0.0177804898577563
0.0222481272620314
0.0214300143085779
0.0198543893611713
0.0213458463092309
0.0219552226243707
0.0189790421681835
0.0208879723928987
0.0203560306371458
0.019618718963045
0.0206220015150222
0.0193291810453786
0.0181912296944802
0.0222548607019633
0.0201068933591557
0.0193157141654865
0.0202516623180031
0.0203964312768221
0.0203694975170379
0.0204166315966745
0.0213492130292252
0.0200361922397292
0.0212583115899463
0.0231066408551612
0.0191945122464574
0.0210697752714566
0.019601885363187
0.0220797912633657
0.0211775103105936
0.0214232808686177
0.0206489352748065
0.0195210840838342
0.0216656847066758
0.0195379176836923
0.0204166315966745
0.0209687736722515
0.0190396431276838
0.020275229357793
0.0190935106472523
0.0200092584799449
0.01816092921473
0.0211640434307014
0.0187905058496938
0.0168277081053816
0.0171879471425029
0.0200395589596951
0.0199789580001664
0.0210495749516042
0.0188275397693758
0.0209822405521436
0.0199856914401266
0.0206321016749484
0.0193931487248733
0.0191271778469968
0.0200294587997689
0.0194907836040841
0.0187871391296994
0.0179420924164617
0.0193796818449812
0.0178006901776087
0.0195379176836923
0.0211034424711727
0.0203930645568562
0.0194470162444418
0.0183326319333332
0.0180127935359167
0.020046292399627
0.0185851359313176
0.0207970709536198
0.0192551132059577
0.0193796818449812
0.0208341048733303
0.0210697752714566
0.0185110680919252
0.0208778722329726
0.0200058917599506
0.0193763151249868
0.0202886962376851
0.0188511068091941
0.0207970709536198
0.0194099823247313
0.0207802373537618
0.0195076172039421
0.0213795135089754
0.0185918693712779
0.0207937042336539
0.0174976853800217
0.0171879471425029
0.0183696658530437
0.0187332716101309
0.0186558370507726
0.0181508290548038
0.0184471004124305
0.0183629324131118
0.0197836882417448
0.018285497853725
0.0195715848834368
0.0185851359313176
0.0183797660129699
0.018625536570994
0.0169253429845924
0.0202179951182586
0.0177872232977165
0.015427152596601
0.0215747832673969
0.0200799595993715
0.0181137951350934
0.0201203602390478
0.0190463765676441
0.0179555592963538
0.0182720309738329
0.0193931487248733
0.0168277081053816
0.0172721151418216
0.0188410066492679
0.019066576887468
0.0173158825014923
0.0205209999158456
0.0186827708105568
0.0190362764077179
0.0185245349718173
0.0178680245770693
0.0180666610554852
0.0206085346351301
0.0193157141654865
0.0186625704907044
0.0176761215385852
0.0195715848834368
0.0201203602390478
0.0176323541789429
0.0178848581769273
0.0204199983166404
0.0183460988132254
0.0185312684117491
0.019032909687752
0.0199419240804843
0.0160196953118543
0.0189521084083992
0.0179319922565639
0.0170364447437237
0.0184437336924645
0.0179387256964958
0.0186423701708804
0.0192551132059577
0.0185683023314596
0.0182114300143041
0.0182821311337591
0.0178882248968932
0.0179084252167456
0.0180666610554852
0.01816092921473
0.0186962376904489
0.0181474623348379
0.0188208063294439
0.0158345257133305
0.0168209746654497
0.0188847740089386
0.0181440956148435
0.0192551132059577
0.0170667452234738
0.0191473781668208
0.0175549196195561
0.0152655500378955
0.0181777628145881
0.0167570069859551
0.0178107903375349
0.0171206127430423
0.0175077855399479
0.0185918693712779
0.019473950004226
0.0170431781836555
0.0171879471425029
0.0174842185001296
0.0175481861796243
0.0179824930561381
0.0187501052100174
0.0187871391296994
0.0180228936958144
0.0167267065062049
0.0172687484218557
0.0185548354515674
0.0182080632943382
0.0178814914569614
0.017948825856422
0.0191945122464574
0.0181036949751672
0.0179993266560246
0.0168108745055235
0.0172081474623553
0.0170667452234738
0.0177434559380458
0.0175616530595164
0.0176390876189032
0.0156863900345172
0.0189554751283652
0.0165078697079366
0.0186962376904489
0.0174572847403454
0.0158782930729728
0.0175313525797662
0.0203762309569981
0.0170465449036215
0.0167300732261708
0.0196894200825
0.0166391717868919
0.0169388098644845
0.0185481020116356
0.0164742025082205
0.0190362764077179
0.0176929551384717
0.0182316303341565
0.015659456274733
0.0166896725864945
0.0179084252167456
0.0167906741856712
0.0176020536991928
0.0177097887383297
0.0153362511573221
0.0187063378503467
0.0159725612322177
0.0168142412254895
0.0165516370676073
0.0177602895379323
0.016864742025092
0.0193426479252707
0.0168445417052396
0.0170128777039054
0.0179151586566775
0.0179319922565639
0.0170431781836555
0.016652638666784
0.0171879471425029
0.017097045703224
0.0173057823415661
0.0175683864994483
0.0172956821816399
0.0162048649103781
0.0177905900176825
0.0156459893948409
0.0190935106472523
0.0167166063462787
0.0163799343489757
0.0172889487417081
0.0157335241141254
0.0170330780237293
0.0158984933928252
0.0172956821816399
0.0153833852369303
0.0172350812221396
0.0173899503408848
0.0157166905142674
0.0165516370676073
0.0168883090649103
0.0175919535392666
0.0168176079454554
0.0169287097045867
0.0174067839407428
0.016652638666784
0.0156560895547671
0.0188275397693758
0.0168815756249501
0.0144137698846976
0.0159422607524675
0.0170263445837975
0.0158210588334384
0.0171879471425029
0.0164775692281864
0.016868108745058
0.0181710293746278
0.0182147967342985
0.0168512751451999
0.016864742025092
0.0156224223550225
0.0165247033078231
0.0162822994697365
0.0158479925932227
0.0173057823415661
0.0169287097045867
0.0188107061695177
0.0170600117835136
0.0168411749852737
0.0171475465028266
0.016884942344916
0.017524619139806
0.0157907583536883
0.0155146873158856
0.0148009426816031
0.0153665516370722
0.0160230620318202
0.0172653817018897
0.0163092332295207
0.0151881154785087
0.0164001346687996
0.0166829391465342
0.0164270684285839
0.0171307129029685
0.0161745644305995
0.0160634626714966
0.0157166905142674
0.0147268748421823
0.0158513593131886
0.016100496591207
0.0155752882754143
0.0161307970709572
0.0173798501809586
0.0154944869960616
0.0162822994697365
0.0166997727464206
0.0161476306708153
0.0164876693881126
0.0153867519569246
0.0167906741856712
0.0171812137025711
0.0158311589933646
0.0169455433044448
0.0157166905142674
0.0153867519569246
0.0151645484386904
0.0150534466795875
0.016315966669481
0.015659456274733
0.0165348034677208
0.0156325225149487
0.0157335241141254
0.0158479925932227
0.0154843868361354
0.0162721993098387
0.0160163285918884
0.0151308812389743
0.0171778469825767
0.0184201666526462
0.0152453497180431
0.0149524450803824
0.0163967679488337
0.0165146031478969
0.0170263445837975
0.0149861122801269
0.0153227842774299
0.0151241477990141
0.0157907583536883
0.0143296018853789
0.0162250652302021
0.015888393232899
0.0154776533961751
0.0158513593131886
0.0166560053867499
0.0144844710041241
0.0151881154785087
0.0160567292315648
0.0155853884353121
0.0151477148388324
0.0157503577140119
0.0152049490783668
0.0141612658867132
0.0166021378671815
0.0156796565945569
0.0151409813988721
0.0151881154785087
0.0149389782004903
0.0157739247538018
0.0156325225149487
0.0158176921134725
0.0158951266728593
0.0162149650702759
0.0156931234744491
0.0149962124400247
0.0155416210756698
0.0155247874758118
0.0156190556350566
0.0157907583536883
0.0156358892349147
0.0155853884353121
0.015002945879985
0.0150837471593377
0.0136764582105968
0.0168916757848763
0.0150972140392298
0.0153800185169644
0.0154338860365328
0.0150904805992695
0.0156796565945569
0.0153598181971404
0.0159557276323596
0.0157133237943015
0.0158479925932227
0.0152116825183271
0.0152621833179012
0.0142083999663498
0.0168310748253475
0.015975927952212
0.0152992172376116
0.0158311589933646
0.0147605420419268
0.0143195017254527
0.0153328844373561
0.0159557276323596
0.014346435485237
0.0146090396431475
0.0148581769211376
0.0153429845972539
0.0162149650702759
0.0152453497180431
0.0163833010689416
0.0158984933928252
0.0161442639508493
0.0150837471593377
0.0162385321100942
0.0150601801195194
0.0140905647672867
0.0156964901944434
0.0145821058833633
0.0157301573941595
0.0154877535561013
0.0147538086019665
0.015676289874591
0.0149490783604165
0.015464186516283
0.015319417557464
0.0146460735628295
0.0144609039643342
0.0156863900345172
0.0147672754818586
0.0160668293914625
0.0144104031647316
0.0158109586735122
0.0167031394663866
0.0149928457200588
0.0146056729231532
0.0159186937126492
0.0146932076424662
0.0148716438010297
0.014555172123579
0.0157032236343753
0.0151712818786507
0.0161375305109175
0.0151039474791617
0.0148783772409899
0.0156560895547671
0.0151376146789062
0.0146359734029318
0.0149019442807798
0.0140804646073605
0.0147100412423242
0.0149861122801269
0.0144609039643342
0.0150601801195194
0.0137707263698417
0.0147672754818586
0.0147268748421823
0.0149389782004903
0.0144844710041241
0.0149356114805244
0.0143700025250553
0.0136798249305627
0.016420334988652
0.0146730073226138
0.0148581769211376
0.0148682770810638
0.0145114047639083
0.0144945711640503
0.0151881154785087
0.0149086777207401
0.014558538843545
0.0144878377241184
0.0141208652470368
0.0149086777207401
0.0142993014056003
0.0147942092416429
0.0148312431613533
0.0147100412423242
0.0157739247538018
0.0146460735628295
0.0148548102011716
0.0149625452403086
0.0151443481188664
0.0142252335662079
0.0157941250736542
0.0149558118003483
0.0139121286087232
0.0139794630081838
0.0150130460399112
0.0147639087618927
0.013578823331386
0.0151409813988721
0.0142286002861738
0.0154709199562433
0.0136091238111362
0.0144912044440844
0.0159052268327571
0.0146730073226138
0.0133364194933279
0.0153699183570382
0.0145181382038686
0.0144137698846976
0.0141107650871106
0.0140299638077579
0.0159826613921439
0.0141915663664633
0.0133801868529702
0.0154338860365328
0.014258900765924
0.0138346940493363
0.0142959346856344
0.014555172123579
0.015019779479843
0.0139794630081838
0.0138952950088367
0.0143902028448792
0.014699941082398
0.0149255113205982
0.0157099570743355
0.0133599865331178
0.0151611817187245
0.0135619897314996
0.0140905647672867
0.0144238700446238
0.0145821058833633
0.0141208652470368
0.0136394242908864
0.0154608197963171
0.0150837471593377
0.0145787391633689
0.0150096793199168
0.0147773756417848
0.014363269085095
0.0142656342058842
0.0139962966080418
0.014343068765271
0.0142286002861738
0.0144306034845556
0.0139289622085812
0.0149760121202007
0.0140030300479737
0.0144070364447373
0.0145484386836188
0.0145989394832213
