4.30188762891619
0.0508118594910041
0.0830986920790388
-0.0415365742849961
0.0392774452908913
0.283467168768915
0.254628524284409
1.9943465343912
1.94916865428352
0.104532342262773
3.14477002670518
0.00224482375766634
-0.0613668218957416
1.32580498555377
0.158347001376448
3.4175898157066
0.0867253242823713
2.39344642035729
1.62021935331792
5.54833319984581
3.70807329217089
0.261477633059827
1.95371590374764
0.0111765516857307
5.02208344952004
-0.0886237849747105
1.17522893240528
0.107437479898882
1.18840602333708
1.29607025055983
-0.147299387214337
1.17264204059939
1.29748348512508
0.258219421152443
-0.115394133434268
-0.0513358583351408
0.961809124061012
-0.0984972490319701
0.662831500577951
-0.112697835307461
4.95867700276566
-0.00750845964197816
6.23018685172108
2.69595901125765
0.42833158348742
-0.144307277436257
-0.0531371291662876
5.96189464024231
3.49687256039224
2.68868730700129
0.195376476488609
1.37422231036939
4.74650943988394
5.66629318144206
0.280270642767334
2.49124540796784
1.15975206140853
6.15877320497886
0.291004179633216
5.00401520611915
0.293783942711407
5.20987987638109
5.70927457184463
0.0841659088067469
3.14312565938355
5.37531445629916
4.62083203616677
2.21167379717109
-0.0831898061765485
0.105801588078319
0.291437358733884
2.75517649391398
0.0427510553165402
5.71696283797206
1.90374997950558
5.31055102291248
3.23829450217645
5.42493023288348
0.183729921490183
0.163533109494256
0.186501806344134
0.131218500847876
0.0769028593343
5.26839468145638
4.59288427693387
3.67709220093869
5.39184696626331
0.367337370209886
0.947551318159936
2.37153606775441
4.21976471863617
4.21767554600361
0.245142335444976
-0.10613579366879
0.22379474131565
1.34277451162157
0.935363415844558
-0.187674386784812
5.89437847055625
4.23256392226701
2.03384030878951
3.76601021604052
5.57193937628647
5.81423058227662
-0.204191594327617
0.126792341529461
6.04865552627124
3.46251884895114
1.7331573152468
-0.129196380484361
5.83252047477645
0.324533269045294
5.69887295529556
0.337601534168388
0.258685455871513
2.43217065281031
0.1697007351681
5.37011401526387
6.22310287086447
5.67383525392952
2.81567784355008
-0.0330286197817286
0.26299587807171
6.1606776474204E-05
3.67222120292071
2.17232838392304
4.57819543899262
3.17076357006266
4.41921929883291
0.23165695019524
-0.0080808087653095
5.42641439642429
2.59110387549421
0.156764994106421
3.74062607621001
4.34373488243118
0.0319223526351776
3.38647735969755
4.5828655495334
-0.0326303421181113
3.87790969957083
0.0314218729977414
0.138012060782054
0.26217935508144
5.1841983924471
1.15273684478267
0.115260756664697
0.364674101865347
0.157728478875109
4.06840858751301
0.0942406552009222
5.6865607317904
-0.093900793946229
6.18836761464128
1.28039503126463
2.00358728392192
5.30027862909542
0.294805245980826
5.81648225271071
4.89165253847892
0.304444409921419
0.130128929116057
3.48615338785825
2.84533040261079
-0.190981972007692
3.59599231765581
5.63627780639116
2.93397196461908
5.61938603443789
6.25693763952896
5.46005061812927
1.5671634036521
0.305459534562764
6.15358104978338
-0.144975477199542
2.28956933978756
2.75199914006038
5.73797395635604
0.141202849131309
2.51335612497986
3.81075364856343
4.16926808027904
0.290204756847963
-0.200584820887048
4.91419649578236
0.132839264006058
0.112533041830695
6.26639928336528
1.31926382995489
0.282217453459537
0.197627112451033
4.74439588462226
0.0847985550561403
-0.0452796671077092
0.163114962583276
5.66515716390543
1.16716046536536
1.96794295808671
-0.0781872735278791
0.145767149705293
4.31848661813059
4.86414505258364
6.24679294361045
-0.029227758418699
4.43247933841204
4.74320510599402
0.138016718103123
0.0273677789727365
0.0291232195250223
0.564855791966949
3.05409129243849
0.15939420430159
0.165630435117488
5.30080426051326
6.03168002471456
0.141221781601331
5.67777050639839
-0.0246819031600733
0.180958779771708
6.09286668205347
5.80453048934213
0.00174926439977198
4.1273877883355
4.62579614266077
4.45328833471418
0.194833289861726
0.0512517188694214
-0.0873253185527443
0.020137129745088
4.48287625756241
4.31038211091928
0.20247380826906
0.0503671449154616
0.767706112816183
0.0618845900480131
5.83060723769075
3.15735914007737
-0.155443572800527
3.26990772756036
0.222536769290259
0.184305463441732
2.60552814593838
0.286966489190697
0.234215638142439
0.133412388828126
3.72657674313276
3.42997691656384
4.48881518175436
1.87788942634331
4.76018856785363
3.10350121660525
2.44824545484007
1.78173894878138
0.0356837364401419
2.74628925019741
0.349833924218651
0.27813792310541
5.62822600184869
1.30297716281995
2.29749881041376
0.216620031048558
-0.115846683565612
-0.0765814929458149
0.528159374555444
4.69998860786317
5.83151086782327
4.09123528996973
-0.0497326937601625
2.38599051601286
2.10403019339425
5.3416505095646
3.94480029202925
-0.0782435142285754
5.21343694462173
5.93649738924338
0.189762781863939
3.87998961837069
-0.0805398969858934
0.268333195569452
5.27695698091982
-0.0157882965938909
5.90048428993413
0.261832618682981
0.216131245558846
5.43765297462775
-0.175768573855842
0.0920123860492764
1.0387597616965
4.1125456438098
5.04399073660942
3.21956653094056
5.26519324333595
5.52812565096901
2.46225623561993
-0.0189350219444906
4.77899935235092
3.74623317489298
-0.0959301088869383
5.89851471550141
2.25491553054535
2.17348413104828
0.250274294270154
0.981867782273141
0.262426600187833
0.0838505922384482
0.132342615576114
0.150701004085338
3.0190562488381
0.228500056655961
4.39368521605255
3.30087641863388
0.00736398531551062
0.253505907759826
4.78346882987442
1.30037265424432
0.275223845075841
2.12427537665822
3.23094686087323
1.89850971733853
4.88134992263171
5.74511189883222
4.25184479596484
0.160410416903898
-0.170973360540184
6.23418017765449
0.0536871524949631
3.60006920202102
6.17221509559744
5.40904707962345
3.10251458031852
-0.0417973766148652
0.357913481745886
0.0998935071215367
3.23014913687414
0.179518139570073
4.9085696831354
3.67293518249569
0.153108705191667
-0.0194286266989773
2.98971189821191
0.221436532866474
-0.0249791019004558
5.78891839153976
0.213094607199043
0.545400933839036
-0.0420181887635173
0.174116145316306
5.21571469379287
0.118378901559266
5.65775909228632
0.109614775733909
6.14299502304937
3.37772907462507
0.183172296178641
2.3995811111028
0.27325192270115
3.68067240831029
1.13844214462211
-0.12721116919284
4.50732000649925
2.71576758063508
1.85031943143976
3.83351263245203
5.63006228598936
3.55246044406535
4.57957111155356
4.70831844752849
4.70471941781216
3.73626066892102
3.91214561890175
0.0776882853767666
0.0558171230788936
1.87055041835664
5.92210154882117
2.67617857929547
3.29920412599784
5.78315635012521
0.1021448471103
5.83912715592263
2.68931437029455
0.136139336778108
4.299258011614
5.56210446272304
2.3446082309311
-0.157757354970526
0.116033176042937
4.5717638221878
0.0926413973809958
-0.162360497559377
-0.209812056360234
0.0744643579761014
2.56438182989492
2.57743398020986
2.9338428339482
2.65428660535121
3.02311711445082
6.01197471336559
-0.0294092202657906
6.05327555767006
3.23857698285809
4.13582176712201
2.27996911654733
3.77474113172645
4.94491780281733
0.449916704256412
4.43975756130794
3.96655907559542
0.165122704238281
6.2325914341834
0.142735935880327
0.243828509496538
0.333410026969323
2.67978432550213
3.70301459562911
2.67173963475715
-0.0695500510558635
5.64514131568109
0.50747514374651
1.99819064474599
2.22120757795774
0.211751879117407
-0.140833733868233
4.94384681277028
-0.187269907837726
1.70163772410694
-0.0715264008073407
3.29114222882756
4.39675386671006
1.16893116392967
0.993743309929247
6.22299442729662
-0.0981979528885443
4.97937057344479
1.47779789577261
4.70587666072113
-0.103338936729712
-0.0842069072938902
0.268524614539967
1.11134464663598
0.131373348056053
5.09761340092537
0.207650054839117
1.69106063483522
0.393160819068086
3.45159650161482
3.3959011702492
1.35002007299059
1.77528160121298
-0.000270125261521754
3.7834688022941
2.40204167658509
3.51540543087138
0.0507908457868549
4.9971230147051
0.204502293717571
1.35859066384693
6.06629752158816
5.91291485981052
2.08274827464305
2.78601981917904
2.17269113286142
4.04713420535304
2.87938598340133
5.36257068775988
3.39540814303622
0.218988102652534
0.330285338756341
5.97459849333477
3.69733854570259
0.0269230201898305
2.48832560772921
5.4072063349186
2.82050451504681
1.56788767143312
5.20493356141115
0.0507048638605614
5.63678227816064
4.14198779217793
0.256031749426225
3.95375049929694
5.56191217190775
-0.0717990821806674
5.45357967585664
3.0061050808248
1.52122295630079
0.0346081406877623
2.90250039329182
-0.198686252488526
-0.0526316273832203
3.55631691873549
2.50189647109712
0.148083988573794
4.50036124405358
0.0444131788017812
2.23232620983992
4.09962323303077
5.4219774640477
0.170848148587012
-0.0871425525865639
0.2603794881532
2.23747951804382
5.1135280767818
1.24698775917414
0.239218390159442
-0.0219441056150731
-0.104131569530672
5.9796628929564
2.81698706674628
0.382029771077703
4.91327437245024
2.8482635060392
0.281387257513386
1.78430615118606
2.12003388996143
3.2745244181435
-0.00804909192856806
1.30041830979995
5.21335380218046
0.189072459084561
0.0976531197812987
4.28161078633138
2.37082357261038
0.12980348033073
0.250215197661789
0.214312880029997
1.87983526938535
3.38089805207504
5.87028873638237
0.179765034401697
0.540849023055603
0.346388909153449
5.22782569587194
5.8881527147354
2.78194946843978
4.89032051455335
3.65293807191369
3.27520115942461
0.31851013061551
4.88672316007678
0.203967545609578
3.29393596226822
-0.0791950935628154
1.55776358569371
2.53581659101109
4.05550755035064
