45.1935300058918
45.3865810958674
43.5476752798586
44.1681516707348
45.4014720983082
46.7071904721825
45.3643472771652
47.1209805571922
41.6151982156384
47.538255197374
47.9553110007575
50.5177788064978
46.1611690935107
44.3318516959852
47.2636150155711
49.7919476475044
46.2598308223214
47.1507558286339
49.2305134247959
46.5941831495665
47.8496027270432
45.0592820469658
47.5460525208316
42.6662174901103
49.5660205369918
40.8138313273294
47.1253842269169
48.1161493140308
45.769373790085
45.9377872232977
44.6199318239206
42.9974455012205
48.0395867351233
49.9871972056224
43.602256544062
42.6934576214123
48.6983056981736
44.214878377241
48.167256123222
49.1871669051427
46.0479059001768
48.1153076340375
46.4457579328339
46.4088889824089
47.8711564683107
45.8877813315378
45.4806034845552
49.5378006901776
46.4290926689673
49.6252714417979
46.6856333641949
45.9546982577224
46.1406523019948
45.9757974917936
43.4711531015908
41.8071652217827
43.1718281289454
44.5140619476475
45.7419484891844
45.8184605672923
48.0462999747496
45.86875599697
48.2164338018685
46.7769489100244
46.9227750189378
46.8179858597761
47.7564489521084
45.073371770053
43.6638607861291
44.8842193418062
40.7417801531858
46.0577703896979
47.0349440282804
44.0183932328929
43.6875658614595
44.704628398283
47.0883907078529
44.8365162865079
49.8307389950341
42.6743952529249
47.5814401144685
42.6934576214123
46.0466366467469
42.6934576214123
45.4014720983082
40.8138313273294
43.0028389866173
42.9508164295935
45.0666181297871
45.7833153774935
45.3486953960104
44.6217565861459
47.6966156047471
44.4928684454171
44.6657091153943
47.6002129450383
44.3084193249726
42.8987400050501
43.3242866762057
45.7079176836967
46.4075927952193
42.6138010268496
43.1224417136605
40.8313113374295
44.2494680582443
45.0872864237017
41.39750273546
42.2105487753556
42.9508164295935
45.4014720983082
42.3826622338187
41.560128777039
45.6630258395758
44.231001599192
42.6002769127178
43.5166475885868
45.3725519737396
41.2944777375642
41.8996086188031
43.185995286592
44.5093586398451
43.757001094184
44.0099461324805
42.1501733860786
41.6151982156384
43.1198661728811
42.3638456358892
42.8317927783857
41.8637025502904
44.0157604578739
41.6385767191314
46.4942791010858
43.1416387509469
44.8804385152765
44.07124736975
43.8597197205623
41.6531983839744
42.1054330443565
41.0094040905648
44.6217565861459
41.8071652217827
45.1952739668378
45.9546948910024
42.5176172039391
41.519502567124
45.8233658782931
42.1051367729989
40.812757343658
42.1591490615268
45.3643472771652
42.2005092163959
41.0728970625368
42.4942622674859
45.1397735880818
41.0814754650282
41.7880658193755
41.9430359397357
42.1224753808602
42.4583292652134
41.7047664338019
40.5478907499369
43.632247285582
40.812875178857
40.6953564514772
42.2419569059844
43.2249785371602
40.8267999326656
45.8362806161098
38.6130872822153
42.4888048144096
41.9200547091996
43.8551780153186
42.3216404343069
42.3559776113122
41.5695454928037
39.4032093258143
45.1675725948994
39.5262966080296
42.4404082147967
44.3049482366804
41.560128777039
42.7190547933676
41.6385767191314
40.4275675448195
40.8134172207727
40.8138313273294
42.6450475549196
39.8537774598098
43.7194891002441
41.9625326150997
40.5984454170524
42.2656047470752
43.890498274556
42.8083604073731
42.1754069522767
42.139750021042
42.9608627219931
42.7717574278259
43.6131310495749
39.9515941419073
39.8613391128693
38.1333330527733
42.7472140392223
42.7054128440367
37.4237294840502
41.1661383721909
43.3160718794714
41.0793476980052
44.4872190893022
38.3074934769801
39.6258101169935
41.3916480094268
40.613252251494
42.3637244339702
39.9362822994698
44.1095135089639
38.7958328423533
42.353880144769
39.4490640518475
41.4696010436832
40.812875178857
40.812757343658
40.5598493392812
41.7170583284235
41.9824299301406
42.1438035518896
40.3305925427153
39.0487307465702
41.2895421260837
41.5378276239374
39.3890219678478
42.6718500126252
41.5577148388183
41.9625326150997
42.971871896305
40.4233086440535
41.3302693375979
39.0078621328171
43.9741848329265
41.8637025502904
41.3842277586062
40.8313113374295
39.5743498022052
40.5713231209494
43.3849785371602
38.5790261762478
40.668503492972
39.1948867940409
39.573625957411
42.3565836209073
39.7907591953539
42.3955399377157
38.8028154195775
39.7089883006481
39.3357166905143
40.7844465954044
40.5584824509722
39.8255811800354
41.2879126336167
38.472375220941
40.4280893864153
38.9640139718879
41.182251493982
39.4285607272115
42.7621521757428
39.4904343068765
38.3074934769801
39.9362822994698
39.0314392727885
41.8835426310917
37.5780801279354
41.5244449120445
39.98874926353
38.009744129282
39.149001767528
40.1791574783267
40.291875263025
43.2555281541958
38.3386322700109
40.0609889739921
38.1333330527733
39.3050593384395
40.7417801531858
39.3673099907415
37.6664632606683
39.1483620907331
38.6324863227001
40.6179555592964
40.8320486491036
38.9876752798586
38.265375810117
39.4388628903291
39.703877619729
40.1040425890077
39.6229551384564
41.3046351317229
39.8878991667368
40.8267999326656
39.8537774598098
38.6822195101423
39.4349372948405
37.4289243329686
38.7672089891423
37.4155315209157
39.3699831664001
37.8557806581938
39.8256114805151
41.1481499873748
38.1168495917852
41.022995539096
38.3502676542379
39.3166812557866
39.0654263109166
37.546119855231
37.5780801279354
38.6494074572848
41.6234534130124
39.1525199898998
38.7911160676711
40.5284479420924
38.9528128945375
38.2574337177005
39.0426571837388
38.9266905142665
38.0574236175406
37.5727607103779
39.1229803888562
39.1383528322532
38.3228558202172
38.9712086524703
41.9067258648262
36.7798543893612
38.217248548102
40.1026454002188
39.0078621328171
38.7229837555761
38.1333330527733
37.9410226411918
39.776629071627
41.0555954885952
39.0549322447606
38.8289681003283
38.2905588755155
38.7801843279185
39.3212801952698
37.0993325477654
39.5588527901692
39.2646519653228
39.5011842437505
37.5668588502651
37.0745164548439
36.8755837050753
37.9449549701204
37.9410226411918
38.0977299890582
38.5721075667032
39.7923516539012
37.023880986449
38.561626967427
37.2422026765424
38.9126479252588
37.6384622506523
39.2515756249474
40.095124147799
37.0993325477654
38.1093956737649
38.3228558202172
37.8909898156721
38.0934879218921
38.2673554414612
38.5521799511826
36.6832766602138
38.5867191313862
38.7988157562495
37.4109797155122
37.9949440282805
38.8618912549449
38.7562065482703
37.8307154279943
38.6987770389698
37.4237294840502
38.1333330527733
37.5435813483714
39.6968883090649
38.6130872822153
36.0557873916337
38.0877207305782
35.0784757175322
38.0443910445249
37.1550248295598
39.0878486659372
40.266621496507
37.4736781415706
38.7356459893948
38.6061181718711
40.0845324467637
36.5320907331033
37.5780801279354
38.5673503913812
37.7467628987459
38.0653017422776
35.8777350391381
38.6784757175322
36.1772317145021
34.6762368487501
39.3934121706927
38.9125166231799
34.4770212945038
39.4960499957916
35.761371096709
37.7854532446764
36.726128272031
39.3762183317903
36.4729307297366
37.777251914822
38.3146881575625
37.7376996885784
36.475247033078
36.0726479252588
38.8571037791432
40.5259936032321
38.4363580506692
37.2207735039138
37.7686667788907
37.1011977106304
36.8875288275398
37.817379850181
37.8365533204276
37.4187063378504
38.9026622338187
38.1878267822574
37.0993325477654
37.0745164548439
36.5320907331033
37.8307154279943
33.0781693460146
40.6130670818955
37.6664632606683
37.4255205790759
37.2943902028449
37.1884058580928
37.5033658782931
38.5671786886626
37.5995901018433
36.3686095446511
36.2751695985187
38.9133987038128
39.9375683864995
36.0644432286845
36.3973175658615
36.8800580759196
34.615504587156
37.1983679824931
36.5163513172292
38.6106127430351
36.434627556603
36.1625124147799
38.9603139466375
35.6107676121539
38.0941780994866
35.6742370170861
33.4927337766181
37.6344592206043
36.0862898745897
36.1884125915327
36.7574387677805
37.1696902617625
37.7865777291474
37.2331529332548
35.3354911202761
36.1666063462671
37.6979286255366
36.4444449120444
35.8441385405269
34.05624526555
34.1637311674102
34.1712389529501
37.9896549112028
35.1999537076004
34.8056973318744
38.3388544735292
34.9762587324299
33.7005917010353
37.6632918104537
38.5849314030806
36.2753985354768
36.3984723508122
38.7577855399377
36.0631773419746
34.3809317397526
35.7685119097719
36.6628979042168
38.2102323036781
35.287875599697
38.8652849086777
37.3156981735544
35.599872906321
37.7485405268917
36.5815949835873
35.719499200404
36.9400765928794
35.0069733187442
33.9267679488259
34.3539777796482
35.6530569817355
36.1727809106978
33.8108854473529
36.4013475296692
36.3378208904975
34.6095656931235
34.7484698257722
37.2127270431782
36.0631773419746
33.4289681003283
34.4186558370508
36.4246957326824
33.8228406699773
34.8087071795304
36.2751695985187
35.7904831243162
36.4351796986786
34.8209149061527
35.2144137698847
35.8497003619224
35.5987719888898
33.5097626462419
34.9349255113206
36.404246275566
35.4914779900682
35.8808559885532
35.850131302079
36.896501136268
34.9118836798249
35.5902777543978
36.2783006480936
34.1791911455265
35.8275742782594
34.8111918188705
33.2612381112701
37.6188544735292
33.7710470499116
34.8608240047134
34.5309527817524
36.4286617288107
33.9218256039054
35.3152672333979
37.5890657352075
35.9873487080212
34.853124316135
35.2499764329602
34.5174690682603
34.4000277754398
33.2153059506776
35.1863454254693
35.3317203939062
35.0055525629156
33.8291061358472
35.3692896220857
33.7282560390539
34.8549457116405
34.4009233229526
33.5333128524535
35.4994133490447
32.6975919535393
34.8227598686979
33.3822312936622
33.1884159582527
34.4790985607272
33.8018491709452
34.1791911455265
34.1712389529501
34.7559338439525
34.3254111606767
37.3492845720057
34.3343296018854
34.500123726959
35.7972165642623
34.3637749347698
33.8568209746655
35.3679496675364
33.2441520074068
33.3126647588587
35.6991069775272
33.5675860617793
35.2430241562158
35.0793005639256
33.3607112195943
33.8849095194007
33.5395816850433
34.9627413517381
35.1332051174144
35.9455475128356
35.1798577560811
33.3270406531437
36.2768327581854
33.8430746570154
36.3905369918357
34.7442109250063
32.0206523019948
34.0232581432539
35.3550618634795
32.4862932413097
34.8917809948658
32.5882812894538
33.1884159582527
35.0649044693208
33.8851855904385
35.7271517549028
31.7719762646242
30.6860508374716
31.4460474707516
36.5869480683444
35.6712339028701
32.8496330275229
34.3809317397526
34.0744221866846
33.4534677215723
34.3279867014561
33.4112389529501
32.7817835199057
33.8428827539769
34.5817868866257
33.2153059506776
33.8228406699773
33.6229753387762
33.9317035603064
34.3781171618551
32.9719627977443
36.152381954381
33.1905268916758
32.1517894116657
34.4024080464607
33.9548295598014
34.0025427152597
32.5421471256628
35.5889883006481
33.1646906826025
33.9159675111523
34.1236772998906
33.5997685380019
34.3278149987375
33.272001515024
33.6585178015319
33.2214771483882
32.8428928541369
34.7731041158152
33.8044550122044
35.6137707263698
32.3993880986449
32.9723971046208
33.6585178015319
33.5097626462419
32.3853051089976
29.4846603821227
34.5096380776029
32.6557436242741
34.1001876946385
32.8912658867099
29.7689091827287
37.2307861291137
31.9686735123306
33.0834113290127
33.2067140813063
32.8888250147294
32.8977131554583
32.2562250652302
33.5978023735376
32.79874842185
32.1298417641613
31.6749036276408
32.8178511909772
34.087380691861
32.3925570238196
33.5434130123727
33.2047815840418
33.6956527228348
32.5840863563673
33.7685152764919
33.0742740510058
35.4841486406868
30.9700740678394
33.3267578486659
33.0234029122128
32.9074025755408
32.2515352243077
31.2877577644979
33.8444449120445
32.5750197794798
33.4475490278596
32.8322304519822
33.902130292063
31.6931714502146
32.9814603147883
32.5855407793957
33.9516480094268
32.8478924332969
33.5675860617793
33.2147302415622
32.7817835199057
33.2214771483882
31.9570313946637
32.3070389697837
29.6081853379345
33.6159153269927
33.1837227506102
33.1271955222624
31.5883216900934
30.2913668883091
33.8475153606599
31.5349928457201
33.2038658362091
32.1483654574531
30.171124484471
32.1507726622338
32.1330132143759
33.4418390707853
32.967629829139
32.3938060769296
32.8817414359061
32.7768445417053
31.9548228263614
33.1659936032321
30.244869118761
33.8788931908089
31.9699023651208
31.0950366130797
31.8916732598266
33.3979370423365
31.7510116993519
32.6379437757764
30.2960432623517
33.3552369329181
34.0316816766266
32.2530435148556
33.7115436411077
31.603381028533
32.4075995286592
30.4420983082232
30.0400042084
31.235257133238
32.1309561484724
32.6975919535393
31.7494461745644
32.8294428078445
33.3084563588924
32.0009031226328
32.5435409477317
32.0206523019948
31.9686735123306
29.3821673259827
29.6154035855568
31.9712288527902
32.5766021378672
29.6194739500042
30.1962738826698
31.6749036276408
29.7354035855568
31.5684142748927
30.0017246023062
31.0950366130797
31.6576559212187
31.7154860701961
33.033631007491
29.1828002693376
30.171124484471
31.8197365541621
31.0950265129198
32.8124610723003
32.1495572763235
32.5892913054457
32.2020781079034
31.9175094688999
30.5976609712987
32.8503636057571
32.8338936116488
31.6020141402239
32.3231857587745
32.417123979463
33.0215444827876
31.4337421092501
30.8374892685801
28.9777131554583
29.0595749516034
33.3946713239626
30.6168411749853
28.7961728810706
31.8987164380103
30.0823541789412
31.091626125747
33.241997306624
31.3330233145358
33.0796540695228
31.9753598181971
28.1524223550206
32.2403442471173
30.5958025418736
32.2435830317313
30.1903046881576
29.3090926689673
33.5674109923407
28.6926462418988
31.041754902786
30.1309157478327
32.5401136267991
30.7267039811464
29.4846603821227
29.6081853379345
30.7547319249221
30.6165752041074
30.6934138540527
30.7015276491878
28.7966408551469
30.5017262856662
28.575753724434
30.1590648935275
31.2712810369498
29.1673537581012
30.6931546166148
29.1929677636563
30.9071871054625
29.5894832084842
26.5706497769548
31.2579791263362
28.9625629155795
27.9782450972141
31.5114864068681
30.6506531436748
28.1176643380187
31.4827952192576
30.0017246023062
30.0823541789412
32.0541612658867
30.468631428331
28.2158378924333
29.7612768285498
31.8880574025756
30.6209687736722
28.0323146199815
32.3926815924586
29.7087290632102
31.6053842269169
30.6369236596246
29.8442866762057
29.7904326235166
30.3916042420672
30.1592668967259
30.2623625957411
30.9001944280785
31.5637715680498
31.5060457873916
30.708496759532
26.7288149145695
29.7455239457958
28.550375389277
28.0323179867015
30.1507793956738
29.8373141991415
29.1118668462251
28.1376020536992
31.9162065482704
27.9115975086272
30.7889074993687
28.2056501977948
29.3600244087198
28.8021858429425
28.2507945459137
28.0652041073984
30.268503492972
29.0512221193502
29.063130207895
31.4479934348961
29.1580212103358
29.3952908004377
29.5283907078529
29.1929441966165
29.4683082232135
29.9794874168841
29.5523516539012
29.5500420839997
28.5570684285834
30.3603846477569
29.5974556013804
28.4994571164044
30.4664565272284
28.6787315882501
28.8857107987543
28.7563277501894
30.2888923491289
28.606380776029
30.517129029543
30.3439887214881
27.0685876609713
30.4034382627725
29.6955315209158
28.9182333136941
29.2738936116488
26.5671382880229
32.5438641528491
28.5958059085935
29.5929913306961
27.5230780237354
29.1418542210252
27.789755912802
27.8818188704655
28.9515739415874
28.3737101254103
26.5622363437421
26.9727910108577
28.3649330864405
28.0085960777712
27.6800513424796
30.8814653648683
30.3446990994024
27.756630754987
28.7961728810706
27.9973646999411
27.0020478074236
29.531121117751
27.8912928204697
28.4276584462587
28.3589672586483
27.5285792441714
27.4976559212188
29.4451384563589
27.4487442134501
29.7124930561401
27.8766610554667
29.3622969447016
28.400630418315
29.9063454254693
29.6668066661055
28.8958008585136
27.8564338018685
28.3925974244592
29.4024248800606
29.12749852706
27.7049314030806
29.8535990236512
28.9780531941756
29.0086566787307
29.5844297618046
27.3315722582274
27.4826975843784
28.5596507028028
28.6579151586567
27.6224400303005
27.7898266139214
27.4556796565946
27.6788090228095
27.4601169935191
28.0551611817187
27.9450593384395
28.0389840922481
27.1272965238616
26.1368546418652
28.5875305108998
28.1158395757933
27.5144491204444
28.4995917852033
26.8348834273209
27.0909628819123
27.8949625452403
27.4108147462335
28.9129744970962
27.2693216059254
27.7788645736891
27.1421942597424
27.8751056308392
26.2203964312768
28.4350349297197
28.0323179867015
27.4976559212188
27.0541949330865
28.1649499200404
27.7359119602727
27.0813980304688
27.4887273798502
27.977753556098
26.6337151754903
28.0399772746402
27.2717321774261
27.9139946132481
28.3713062873496
26.9080658193755
27.338248463934
28.7129239962966
28.2779404090565
26.4495320259238
28.7464531605084
28.1930148977359
28.1040291221278
27.9778309906574
27.8766610554667
28.0323146199815
28.1225393485397
25.7617145021463
26.974508038044
27.4470911539433
27.3050728053194
28.6283957579329
26.8282240552142
25.8660154869119
25.5410125410319
28.9415680498275
26.5622363437421
27.1497222456022
27.6652175742783
25.7763294335494
26.7710874505513
28.5236671997307
27.7588426900093
27.1624316135006
27.2407213197542
26.5803627640771
25.9058134837135
28.7821875263025
27.2127068428584
27.8833338944533
27.3028911707769
26.5825915326993
27.2219282888646
28.0547134079623
26.3666198131471
25.8182888645737
26.2939895631681
28.1346191398031
26.6965684706675
26.5341343321269
26.3899242488006
26.7621892096625
28.1434231125326
26.4495320259238
26.9727910108577
27.042623516539
27.021881154785
27.1581491456948
27.270503324636
27.6344019863648
27.0687627304099
26.9880557192156
26.5723466038212
28.4758867098729
27.0689883006481
26.6910571500715
27.7288990825688
27.2111312179109
26.6310150660719
27.693373453413
27.0727825940577
27.2150467132396
27.0022026765424
25.8458858681929
26.7293434896053
26.2150231461998
27.0221471256628
26.2248135678815
25.83874842185
26.1369792105042
27.4701599191987
27.4719644811043
26.3955668714755
26.7434635131723
26.5439819880482
26.8584100664927
26.1128263614174
27.5471568049828
26.2081584041748
26.3296094604831
26.5400765928794
26.5098501809612
27.3379656594563
25.5376054204192
26.6004755491962
25.5704915411161
26.6038254355694
26.6188376399293
26.6952015823584
26.4959388940325
27.7547251914822
26.0113433212693
26.3852074741183
26.1368546418652
26.084623348203
26.3508399966333
26.5109140644727
26.1668857840249
26.4294630081643
26.4713551047892
26.7987888224897
26.2957907583537
28.6502626041579
24.2027952192576
25.5410125410319
25.8055794966754
26.9641351738069
26.4281701876946
26.9035308475718
28.543503913812
25.9437631512499
26.9130923322953
26.8854380944365
26.9213205959094
24.1968058244256
25.7302996380776
26.7362587324299
26.5076988468984
25.4201506607188
24.371999831664
26.7397096204023
25.8930132143759
25.8285135931319
26.5217953034256
26.1945332884438
26.41499621244
26.4812936621497
27.3151527649188
25.2998139887215
26.5131428330949
25.6843472771652
26.4215949835873
26.0215175490279
26.4704225233566
27.0389100244087
25.6536798249306
26.0455996969952
24.6669245013046
26.1556409393149
26.7399890581601
24.8088418483293
25.694376735965
25.8488216480094
25.8111143843111
25.6467107145863
26.2407617203939
24.5768243413854
27.2322607524619
25.4297188788823
28.1334508879724
27.5969404932245
26.1368546418652
25.5376054204192
26.751752377746
26.3752083157983
24.7235224307718
25.4669447016244
26.9461602558707
25.0333919703729
26.696006228432
25.332131133743
26.7071433381029
25.2879766012962
26.7098030468816
26.2994503829644
26.4941747327666
24.7235224307718
26.4703013214376
25.2163260668294
25.6536798249306
24.9388241730494
25.4577064220184
25.1439180203687
26.2309611985523
25.151122801111
24.3723264035014
26.0722001515024
25.6799166736807
25.9412414779901
25.6054784950762
24.526629913307
23.9398476559212
25.2808963891928
24.7235224307718
25.934127598687
25.6467107145863
26.7198156720815
24.0133229526134
25.3779454591364
25.2780986448952
25.7887425300901
23.4855424627557
26.0350618634795
26.215881659793
23.9225225149398
24.9013054456696
25.1669598518643
26.8245273966838
25.3519072468648
25.245875768033
24.3444634290043
26.8096027270432
24.7058336840333
26.4631436747749
24.9472376062621
25.3012650450299
25.122997222456
27.0020882080633
23.6736983418904
25.5982669808939
26.9028272030974
26.196876525545
24.093252251494
25.0639617877283
24.5744508038044
24.4291970372864
25.3898602811211
24.6243960946048
23.6303955895968
25.821877788065
24.1611589933507
24.2027952192576
25.6233860786129
24.1670978873832
25.8677762814578
24.3641149734871
23.9042715259658
25.3287105462503
24.7175397693797
23.5653067923575
24.4226992677384
24.8029029542968
24.3452074741184
24.1235931318913
24.0574707516202
26.5091667368067
25.8588107061695
24.1681011699352
24.0906464102348
25.6047849507617
25.0950601801195
25.2570431781837
23.1385582021715
25.332131133743
25.2449297197206
25.4816000336672
24.7594015655248
24.0530334146957
23.7213475296692
24.53125578655
24.7343094015655
24.8347891591617
25.1465474286676
24.1516109755071
25.256383301069
24.6670322363437
24.7034365794125
25.4669447016244
24.371999831664
24.887246023062
25.1907861291137
24.5811741435906
23.9811438431109
23.4668841006649
23.9398476559212
23.5970684285835
24.3052680750779
24.0382131133743
24.6166055045872
25.2087677804899
24.2953396178773
23.5892845720057
24.620372864237
24.6920839996633
24.2245745307634
24.765128356199
24.7535805066914
24.3763934012289
25.1665895126673
23.7009048059928
23.3558395757933
24.5938868782089
23.2779505092164
25.3305083747159
22.7723836377409
23.4833608282131
23.821621917347
24.3240577392475
24.4768495917852
25.4376374042589
22.992880228937
24.3655592963555
24.3936478410908
23.9992433296861
23.6262141233903
24.442623516539
23.758128945375
24.4041654742867
23.9551157309991
24.4291970372864
23.1399654911203
24.5566913559465
24.0063370086693
22.9856552478748
25.0076634963387
24.4530165810959
23.3122068849424
24.3189908256881
24.3690337513677
24.4190699436074
24.49
24.3037025502904
24.3724812726201
23.0695337092837
23.2298872148809
23.5769421765845
24.1269867856241
22.5269228179446
23.8427985859776
22.911873579665
24.3902777543978
23.7014064472688
24.2219316555845
23.7661956064304
23.8690926689673
24.2224770642202
23.051750694386
23.7213475296692
23.4052630249979
24.3171525965828
24.03375220941
23.9763934012288
22.9103147883175
23.5444263950846
22.6943228684454
22.5303366719973
24.5063656257891
22.4170633785035
24.2456939651545
23.6518415958253
22.8769404932245
24.7457899166737
23.3144625873243
23.516001178352
24.565370760037
23.4341797828466
24.0737387425301
24.1069548017844
24.276879892265
23.9225225149398
23.1399654911203
23.7784302668126
23.3801708610386
23.7539272788486
24.4062629408299
23.1997146704823
24.2753345677973
22.7650677552395
23.212124400303
24.6554742866762
22.6655609797155
24.0661063883512
23.0381053783352
23.0706581937548
22.4432093258143
24.0559186937127
24.1956746065146
22.8989689420083
23.89875347193
22.998007743456
22.4927876441377
21.8845896810033
22.4143296018854
23.9856182139551
23.3805950677553
22.9225494486996
24.0333280026934
23.1410529416716
23.2089697836882
23.2948985775608
22.5476483460988
22.6290152344079
22.0647866341217
22.6711026007912
24.0948076761215
22.0623928962209
22.7175162023399
24.1540350138877
23.5820629576635
23.9378983250568
21.6663925595489
22.9104595572763
23.212124400303
22.2226117330191
24.4542454338861
22.7830292062958
22.7082711892938
22.4974101506607
23.5605698173555
22.9951931655585
23.8738599444491
24.446757848666
21.9524021547008
24.7436352158909
22.8548278764414
21.9446519653228
23.3815478495076
23.3501531857588
22.6257663496339
23.4026134163791
22.9498468142412
22.6716850433465
22.290501641276
22.0256384142749
22.8717355441461
22.9366762057066
22.7232059590944
22.9875305108998
22.0506531436748
22.3604216816766
22.4974101506607
21.9446788990826
23.4520200319838
21.7814199141486
23.1532977022136
22.1448977358808
22.4400479757596
22.5230409898157
22.8109258479926
23.138497601212
21.9698282972814
21.26874926353
23.373255618214
23.351001599192
22.5915167073479
22.3467931992257
23.0156560895548
22.9879715512162
21.9388948741689
23.2610630418315
22.5198863732009
22.6432261594142
22.2226117330191
22.6053640265971
23.529128019527
22.9320772662234
22.1835140139719
22.6711026007912
22.9094495412844
22.5198863732009
22.4891381196869
23.3530249978958
21.8992820469657
22.9800260920798
22.9223272451814
23.0236116488511
21.6755130039559
22.6210765087114
21.9004873327161
22.8081685043346
22.0781592458547
21.5748346098813
22.6428288864574
22.22499537076
22.835620738995
21.8033271610134
22.5685691440115
22.1420629576635
22.5390867772073
22.3561122801111
21.650871980473
22.2666787307466
22.0337724097298
22.7937791431698
22.6074143590607
21.2913500547092
22.0665979294672
22.581504082148
22.4756779732346
22.5937858766097
22.8552116825183
22.5358580927531
22.0256384142749
21.1156948068345
20.615124147799
23.4479092668967
21.3893923070449
21.472624358219
22.2170263445838
22.6137404258901
22.217628987459
22.8449600202003
22.6271972056224
21.1364674690683
22.7439449541284
22.3778814914569
22.1035645147715
22.5934525713324
22.935881659793
22.1667645821059
22.4201944280784
21.8992820469657
22.3464800942682
21.7909510983924
23.6349541284404
21.1576609712987
22.2735434727716
20.8060878713913
22.691881996465
22.8126428751789
21.747873916337
21.8113971887888
21.5051132059591
21.9902373537581
22.0849566534804
21.7583578823331
21.304749600202
21.5208425216733
21.4835156973319
22.3497121454423
21.8491953539264
21.6663925595489
21.9987012877704
21.1308248463934
22.6397113037623
21.6758900765929
21.3159304772326
22.5340232303678
22.4128516118172
22.0409401565525
21.9931562999747
21.6911884521505
21.4070743203434
21.6969623769043
21.9919712145442
21.4442934096457
22.6299545492804
20.6788999242488
22.1466820974665
21.8422329770221
21.7206708189546
20.6644162949247
22.2490674185675
21.4490337513678
21.9835678814915
21.7158328423533
21.924380944365
21.7334811884521
22.5189874589681
21.8567166063463
22.792126083663
21.6330216311758
21.6134037538928
21.7892913054457
21.4755399377157
21.0649112027607
21.8858252672334
21.0600563925595
20.9214114973487
21.117748506018
20.619874589681
21.1577350391381
21.6971542799428
21.7631588250147
21.4857141654743
21.397374800101
21.3020663243835
21.4953025839576
20.9217953034257
21.1156948068345
21.1800631259995
21.634627556603
21.7704915411161
21.1754406194765
21.2043371770053
21.1029046376568
20.6983326319333
20.619874589681
21.6969623769043
20.6272140392223
20.6052663917179
22.0287963976096
20.9335788233314
20.9008105378335
21.8180801279354
21.117748506018
21.5535704065314
21.2365667873075
21.8168209746654
20.6788999242488
19.8387012877704
22.1066517969868
20.7715284908678
21.0999520242404
21.4580430940157
21.2562418988301
21.6304662907163
20.4120705327834
21.2744558538843
21.8190699436074
21.0734492046124
20.8976087871391
20.6835257974918
22.4507709788738
21.3510150660719
21.5532337345341
21.2875456611396
21.3108601969531
21.1333364194933
21.0600563925595
21.5748346098813
21.4585615688915
20.4120705327834
20.619874589681
21.2448085178015
20.5486516286508
20.619874589681
21.5158294756334
20.8097407625621
21.0600563925595
20.8708298964734
20.9306026428752
20.619874589681
20.6788999242488
19.8387012877704
21.5090825688073
20.6644162949247
21.1984353168925
20.4396406026429
20.9228086861375
21.0321361838229
19.7865709957075
20.7201994781584
21.4310655668715
20.5013963471088
21.1763159666695
21.5089916673681
21.0242142917263
21.0500909014393
21.1057057486744
20.6462259069102
21.0682981230536
22.5357166905143
19.7986777207306
21.7114325393486
20.4992786802458
20.6703619223971
21.7449381365205
20.7631588250147
21.1156948068345
20.6983326319333
20.9877830148977
21.1557857082737
20.8168546418652
21.1546645905227
20.6893165558455
21.093252251494
20.7570313946638
20.6878284656174
21.0005967511152
20.6258134837135
21.0600563925595
20.1619905731841
19.9132909687737
21.133376820133
19.9550618634795
20.7570313946638
19.6307962292736
21.3023154616615
20.261746485986
19.8387012877704
20.7628356198973
20.6220831579834
20.109126336167
19.7168260247454
20.2629282046966
20.3168226580254
21.2530536150156
20.3153648682771
19.9024938978201
21.6536427910109
20.9344070364448
22.0138952950088
20.2555954885952
21.1715520579076
20.4625544987796
19.9189066576888
21.4270591701035
20.2493670566451
20.615124147799
20.619874589681
20.7792820469658
20.6641200235671
20.0749305614005
21.3562334820301
20.7931327329349
21.1489411665685
19.9809620402323
21.408121370255
20.8839735712482
20.9667140813063
19.5018171871055
20.5307171113543
20.594371685885
20.7221791095026
21.538878040569
20.9222969447016
19.8475321942597
19.3974859018601
20.4962418988301
20.7310874505513
21.0731866004545
19.919128861207
20.3049448699605
20.2670187694638
19.7580919114553
19.8458353673933
20.1881836545745
19.8260727211514
20.2301060516792
20.6457276323542
19.123131891255
19.9775986869792
19.5233237942934
20.3758378924333
19.9024938978201
20.660999074152
20.3164657857083
19.2653488763572
20.1633574614931
20.3595530679236
19.8586087029711
20.5973175658615
20.3176912717785
20.4652882753977
20.571871896305
20.0345602222035
19.9894495412844
19.8387012877704
20.1243540106052
19.8123264035014
19.9546073562832
20.4735872401313
19.8387012877704
19.9060525208316
19.8793039306456
20.3548127262015
20.1470760037034
19.0087980809696
19.1771105125831
21.5798846898409
20.6817751031058
19.5726193081391
19.911371938389
20.7577215722582
19.6723853211009
20.4991137109671
20.49250483966
20.461376146789
20.0079261004966
20.2809300563926
19.6077577644979
19.3719930982241
19.6522691692618
20.4735737732514
19.5620377072637
19.1737000252504
20.1300808012793
19.7886448952108
19.7168293914654
20.4204401986365
19.8458353673933
19.7063992929888
19.6359944449121
20.0929021126168
19.3444634290043
20.0915183907078
19.2694933086441
19.6027918525377
19.8093906236849
19.851750694386
20.2104141065567
19.4952184159582
20.5776323541789
19.8950736469994
20.0739306455686
18.8181407288949
19.5146847908425
19.6830847571753
20.6662982913896
20.5992096624863
19.1587719888898
19.7462073899503
19.2542050332464
20.5285152764919
19.2607162696743
18.8799638077603
19.1486415284909
19.0149154111607
19.4343615857251
19.9824130965407
20.5115907751873
19.4145551721236
19.7218289706254
18.753499705412
19.3592399629661
20.00750189378
19.5800866930393
20.2824922144601
19.4869665853043
19.7026656005387
20.1692357545661
18.7604351485565
19.3150955306792
19.5653236259574
19.049000084168
18.7047125662823
19.2642243918862
19.2217868866257
19.0058118003535
20.358627219931
19.4397012036024
18.932121033583
19.6056737648346
19.4455256291558
19.1573882669809
18.9996709031226
18.8024821143001
19.6107002777544
18.9888334315293
19.4242614258059
20.0643489605252
20.1308147462335
18.9049280363606
19.94375641781
19.5924863227001
18.9102811211177
19.0512928204697
19.7855912801953
19.3974859018601
19.2461451056309
19.6830847571753
18.8620595909435
19.6164035013888
19.4114106556687
19.3698956316808
18.8314864068681
19.6807819207137
19.1499208820806
19.6315806750274
18.9093451729653
19.7616539011868
19.5408172712735
19.8058690345931
19.3179606093763
19.877246864742
19.4080170019359
19.0339777796482
19.0539659961283
19.5957049069944
19.3003593973571
19.7005816008754
19.1493115057655
18.4911379513509
19.2541713660466
19.1402987963976
18.2290522683276
18.9325250399798
18.8658370507533
19.3857427825941
18.2598409224813
19.3062410571501
18.8181407288949
19.0087980809696
19.0001961114384
19.1675961619392
19.0642984597256
19.5491566366468
18.8933936537329
18.7482644558539
19.5693906236849
19.2773680666611
18.8123432371013
18.0686448952108
19.1345450719637
19.1255155289959
19.5738043935696
19.0339777796482
19.3841839912465
18.5494327076846
19.4396810032826
19.4173259826614
18.8210731419914
18.9641890413265
19.3891600033667
18.7069177678647
19.4624568639003
18.8593056140056
19.357997643296
19.123131891255
19.0149154111607
18.8404688157563
19.6292105041663
18.729494992004
19.4248337682013
18.8721429172629
18.5962267485902
19.4172115141823
18.621621917347
18.6091010857672
19.4158951266728
19.1460659877115
18.7937623095699
18.6251839070785
17.727875599697
17.8007953875936
19.1860828213113
18.649000084168
18.9634382627725
19.1321984681424
18.8239045534888
18.8077712313778
19.2508080127936
18.6438355357293
18.1108399966333
19.0058118003535
18.3695926268833
18.7839382206885
18.8905555087956
18.9560112785119
18.8065491120276
18.2598409224813
18.7575061021799
18.325872401313
19.4181609292147
18.621621917347
18.9737942934096
19.0583225317734
18.978625536571
18.958502651292
18.9820999915832
18.5403088965575
18.7218121370255
18.7136579412507
18.5353901186769
18.7989066576887
18.8288973992088
19.0033372611733
18.6239449541285
19.1133246359734
18.863375978453
18.7805445669557
18.3271147209831
19.6129896473361
18.9733700866931
18.7947588586819
18.5732320511742
18.2937000252504
18.4895320259238
19.0790951940072
18.382369329181
19.0712877703897
18.5650913222793
18.401377830149
18.3968899924249
18.7135737732514
18.0485455769716
18.510627893275
18.6816539011868
18.4147100412423
18.5839146536487
18.3360600959515
18.1610647251915
18.27750273546
18.1298451308813
18.9827295682182
18.1817161855063
19.0471349213029
18.1507558286339
18.031880313105
18.9329391465365
18.4924173049407
19.1545433886037
17.8824551805404
18.8024821143001
18.6438355357293
17.6743918862049
19.3314813567881
18.5076752798586
18.6608509384732
18.1510352663917
18.5150685969195
18.9316328591869
18.5289462166485
18.7849347698005
18.699628819123
18.1383898661729
18.7773899503409
18.6986390034509
18.21125578655
17.7388107061695
17.6658202171535
17.8635241141318
17.7204385152765
18.6133667199731
19.0659144853127
18.2239146536487
18.666624863227
18.729494992004
18.7083856577729
18.1470726369834
18.845377493477
17.893629324131
18.3245863142833
18.3245189798839
17.8645442302837
18.3438372190893
18.4910436831917
18.2790379597677
18.1271652217827
18.6065457453076
17.6791894621665
17.5183242151334
18.3935266391718
18.4223019947816
17.7943952529249
18.1195564346436
18.4448051510816
17.6530334146957
18.093248884774
17.8601472939988
17.8116665263867
17.4550904805993
18.2102962713576
18.2370818954633
18.3955736049154
18.1108399966333
18.3968899924249
18.6068521168252
17.9879109502567
18.1510352663917
18.144618298123
18.187005302584
17.7025578654996
19.0085792441714
18.4117776281458
18.1356830233146
18.2391355946469
17.7744642706843
17.7585464186516
18.4435830317314
18.1774337177005
18.2397752714418
17.6838995034088
17.653501388772
18.8361324804309
17.9875170440199
18.4672140392223
18.1680170019359
18.0742437505261
17.1972939988217
18.7081870212945
17.9491499032068
18.3999368740005
17.9822582274219
17.5255929635553
17.4565179698679
18.6797887383217
17.78000589176
17.3429686053363
18.071499873748
17.2909359481525
17.9429046376568
17.2675641780995
17.2844348118845
18.0485455769716
17.8116665263867
17.7400732261594
17.8526496086188
17.9615394327077
17.9589840922481
17.6738532110092
18.2861754061106
17.8573529164212
17.4557133237943
17.5832918104537
17.2852596582779
18.0209654069523
17.7270339197037
17.914752125242
17.9171357629829
17.7953817018769
17.7943952529249
17.0490404848077
18.6110672502315
18.1774337177005
17.5935569396516
17.8116665263867
17.6745265550038
17.4784117498527
18.0485455769716
17.6791894621665
17.6783646157731
17.7408408383133
17.9121193502231
17.5183242151334
17.8007953875936
17.8645442302837
18.3403526639172
17.4711026007912
18.246754481946
17.9617279690262
17.0295774766434
17.7808105378335
17.5633271610134
17.2779505092164
17.8854414611565
17.7136882417305
17.234873327161
17.1437631512499
18.1155332042757
17.0651872737985
17.1771946805825
17.1059043851528
17.8530569817356
17.6745265550038
17.6783646157731
17.1898670145611
17.7346965743624
17.5475338776197
17.419877956401
17.7192130292063
17.1930317313358
17.5343632690851
17.5407667704739
17.5989706253683
17.5950113626799
17.5935569396516
17.1972939988217
17.5274513929804
17.5822784277418
17.5265255449878
17.7750130460399
17.1637143338103
17.4746915242825
17.5341814662065
17.6245543304436
17.4176491877788
17.7593981988048
17.2909359481525
17.1679597676963
17.5189234912886
17.1433658782931
17.5613609965491
17.3027060011784
17.9409250063126
17.2136326908509
18.0699612827203
18.1221050416632
17.7902238868782
17.2235611480515
17.3375582863395
17.0366812557866
17.4173495497012
17.0663588923491
17.3421673259827
17.0900808012794
17.5547790590018
17.5556746065146
17.0565516370676
17.0386339533709
17.5133246359734
17.4695370760037
17.1427026344584
17.4197803215218
18.2281802878546
16.5575633364195
16.9347100412423
17.3523853211009
16.9050694385994
16.9194688999243
17.5879547176164
17.2114274892686
17.4020814746233
17.1231049574952
17.032624358219
17.1991591616867
17.8303383553573
17.5458841848329
17.1354069522768
16.61250147294
17.134629239963
17.604875852201
17.3428002693376
17.1059043851528
17.2628844373369
17.2689310664086
17.4043540106052
17.5693199225655
17.0651872737985
17.1972939988217
17.0887374800101
17.2399840080801
17.6345770558034
17.3328650786971
17.3910251662318
17.0195480178436
17.6491818870466
17.1568024577056
17.2111615183907
17.5308686137531
17.1120957831832
16.848373874253
17.2364354852285
16.9790228095278
17.1784942344921
17.0132623516539
16.7519038801448
16.9682291052942
16.9548059927616
17.3603610807171
17.4392870970457
16.7425511320596
17.0957671913139
17.0885388435317
17.1606034845552
17.032624358219
16.799499200404
17.2503535055972
16.7511026007912
17.3890219678478
17.1949238279606
16.5138330106894
17.4248236680414
17.3089782004882
16.8376778048986
16.4735603063715
17.6090606851275
17.0242614258059
17.1813155458295
17.1297643296019
17.1625157814999
17.0663588923491
17.2229551384564
16.710752461914
16.4739575793284
17.5621555424628
17.2331125326151
17.8682913896137
16.5710201161519
17.1939609460483
17.0886768790506
16.986621496507
17.2463100749095
16.6456670313947
16.5460525208316
17.4193426479253
17.1558968100328
17.2703484555172
17.0404014813568
17.222625199899
17.1731983839744
16.8906497769548
16.6465154448279
16.9338077602895
16.4332337345341
16.9702929046377
16.7851064725191
16.9981626125747
16.8625275650198
16.979120444407
16.6160903964313
16.8375195690599
16.2974909519401
17.1765179698679
16.8868689504251
17.1500555508796
16.3248421850013
16.7259633027523
16.3922237185422
17.3005445669556
16.5710201161519
16.9611825603905
16.7143009847656
16.9682291052942
16.9682291052942
17.3805479336756
17.139379681845
16.233870044609
17.0885388435317
17.1860525208316
16.8718466459052
16.9790228095278
17.3282627724939
16.7546881575625
16.8021824762226
16.7651687568386
17.033129366215
16.9452613416379
16.7644482787644
16.8648337682014
16.5671551216228
16.5768176079455
16.5138330106894
17.088996717448
17.137127346183
16.3230746570154
17.2018963050248
16.9347100412423
16.9416151839071
17.3607280531942
16.7910318996718
16.3538666778891
17.4226016328592
16.3164152849087
16.7574118340207
16.0276180456191
16.3245795808434
17.432254019022
16.7230881238953
16.7280203686558
16.6745871559633
16.8918550627052
16.575622422355
16.4039264371686
16.3502306203182
16.6417885699857
16.9347100412423
16.6639348539685
16.51374547597
16.5138330106894
16.7376188872991
16.5996810032826
16.5791642117667
16.8248472350812
16.1111665684707
16.61250147294
16.3237076003703
16.6135619897315
16.4019333389445
16.9209468899924
16.7143009847656
16.7254414611565
17.119744970962
16.1661855062705
16.361751536066
15.951371938389
17.0929054793368
16.6972148809023
16.2085152764919
17.0162284319502
16.9262292736302
16.635869876273
15.9835712482114
17.1421875263025
16.569875431361
17.0014283309486
16.3281079033752
16.7143009847656
16.7027161013383
16.2768462250652
17.2213660466291
16.3595732682434
16.1047765339618
16.0318533793452
16.4744255534046
16.5613475296692
16.3432884437337
16.3073318744214
16.5676432960189
16.5404065314368
16.1522068849424
16.3256400976349
16.2254128440367
16.5460525208316
15.9835712482114
16.4054616614763
16.3164152849087
16.4180969615352
16.7374135173807
16.5905470919956
15.9009788738322
16.3718112953455
16.3701178351991
16.258127262015
16.3060861880313
15.9493081390455
16.4039264371686
16.2549524450804
16.1991120276071
16.7015545829476
16.2225746990994
16.3864497937884
16.4019535392644
16.4134306876526
16.24875768033
15.8926832758185
16.6755130039559
16.7322052015824
16.389001767528
15.9692121875263
16.6924274051006
16.3108938641529
16.831129534551
16.145507112196
16.4719611143843
16.6116496927868
16.1453455096373
15.857881491457
16.885380860197
16.6245206632438
16.152627724939
16.6600092584799
16.3714712566282
15.844498779564
15.7996170356031
16.2104444070364
16.5330872822153
16.7006051679152
16.2225746990994
16.3502306203182
16.4781760794546
16.0250559717196
15.8565718373874
16.3640409056477
16.0483334736133
16.0131680834947
15.9340097634879
16.3425342984597
15.9153648682771
15.9780094268159
15.8655912801953
16.5837362174901
15.8223659624611
16.1781710293747
16.5105504587156
15.6846805824426
15.9519510142244
16.1640139718879
15.9493081390455
16.2687862974497
15.9537791431698
15.8357049069944
16.3584689840923
16.2974909519401
16.0205816008753
15.7150719636394
15.9829214712566
16.134881743961
16.4545989394832
16.321374463429
15.9264380102685
16.0777821732177
16.6788864573689
15.7239129702887
15.7680776028954
16.0564304351486
16.5260845046713
16.4912827203098
15.9345450719636
16.391624442387
15.958004376736
15.5802078949583
15.5919745812642
16.0479025334568
15.9796456527228
15.712627724939
15.8655912801953
15.993001430856
15.9153648682771
15.9493081390455
15.857881491457
15.8778023735376
15.9128869623769
16.1097963134416
15.6867679488259
15.9519510142244
15.7214821984682
16.0578141570575
16.0437379008501
15.9947756922818
15.4489159161687
16.3367098729063
16.2058454675532
15.765246191398
15.5586373200909
15.7957890749937
15.8857242656342
15.5654784950762
16.159377998485
15.9349861122801
15.9075271441798
15.8331192660551
15.8357049069944
15.9468605336251
16.3061636225907
15.735625789075
15.89125241983
16.1820797912634
15.5742993014056
15.9519510142244
16.2647260331622
16.0205816008753
15.6193897820049
16.2287021294504
15.9100252503998
15.7050997390792
15.5323196700614
16.1984050164128
16.4302339870381
15.9601624442387
16.0014148640687
15.7743666358051
15.4904309401566
15.5131731335746
15.658376399293
15.6537774598098
15.8590665768875
15.5967788906658
15.4990396431277
15.8558345257133
15.6807617203939
15.9046418651629
15.996004545072
15.6691499032068
15.9017195522262
15.8224164632607
15.5749793788402
16.0529728137362
15.5738818281289
15.7087660971299
15.68374800101
15.6795362343237
15.7777905900177
16.0998173554415
15.7650980557192
15.5787097045703
16.0392668967259
15.712627724939
15.9251350896389
16.0001489773588
15.8105992761552
15.8926832758185
15.9153648682771
15.3722792694218
15.9046856325225
16.00124989479
16.5568664253851
15.8564708357882
15.8679378840165
15.3064228600286
15.8221134584631
15.970632943355
15.5939474791684
15.6846805824426
15.7110891339113
15.6316951435064
15.7613643632691
15.4543026681256
15.895127514519
15.4601506607188
15.558371349213
15.7686869792105
15.5024198299807
15.3761880313105
15.5873689083411
15.3985329517718
15.4484546755324
15.6568378082653
16.1401775944786
15.7116985102264
15.5653303593974
15.6533094857335
15.490377072637
15.5230645568555
15.4304427236765
15.5763664674691
15.5026420334989
15.8332977022136
15.8515082905479
15.4534879218921
15.8264733608282
15.6617835199057
15.784507196364
15.6893636899251
15.5252394579581
15.3212364279101
15.3084058580928
15.6878318323374
15.4601506607188
15.380622001515
15.8558513593132
15.4135720898914
15.6956695564346
15.3458000168336
15.9818474875852
15.2109595151923
15.6438321690094
15.7939171786887
15.695878293073
15.9503417220773
15.3013222792694
15.7801068933591
15.6060744045114
15.2266113963471
15.5688216480094
15.4810377914317
15.6262141233903
15.6202617624779
15.5465507953876
15.6678200488174
15.3534896052521
15.4228373032573
15.3669228179446
15.4419097719047
15.4071450214628
15.4403577139971
15.6187736722498
15.1513248043094
15.0663252251494
15.8641873579665
15.3125873242993
15.559748337682
15.3868639003451
15.3644449120445
15.448249305614
15.7603139466375
15.5124560222204
15.2364220183486
15.6045425469237
15.2167031394664
15.2229046376568
15.4496969952024
15.5688216480094
15.6302811211177
15.3458000168336
15.5026420334989
15.5919880481441
15.4484546755324
15.2709409982325
15.5131731335746
15.1917288107062
15.6560264287518
15.3891532699268
15.490377072637
15.3783932328928
15.5340501641276
15.2833911286929
15.5579505092164
15.2380986448952
15.5473554414612
15.4289445332884
15.7212027607104
15.5820966248632
15.0056905984345
15.2808627219931
15.3698821648009
15.2234803467722
15.8407011194344
15.5888940324889
15.4207970709536
15.398004376736
15.2047445501221
14.8768058244256
15.1727741772578
15.2717422775861
15.5404469320764
15.3134828718121
15.3213508963892
15.2054380944365
15.1785380018517
15.4707019611144
15.4122119350223
15.1432177426143
15.285875768033
15.2319846814241
15.4799099402407
15.1355247874758
15.3788208063294
15.360502482956
15.3327236764582
15.2635981819712
15.2639045534888
15.1600917431193
15.5127219930982
15.2636554162108
15.6685539937716
15.0467443817861
15.3747672754819
15.2605075330359
15.2732775018938
15.0173663833011
15.3868403333053
15.3400227253598
15.1900454507197
15.6057276323542
15.4723684875011
15.0056905984345
15.4019569059843
15.1280473024156
15.4402870128777
15.3464598939483
15.3399116236007
15.7173545997812
14.8809199562326
15.1641486406868
15.3672931571417
15.43249978958
15.6224029963808
14.8603290968774
15.3071871054625
15.3568596919451
15.5110756670314
15.1901902196785
15.451875263025
14.7660138035519
15.086124905311
15.2177097887383
15.1106649271947
15.3311783519906
14.9661451056309
14.9607314199142
15.1648522851612
14.984507196364
15.0467443817861
15.1696835283225
14.9892677384059
15.2229046376568
15.1191759952866
14.9422380271021
14.7520789495834
15.1962806161098
15.0956089554751
15.1641486406868
15.3173680666611
15.0994167157647
15.0056905984345
15.3554456695564
15.5417431192661
14.6868285497854
15.1949541284404
14.9489108660887
15.3417262856662
15.0849903206801
15.3691987206464
15.0796473360828
15.1205125831159
15.4054515613164
14.8695774766434
15.4412027607104
15.3650172544399
15.143874253009
14.9292054540864
14.930505007996
15.4723280868614
14.9629500883764
15.3947184580423
15.4719712145442
15.2112153859103
15.1679597676963
14.9187989226496
15.0404216816766
15.2544743708442
14.8427817523778
14.8752773335578
15.4046839491625
14.8711430014309
15.1932876020537
14.8376643380187
15.0739239121286
15.2775936368993
14.8569017759448
15.3423356619813
14.7684715091322
15.0123937379009
15.2164001346688
14.6368899924249
14.7148059927616
15.0346814241226
14.9408442050332
15.1110891339113
14.9358109586735
15.3466416968269
15.1080489857756
14.909001767528
14.8684327918525
15.1637884016497
14.795132564599
14.9111093342311
14.7166576887468
15.3159877114721
14.8295606430435
15.013498022052
14.7746460735628
14.6084142748927
15.1164186516287
14.7893283393654
14.9774640181803
15.0217161855063
15.2080607692955
14.8926731756586
15.5285960777712
14.943628482451
14.9705117414359
15.2550332463597
14.8728600286171
14.771747327666
15.3457730830738
14.9785312684118
14.9404132648767
14.890747411834
14.979255113206
15.0029871222961
14.9222363437421
14.9024029963808
14.9596810032826
14.9047630670819
14.8105858092753
14.733376820133
15.1413391128693
14.8218340207053
14.5141595825267
14.8569017759448
15.3047900008417
14.1975599696995
15.1266366467469
15.0580531941756
14.6713854052689
14.6686011278512
15.0586390034509
14.5653673933171
14.5745821058833
14.8891414864069
15.1359287938726
14.5645492803636
14.9078234155374
15.1145433886037
14.6642344920461
14.9350736469994
14.5189268580086
14.7362284319502
15.1121530174228
15.0613088123895
14.9033995454928
14.8021959431024
14.8537841932497
14.8076836966585
15.1802146283983
14.8145585388435
14.7602836461577
14.7382989647336
14.8733583031731
14.7660138035519
14.811871896305
14.9290909856073
14.7767435401061
14.8728600286171
14.7755584546755
14.9615225991078
15.0608240047134
14.7009418399125
14.8447411834021
14.8896936284825
14.6566593721067
14.7728213113374
14.50375641781
14.8145585388435
14.5927926942177
14.5973411329013
14.6844785792442
14.7226605504587
14.7501060516792
14.826126588671
14.6673453413013
14.787005302584
14.7031773419746
15.0544272367646
14.8997904216817
14.2584639340123
14.4473200909015
14.6694461745644
14.4944205033246
14.1998527060012
14.5349053110008
14.7490455348876
14.8434786634122
14.8508888140729
14.6279378840165
14.7010159077519
14.6806405184749
14.4993493813652
14.5297609628819
14.7441772578066
14.875869876273
14.782005723424
14.771747327666
14.7755584546755
14.4476870633785
14.59625368235
15.0513231209494
14.7767435401061
14.8447142496423
15.033371770053
14.7117826782257
14.7155601380355
14.5188056560896
15.1151796986786
14.652622674859
14.7964590522683
14.6225410318997
14.7944524871644
14.5649297197206
14.1857629829139
14.2257865499537
14.5653673933171
14.5291953539264
14.6073066240216
14.5649297197206
14.7648085178015
14.5289697836882
14.1732825519738
13.936996044104
14.7978865415369
14.5141595825267
14.6686011278512
14.9257040653144
14.6745703223635
14.5153817018769
14.2584639340123
14.5983208484134
14.4906834441545
14.4067881491457
14.5297609628819
14.7716496927868
14.4423272451814
14.6986659372107
14.9777771231378
14.4264868277081
14.3151022641192
14.5761442639509
14.5934795050922
14.8763816177089
14.6953530847572
14.378130628735
14.3704141065567
14.4476870633785
14.73125241983
14.2299814830401
14.6808896557529
14.8523398703813
14.7514561063884
14.6673453413013
14.4928078444575
14.6981945964145
14.7148093594815
14.1258488342732
14.7031773419746
14.601872737985
14.8115789916674
14.6799537076004
14.5444028280448
14.6172047807424
14.3844937294841
14.1638961366888
14.7490219678478
14.7117052436664
14.2095959936032
14.2594268159246
14.2584639340123
14.2876668630587
14.6449869539601
14.3413660466291
14.3462242235502
14.0313281710294
14.4434113290127
14.5310234828718
14.1258623011531
14.2312204359903
14.4362604157899
14.6062124400303
14.3824332968605
14.4922355020621
14.3215966669472
14.3760365289117
14.4436941334905
13.9561964481104
14.6531950172545
14.447128187863
14.458123895295
14.3715385910277
14.3409755071122
14.6733414695733
14.2793981988048
14.181379513509
14.4423272451814
14.1780498274556
14.4709813988722
14.2726916926185
14.3296666947227
14.2695875768033
14.5266602137867
14.519371265045
14.3704141065567
14.177006144264
13.9415848834273
14.4906834441545
14.2318466459052
14.4067881491457
14.5077224139382
14.3851704401986
14.3271955222625
14.1805849675953
14.2381727127346
14.1306497769548
14.2053067923576
14.5369623769043
13.9864800942682
14.2317086103863
14.2322102516623
14.3741141318071
14.1674412928205
14.0693519064052
14.5015781499874
14.0306177931151
14.2594268159246
14.1788544735292
13.96625284067
14.1383427320933
14.0463302752294
14.1330906489353
14.227628145779
14.1840594226075
14.3644146115647
13.9987450551301
14.3488940324889
14.1982770810538
14.0716177089471
13.953001430856
14.2848590186011
14.275122464439
14.2618542210252
14.4190766770474
13.8976895884185
14.2309409982325
13.8614535813484
14.5980414106557
14.4090303846478
14.2149692786803
14.1235628314115
14.356748590186
14.225497012036
14.3394066156048
13.9810933423113
14.2983898661729
14.2900774345594
13.8756577729147
14.3907423617541
14.0779572426563
14.5474025755408
13.9088233313694
14.3477224139382
14.1700673343995
13.7292694217658
14.0042799427658
14.0452394579581
14.200627051595
14.1244078781247
14.0203257301574
13.949001767528
13.8769101927447
13.9435106472519
13.9851906405185
14.274378419325
13.9370667452235
13.910503324636
14.0063639424291
14.1053488763572
14.068250988974
14.1298080969615
14.1324240383806
14.0693519064052
13.9429686053363
13.9161459473108
13.9666635805067
13.971871896305
14.3298080969615
14.1585430519317
14.1882610891339
14.0298367140813
14.3201961114384
14.1861434222709
14.0020478074236
13.9664548438684
13.96625284067
14.0412364279101
13.9601927447185
13.8200631259995
13.9561964481104
14.1306497769548
14.1258623011531
13.9397432876021
14.0635544146116
14.1982770810538
14.1330906489353
13.9467797323458
13.9143279185254
14.0610226411918
13.943382711893
14.0331495665348
14.1838405858093
14.0734896052521
14.2276921134585
14.0257932833937
13.9678082652975
13.7976441376989
14.002000673344
13.944631765003
14.0057916000337
13.9630308896558
14.0542353337261
13.96625284067
13.96625284067
14.309877114721
13.8580464607356
13.7994385994445
14.099871222961
13.9013323794293
14.0577131554583
13.8149221446006
13.8628474034172
14.0046671155627
13.9864800942682
13.9631015907752
13.9358042252336
14.138373032573
14.0552352495581
13.8670524366636
13.9748985775608
14.0890371180877
13.8143228684454
13.7021572258228
14.0059767696322
13.8192685800859
13.6947773756418
13.9321008332632
13.9843523272452
14.0594537496844
13.8777047386584
13.8198947900009
14.0895421260837
14.0088990825688
13.9911800353506
13.9541326487669
13.9776660213787
13.9289293830486
13.9317910950257
13.7419417557445
14.3423928962209
13.8989285413686
14.031745644306
14.0586154364111
13.8132926521337
13.9647950509217
13.9358042252336
13.8924644390203
13.9045711640434
13.7984824509722
13.8999553909604
13.9140888814073
13.8695539096036
13.8343683191651
13.7135973402912
13.8379707095363
13.9071736385826
13.8262646241899
13.8830544566956
13.8616353842269
13.9184218500126
13.9768041410656
13.8943430687653
13.5095505428836
14.0696784782426
14.0115183907079
13.919499200404
13.6527607103779
13.6019569059844
13.9699663328003
13.8941444322869
13.7386726706506
13.7932674017339
13.9699326656005
13.9001910613585
13.8243927278849
13.7255693965155
13.8987635720899
13.8844617456443
13.6533936537328
13.8260727211514
14.0623221951014
13.9791372780069
13.8198947900009
13.7223844794209
13.9757099570743
13.7891162360071
13.9013323794293
13.8548009426816
13.9884395252925
13.8595177173639
13.9524055214208
13.9583545156132
13.8419165053447
13.8670524366636
13.6510403164717
13.7614081306288
13.4837783014898
13.8450273545998
13.6979892264961
13.8614199141487
13.5468234997054
13.8714426395085
13.8124745391802
13.779005975928
13.5768243413854
13.973881828129
13.6725704906995
13.9731445164549
13.807996801616
13.7172333978621
13.8921513340628
13.7261653059507
13.9228591869371
13.7787265381702
13.7136747748506
13.6305538254356
13.7434197458126
13.8561543641108
13.7223844794209
13.6874513929804
13.691996464944
13.798997559128
13.5701043683192
13.6937774598098
13.7333229526134
13.8611943439105
13.8092424880061
13.7947790590018
13.8739542126084
13.7845778974834
13.9277274640182
13.6762974497096
13.8825124147799
13.6910874505513
13.7699932665601
13.8200631259995
13.7569270263446
13.5625629155795
13.7783258984934
13.6189622085683
13.8313046039896
13.8011421597509
13.8140535308476
13.7624316135006
13.7012111775103
13.89874673849
13.4850340880397
13.4407751872738
13.5407398367141
13.6921143001431
13.7723668041411
13.7313635215891
13.4795564346436
13.6381962797744
13.6408660887131
13.5388578402491
13.5831133742951
13.79749936874
13.7137454759701
13.5831504082148
13.6878587660972
13.7117288107062
13.6555651881155
13.7436756165306
13.779002609208
13.5906076929551
13.7353362511573
13.8648472350812
13.5664582105883
13.6633288443734
13.597630670819
13.4455525629156
13.6725704906995
13.7386726706506
13.5010428415117
13.5738515276492
13.7723365036613
13.6972653817019
13.541998989984
13.863369245013
13.8023104115815
13.8061316387509
13.6250930056393
13.6571845804225
13.6172923154617
13.5918062452656
13.8252445080381
13.7255929635553
13.6312709367898
13.6566156047471
13.6924105715007
13.7476416126589
13.7712928204697
13.6126630754987
13.6363681508291
13.7333027522936
13.474748758522
13.4713820385489
13.5701043683192
13.5095505428836
13.4516597929467
13.5783831327329
13.4705201582358
13.4773074657016
13.6056501977948
13.4972889487417
13.6635914485313
13.591873579665
13.4795564346436
13.6017616362259
13.7315554246276
13.5768243413854
13.4238877198889
13.6250930056393
13.3944188199647
13.5712288527902
13.476876525545
13.512627724939
13.800249978958
13.7591355946469
13.6542319670062
13.6171946805825
13.6627733355778
13.4812094941503
13.5971559633028
13.6126630754987
13.597630670819
13.5698047302416
13.439122127767
13.599627135763
13.659127177847
13.5312288527902
13.6829702886963
13.6312709367898
13.5184959178521
13.5508130628735
13.7166374884269
13.5119611143843
13.5200648093595
13.6447344499621
13.5180212103358
13.6681903880145
13.5987349549701
13.5846755323626
13.6085354768117
13.4934037538928
13.4259010184328
13.5277813315378
13.5343969362848
13.4446603821227
13.5132943354936
13.5072207726622
13.6350988973992
13.4926597087787
13.4619888898241
13.5991726285666
13.4619653227843
13.4162789327498
13.4826403501389
13.4816471677468
13.4661838229105
13.4768192913054
13.499123811127
13.4922994697416
13.452619308139
13.4860845046713
13.5069918357041
13.4125688073395
13.4233221109334
13.6346679572427
13.4040409056477
13.595752041074
13.5463521589092
13.4854885952361
13.5369623769043
13.4125923743793
13.5655491961956
13.4735771399714
13.5275860617793
13.4719038801448
13.5367166063463
13.4114342227085
13.6717321774262
13.4742875178857
13.4719409140645
13.5168091911455
13.5861164885111
13.5333162191735
13.4936427910109
13.5212094941503
13.3583646157731
13.4058555677132
13.6034146957327
13.5956375725949
13.3840392222877
13.4340451140476
13.5084294251326
13.4132926521337
13.4040409056477
13.4161105967511
13.3384875010521
13.4750214628398
13.4404385152765
13.4056872317145
13.3000193586398
13.4082358387341
13.5621589091827
13.4283923912129
13.484121706927
13.4294158740847
13.4416909351065
13.4557604578739
13.479872906321
13.4726580254188
13.4199217237606
13.4454818617961
13.3635661981315
13.3815949835872
13.430873663833
13.4539760962882
13.4679917515361
13.470382122717
13.3583646157731
13.4691532699268
13.4771525965828
13.4881483040148
13.4917776281458
13.3238894032489
13.5281988048144
13.452619308139
13.4619653227843
13.4423912128609
13.506877367225
13.4496060937632
13.4364354852285
13.4891852537665
13.4048859523609
13.492757343658
13.5113887719889
13.4705201582358
13.449373790085
13.3814502146284
13.5312894537497
13.4516597929467
13.4342201834862
13.4230763403754
13.2823104115815
13.3472376062621
13.3486078612912
13.4020949415032
13.5498198804814
13.4025090480599
13.4638001851696
13.4404890160761
13.463251409814
13.276627388267
13.4703215217574
13.3688384816093
13.4259010184328
13.4056872317145
13.3875439777796
13.4125923743793
13.4213323794293
13.4581508290548
13.4023373453413
13.4082223718542
13.4029770221362
13.5636166989311
13.4013003955896
13.3457158488343
13.337248548102
13.4923533372612
13.4649246696406
13.3764674690683
13.3806994360744
13.373127682855
13.3478099486575
13.3996944701624
13.3941898830065
13.4502356703981
13.4064750441882
13.4172721151418
13.3399486575204
13.4686583620907
13.3677644979379
13.4363344836293
13.3213912970289
13.4161105967511
13.3838136520495
13.4813239626294
13.3718180287855
13.4130098476559
13.4722203518222
13.3709258479926
13.3869884689841
13.3580649776955
13.3103854894369
13.4106632438347
13.3612364279101
13.4023373453413
13.3000193586398
13.4321126167831
13.3811741435906
13.4528347782173
13.3953110007575
13.3812145442303
13.4236453160509
13.403131891255
13.373380186853
13.352624358219
13.3645964144432
13.3885337934517
13.3416858850265
13.4092088208063
13.3732724518138
13.3554692365963
13.2747891591617
13.34874926353
13.334124231967
13.4031823920546
13.2432631933339
13.2935114889319
13.342877703897
13.3793897820049
13.4155382543557
13.3734710882922
13.4117910950257
13.4133936537329
13.3615798333474
13.3184353168925
13.4197668546419
13.289626294083
13.3203476138372
13.4274564430604
13.259251746486
13.3209334231125
13.3137421092501
13.3023996296608
13.526000336672
13.2951342479589
13.3444667957243
13.4335502062116
13.3110419998317
13.4132118508543
13.3457158488343
13.2722977863816
13.3167654237859
13.3103854894369
13.3121429172629
13.3693401228853
13.3258959683529
13.337628987459
13.3461198552311
13.3953009005976
13.2283183233735
13.3776054204192
13.2816101338271
13.2643455938052
13.3636368992509
13.3433153774935
13.2961711977106
13.3901464523188
13.2961173301911
13.3481836545745
13.3624417136605
13.2869093510647
13.3012280111102
13.3363597340291
13.2886701456106
13.3556106388351
13.2604469320764
13.2397012036024
13.3986440535309
13.4204570322364
13.3502743876778
13.2080607692955
13.3816993519064
13.4106733439946
13.2806539853548
13.2754052689168
13.2382602474539
13.3384875010521
13.3070591701035
13.3184353168925
13.2602314619982
13.3458538843532
13.3282594057739
13.3597988384816
13.3177047386584
13.3455306792358
13.3009553067924
13.3776761215386
13.3173377661813
13.2726546586988
13.24250568134
13.1942100833263
13.3524863227001
13.4072662233819
13.3166509553068
13.3023524955812
13.267251073142
13.2669009342648
13.4126058412592
13.2748362932413
13.3012179109503
13.2811724602306
13.4622885279017
13.2875591280195
13.3027699688579
13.2541174985271
13.2956897567545
13.1089748337682
13.269621244003
13.2600496591196
13.2754322026765
13.2678200488174
13.2223524955812
13.3282627724939
13.2497441292821
13.3158025418736
13.2706682939147
13.2540568975676
13.3071029374632
13.3336629913307
13.2052057907584
13.2397012036024
13.3180683444155
13.2742370170861
13.2432631933339
13.2408155879135
13.2937202255702
13.2926900092585
13.3035207474119
13.3184353168925
13.298130628735
13.2947807423618
13.2713147041495
13.3265962461072
13.2525250399798
13.2887745139298
13.2728465617372
13.2999015234408
13.323869202929
13.2316008753472
13.2926799090986
13.2389133911287
13.3208290547934
13.2197735880818
13.2586390034509
13.3112137025503
13.2684428920125
13.3311749852706
13.2007145863143
13.2754928036361
13.1942100833263
13.2506565103947
13.2418323373454
13.2413912970289
13.2347420250821
13.2653219425974
13.2091818870466
13.285505428836
13.2284563588923
13.3255424627557
13.233122632775
13.1418474875852
13.1981087450552
13.2446031478832
13.2719375473445
13.2526731756586
13.2670692702634
13.3237917683697
13.217255281542
13.2514072889487
13.31625031563
13.2077611312179
13.243879303089
13.2094242908846
13.134875010521
13.3095673764835
13.2323987879808
13.2009199562326
13.2851182560391
13.2834517296524
13.1995901018433
13.3268352832253
13.1349187778807
13.1435241141318
13.2829702886962
13.3061467889908
13.2407314199142
13.2073874253009
13.338006060096
13.2573024156216
13.1446889992425
13.2611808770306
13.1613980304688
13.2604334651965
13.2234769800522
13.1983174816935
13.1710840838313
13.2415562663076
13.2969085093847
13.1817027186264
13.2875927952193
13.2739070785287
13.2488250147294
13.2164573689084
13.2025595488595
13.1686903459305
13.1184555172124
13.1967182897063
13.1300639676795
13.2389840922481
13.1934088039727
13.1942100833263
13.1356156889151
13.2316008753472
13.1814872485481
13.198001010016
13.1891128692871
13.2105689756754
13.3981053783352
13.2804149482367
13.2229315714166
13.225624947395
13.1260373705917
13.2197735880818
13.2071382880229
13.2080607692955
13.2132791852538
13.0947066745223
13.2959422607525
13.2247765339618
13.0570229778638
13.2275742782594
13.1745282383638
13.2483334736133
13.2314527396684
13.2127304098982
13.3284513088124
13.2843506438852
13.1674008921808
13.2685943944113
13.2061484723508
13.0974539180204
13.1704343068765
13.0810647251915
13.1201085767191
13.109126336167
13.143251409814
13.1430527733356
13.1922977863816
13.2299680161603
13.1418373874253
13.1092778385658
13.1763125999495
13.2167671071459
13.1948834273209
13.2080607692955
13.1995901018433
13.1808644053531
13.1985935527313
13.1345282383638
13.1068437000253
13.1542100833263
13.1985396852117
13.2055323625958
13.1616404343069
13.1894428078445
13.0789874589681
13.2826201498191
13.2113298543894
13.1596944701625
13.3248253514014
13.2486129113711
13.060995707432
13.1688620486491
13.2104477737564
13.1413155458295
13.1580313104957
13.1519880481441
13.134124231967
13.1132775018938
13.1423289285414
13.1844398619645
13.2249751704402
13.090996549112
13.1598022052016
13.1252764918778
13.1892610049659
13.213131049575
13.1188864573689
13.1567654237859
13.0469026176248
13.1879883848161
13.1164523188284
13.037132396263
13.0410579917515
13.134875010521
13.1423289285414
13.1814401144685
13.1169438599445
13.1032009090144
13.1456518811548
13.160253345678
13.0475220940998
13.177120612743
13.1077830148977
13.1655491961956
13.0937000252504
13.1757739247538
13.1705184748758
13.1601355104789
13.1163311169094
13.1178629744971
13.1104629239963
13.1132842353337
13.0820511741436
13.1509376315125
13.1151190977191
13.1038540526892
13.0949221446006
13.0713584715091
13.0517809948658
13.1194688999242
13.1284917094521
12.9905201582359
13.3146713239626
13.1465709957074
13.0940501641276
13.0903535055972
13.1170852621833
13.1696094604831
13.0754860701961
13.1486482619308
13.1355247874758
13.1187719888898
13.12874758017
13.1133583031731
13.0750248295598
13.088629744971
13.1876685464186
13.0713012372696
13.015750357714
12.9769017759448
13.0793039306456
13.1230174227759
13.1323365036613
13.0651940072385
13.112381954381
12.9736966585304
13.1426689672587
12.9654111606767
13.1521328171029
13.0380515108156
13.0711665684707
13.1045442302837
13.0728667620571
13.0687660971299
13.0624635973403
13.1639735712482
13.0201068933592
12.9923954212609
13.0645677973235
13.0244095614847
13.062120191903
13.0841015066072
13.1932303678142
13.0952184159583
13.0221942597425
13.0577064220184
13.1199840080801
13.1695421260837
13.0552015823584
13.0881988048144
13.0779000084168
13.0456030637152
13.086000336672
13.1031504082148
13.0498888982409
13.0932185842942
13.0494175574447
13.0952285161182
13.0833675616531
13.0462730409898
13.1607684538339
13.1189638919283
13.1052007406784
13.0990564767276
13.1053589765171
13.1535636730915
13.0723348203013
13.0708568302331
13.035496170356
13.0977973234576
13.0787888224897
12.9902575540779
13.0859060685128
13.1521698510226
13.0499360323205
13.0657899166737
13.1038843531689
12.9697676963219
13.0696077771231
12.9768176079455
13.0043068765256
12.9037395842101
13.1062881912297
13.1034163790927
13.016501136268
13.1034197458127
13.015750357714
13.0147942092416
13.0063134416295
13.2286347950509
12.9413559464692
12.9635358976517
13.0999486575204
13.0070642201835
13.1780531941756
13.0349372948405
12.9567620570659
13.159377998485
13.0483334736133
13.1462713576298
13.0595951519232
13.0380515108156
13.0686415284909
13.0626083662991
13.1140181802879
13.2471955222624
12.900749936874
13.0023912128609
13.0359102769127
12.8898114636815
12.9085539937716
13.1375919535393
13.1154726033162
12.918378082653
12.9857730830738
13.1268117161855
12.939123811127
13.0850105209999
12.9850122043599
12.9389285413686
12.9043422270853
12.942746401818
12.9723028364616
13.0393577981652
12.9151965322784
13.0226353000589
13.0444381786045
12.8986491036108
12.8352066324383
13.0609586735123
13.0777283056982
13.0417044019864
12.9638557360492
12.9037395842101
13.000869455433
13.049626294083
12.9390699436075
12.9136613079707
13.0355567713156
12.9071029374632
12.9758984933928
13.0402163117583
12.955752041074
12.8392231293662
13.0262242235502
13.2309342647925
12.9199335072805
13.0825157814999
13.0407179530343
13.0378865415369
12.8530266812558
12.9613205959095
12.984500462924
13.0194133490447
12.977248548102
12.9708214796734
13.0826740173386
13.1800900597593
12.8817111354263
12.9870625368235
13.0543834694049
12.9638187021295
12.9332286844542
13.002125241983
13.0557436242741
13.0346073562831
12.9788511068092
12.8866164464271
12.8662679909099
12.8901144684791
12.9638894032489
12.9725755407794
12.9159203770726
13.0903299385574
12.9508164295935
13.0517607945459
12.8639516875684
12.8364220183486
12.9618424375053
12.907631512499
12.9214384311085
12.9030090059759
12.9910184327919
12.8957335241141
12.9415680498275
13.0105757091154
12.9456922817945
13.0413104957495
12.9602129450383
12.8991945122465
12.976127430351
12.9624181466206
12.9136613079707
12.9694714249642
12.9715082905479
12.9172300311422
12.9411573099908
12.9428878040569
12.8766644221867
12.922872653817
12.8985885026513
12.9472308728222
12.9409182728727
12.9431167410151
12.9100151502399
12.9834332126925
12.9228187862975
12.9650946889992
12.849626294083
12.9037429509301
12.986746065146
12.8110941839913
12.9655289958758
12.9245223466038
12.939123811127
12.8653354094773
12.8745669556435
12.8215276491878
12.9242429088461
12.9146612238027
12.863497180372
13.0291532699268
12.8731933338944
12.8555416210757
12.76999663328
12.8396776365626
12.9236705664507
12.9280944364953
12.8902255702382
12.8985885026513
12.9037429509301
12.9580144768959
12.8192248127262
12.9503046881576
12.8538548943692
12.8620191903038
12.9047024661224
12.890871980473
12.8227901691777
12.8847815840417
12.7707979126336
12.8703686558371
12.9102339870381
12.914125915327
12.824628398283
12.8604637656763
12.8237900850097
12.9374067839408
12.9332286844542
12.9788612069691
12.8170701119435
12.8350921639593
12.8864380102685
12.9239230704486
12.8849465533204
12.9717035603064
12.8362402154701
12.8639516875684
12.8840981398872
12.7933212692534
12.913627640771
12.8929054793368
12.8541545324468
12.9090657352075
12.844125073647
12.9246098813231
12.8869329181045
12.8438860365289
12.8391423280869
12.8470204528238
12.7872140392223
12.9051401397189
12.8923533372612
12.8363008164296
12.8588443733693
12.8724829559801
12.8866164464271
12.7694512246444
12.8716177089471
12.7780228936958
12.7723600707011
12.8346881575625
12.8378023735376
12.8660558875516
12.8214131807087
12.7841402238869
12.8521008332632
12.911624442387
12.9375515528996
12.7353564514771
12.8910739836714
12.7954389361165
12.9234483629324
12.9000765928794
12.740120360239
12.8475826950593
12.8300185169599
12.7583410487333
12.8179420924165
12.8658505176332
12.7712658867099
12.8777586061779
12.9855778133154
12.8010142243919
12.8208038043936
12.870624526555
12.8325368234997
12.9381878629745
12.9238086019695
12.8385161181719
12.8222683275819
12.9067191313863
12.7139744129282
12.9174017338608
12.8352066324383
12.7992870970457
12.9257680329939
12.9145770558034
12.7937959767696
12.8554372527565
12.8259212187526
12.7411000757512
12.8247395000421
12.7809889739921
12.9320806329434
12.8070507533036
12.7853926437169
12.7660946048312
12.8564270684286
12.7548362932413
12.6773916337009
12.7441604242067
12.7591052941672
12.8738094436495
12.7842883595657
12.7811741435906
12.8469160845047
12.9520419156637
12.7668285497854
12.8733482030132
12.7756325225149
12.7846519653228
12.8330889655753
12.9486078612912
12.7971593300227
12.7764607356283
12.785247874758
12.7599166736807
12.7201489773588
12.9340164969279
12.7809351064725
12.7899141486407
12.8327792273378
12.9035342142917
12.7375784866594
12.8376441376988
12.8067746822658
12.8818188704655
12.8399469741604
12.7043455938052
12.8163092332295
12.7450155710799
12.7444028280448
12.7670776870634
12.8377148388183
12.8208038043936
12.7870760037034
12.8581003282552
12.7029719720562
12.8796338692029
12.8368630586651
12.7281920713745
12.7182636141739
12.7466719973066
12.8953362511573
12.8043977779648
12.7322961030216
12.7043455938052
12.7738616278091
12.7550988973992
12.7572165642623
12.7351106809191
12.7264514771484
12.754620823163
12.8712945038297
12.7163445837892
12.7581457789748
12.7860659877115
12.7418474875852
12.7184891844121
12.8004351485565
12.7257410992341
12.7902609207979
12.8149591785203
12.7825477653396
12.7704545071964
12.836119013551
12.6691835704065
12.7544322868445
12.9132640350139
12.7842412254861
12.864002188368
12.7497963134416
12.7808374715933
12.7024837976601
12.7783999663328
12.7370297113038
12.7942875178857
12.8697390792021
12.6972384479421
12.7365550037876
12.800879555593
12.6763647841091
12.7031908088545
12.8176458210588
12.7329357798165
12.8618407541453
12.6980666610555
12.7438001851696
12.7375986869792
12.7262865078697
12.7109073310328
12.6345736890834
12.7535872401313
12.6111985523104
12.779625452403
12.6867915158657
12.7351106809191
12.7055912801953
12.8023036781416
12.7551864321185
12.7620343405437
12.7374438178605
12.7257410992341
12.6886768790506
12.7006657688747
12.7161998148304
12.6801792778386
12.7406152680751
12.80749516034
12.6129256796566
12.6163058665095
12.7905403585557
12.7485573604916
12.7302592374379
12.7579134752967
12.7551965322784
12.7922338187021
12.7173950004209
12.6637698846899
12.7853825435569
12.7450458715597
12.6932825519737
12.7824804309402
12.6994402828045
12.8010680919115
12.7460626209915
12.7339053951688
12.7305184748759
12.7084395252925
12.7701986364784
12.7883216900934
12.73625199899
12.6726075246191
12.7184891844121
12.7442109250063
12.7049617035603
12.7822211935022
12.7194486996044
12.7171054625032
12.7761711977106
12.6932354178941
12.6972384479421
12.6386709872907
12.577245181382
12.7459750862722
12.6805698173555
12.6540703644474
12.7780902280953
12.7678284656174
12.733501388772
12.5840526891676
12.6738902449289
12.6999823247201
12.6578882248969
12.7532876020537
12.7740939314872
12.6749574951604
12.6343110849255
12.7691549532868
12.7571795303426
12.6087644137699
12.645256291558
12.7260946048312
12.8099023651208
12.6863875094689
12.6801792778386
12.6801792778386
12.6371828970625
12.6303619223971
12.7024837976601
12.7264514771484
12.7123314535814
12.6718870465449
12.7072746401818
12.7068066661056
12.7020393906237
12.8573461829812
12.6909729820722
12.6060845046713
12.5887930308897
12.81874673849
12.7589840922481
12.668250988974
12.5617347024661
12.6849835872401
12.7430224728558
12.6613054456696
12.6705773924754
12.5567014561064
12.7298282972814
12.6796944701624
12.6199486575204
12.7022110933423
12.5329088460567
12.7968394916253
12.6886768790506
12.7044364952445
12.5591793620066
12.6878116320175
12.6945181382039
12.5647647504419
12.5420663243835
12.5616034003872
12.6063875094689
12.6680388856157
12.664123390287
12.6111985523104
12.6801792778386
12.6062966080296
12.6160937631513
12.797630670819
12.6946595404427
12.6129256796566
12.6613862469489
12.6675709115394
12.6804890160761
12.6300084167999
12.6632749768538
12.6765802541874
12.6242849928457
12.5981659792947
12.6798358724013
12.593250568134
12.6902693375978
12.5832211093342
12.7204654490363
12.6164001346688
12.606128272031
12.7070894705833
12.6812162275903
12.5748682770811
12.6808391549533
12.5974926353001
12.6262915579497
12.8023339786213
12.6460979715512
12.683997138288
12.5845105630839
12.5718213955054
12.6128516118172
12.5715857251073
12.6017010352664
12.5653471929972
12.5849011026008
12.6990497432876
12.5420663243835
12.6539154953287
12.5591793620066
12.5974926353001
12.7152335661982
12.4792332295261
12.6964270684286
12.6317254439862
12.6001388771989
12.6220259237438
12.5452108408383
12.5934424711725
12.7232093258143
12.5670911539433
12.5412212776702
12.6335569396516
12.61874673849
12.6191103442471
12.5387299048902
12.6144912044441
12.4808425216733
12.5981659792947
12.6368967258648
12.5353598181971
12.6158277922734
12.6003173133575
12.5804839659961
12.6394587997643
12.7926041578992
12.5957116404343
12.5944120865247
12.7108029627136
12.7447327666021
12.4744457537244
12.6402903795977
12.6082627724939
12.5655390960357
12.4745635889235
12.5803324635974
12.4526900092585
12.6962755660298
12.5520755828634
12.5793493813652
12.5763631007491
12.6275237774598
12.5353598181971
12.625621580675
12.4722237185422
12.7277577644979
12.5913584715092
12.6111951855904
12.6371155626631
12.4480978032152
12.6001927447185
12.4825898493393
12.5597988384816
12.5977215722582
12.5670911539433
12.4848489184412
12.5965465869876
12.519869539601
12.4366778890666
12.7080523524956
12.5538161770895
12.575507953876
12.4741966164464
12.5520755828634
12.4792332295261
12.5804940661561
12.5537926100497
12.5379218920966
12.6261636225907
12.5482139550543
12.5502272535982
12.5670069859439
12.5664009763488
12.5760365289117
12.5613273293494
12.5974926353001
12.5331007490952
12.5849617035603
12.5916614763067
12.5605294167158
12.4215411160677
12.5650509216396
12.4770313946638
12.4539424290885
12.5759927615521
12.5791036108072
12.5580548775356
12.4758193754735
12.6656889150745
12.4765331201077
12.358627219931
12.4473234576214
12.5967418567461
12.4998375557613
12.5549608618803
12.463631849171
12.5430426731757
12.4758193754735
12.4095084588839
12.5643237101254
12.5163950845889
12.5801472939988
12.5631083242151
12.6571576466627
12.4317725780658
12.5333195858935
12.4843203434054
12.5345383385237
12.5412212776702
12.4744457537244
12.515122464439
12.5067931992257
12.4553025839576
12.5772653817019
12.4842631091659
12.4792332295261
12.4214098139887
12.5357301573942
12.5486819291305
12.528626378251
12.4965853042673
12.4366778890666
12.4704393569565
12.5482139550543
12.5034130123727
12.5242328086862
12.5580548775356
12.4825898493393
12.3519207137446
12.6280725528154
12.4789605252083
12.5469918357041
12.5992736301658
12.4788595236091
12.4694865752041
12.4603896978369
12.6255677131555
12.562246443902
12.430994865752
12.5522035182224
12.507877283057
12.3979303088966
12.4413946637488
12.6788393232893
12.302998905816
12.4866635805067
12.4233928120529
12.4337959767696
12.5106615604747
12.5225864826193
12.4290926689673
12.4547874758017
12.5267275481862
12.4800648093595
12.5910116993519
12.4685876609713
12.3724105715007
12.4996759532026
12.4915991919872
12.4176390876189
12.4545619055635
12.360246612238
12.5195126672839
12.4520536991836
12.4842126083663
12.5832042757344
12.4758193754735
12.4514847235081
12.4946595404427
12.4042294419662
12.4770717953034
12.4719072468648
12.4113702550291
12.4728465617372
12.4343043514856
12.5723466038212
12.3990076592879
12.3794133490447
12.4845425469237
12.432378587661
12.3848876357209
12.5287745139298
12.5444297618046
12.4474850601801
12.3029315714166
12.474496254524
12.3745989394832
12.555122464439
12.5345720057234
12.3468504334652
12.5002853295177
12.3741444322868
12.4434618298123
12.4361560474707
12.4545619055635
12.4536192239711
12.4097171955223
12.409754229442
12.4492593216059
12.3681685043346
12.256881575625
12.4830679235755
12.3478469825772
12.3213071290295
12.5083620907331
12.3885910276913
12.444128440367
12.4212919787897
12.4096633280027
12.4425157814999
12.3990076592879
12.4539424290885
12.4416337008669
12.5373529164212
12.3106379934349
12.5828272030974
12.3757772914738
12.461874421345
12.3534424711725
12.4151847487585
12.58500547092
12.3320974665432
12.4391524282468
12.4364725191482
12.4256788149146
12.583375978453
12.3981727127346
12.3724105715007
12.4284731924922
12.3880254187358
12.433880144769
12.4908955475128
12.3792416463261
12.352752293578
12.3630544566956
12.3974825351401
12.3970919956233
12.3397601212019
12.4174000505008
12.3215192323879
12.3492273377662
12.2984066997728
12.3606472519148
12.3307204780743
12.360505849676
12.4159590943523
12.4367755239458
12.3262225401902
12.3974859018601
12.3714039222288
12.3787265381702
12.2803341469573
12.4817717363858
12.5350803804394
12.3492711051258
12.3953211009174
12.256881575625
12.3478469825772
12.2196658530427
12.4334020705328
12.29750441882
12.3073992088208
12.4385497853716
12.4371761636226
12.3754103189967
12.4334525713324
12.3243977779648
12.3202264119182
12.3771004124232
12.3833995454928
12.2650324046797
12.4068958841848
12.3377232556182
12.382130292063
12.3779084252167
12.3539609460483
12.4319038801448
12.390506691356
12.335874926353
12.3616202339871
12.4089798838482
12.4758934433129
12.4244533288444
12.3121934180625
12.4125553404596
12.3045374968437
12.3375111522599
12.3141528490868
12.3530451982157
12.3105571921556
12.2652950088377
12.2870810537834
12.3716362259069
12.2842260752462
12.372632775019
12.411754061106
12.349624610723
12.2320250820638
12.3285489436916
12.3190177594479
12.4999452908004
12.3364876693881
12.3113382711893
12.3390463765676
12.3026757006986
12.554001346688
12.2196658530427
12.2420309738238
12.3560348455517
12.2988342732093
12.358253514014
12.3055710798754
12.2403173133575
12.3617380691861
12.4275978452992
12.2376441376989
12.4345164548439
12.3121934180625
12.3008105378335
12.3525974244592
12.3301414022389
12.2935889234913
12.3716934601464
12.1831975422944
12.2860104368319
12.3776424543389
12.2972216143422
12.3044600622843
12.3507659287939
12.2568984092248
12.2656922817945
12.4233019106136
12.3460895547513
12.3056451477148
12.4181104284151
12.2683418904133
12.3103619223971
12.3936512078108
12.2946124063631
12.243253093174
12.2386676205707
12.2831891254945
12.2653522430772
12.3099343489605
12.3118567460652
12.2527775439778
12.3477762814578
12.1726967426984
12.2803341469573
12.2735737732514
12.2777889066577
12.2308601969531
12.2994402828045
12.2847580170019
12.3063555256292
12.2665743624274
12.303248043094
12.3108029627136
12.125249558118
12.2178444575372
12.4421925763825
12.3782417304941
12.2257831832337
12.3081634542547
12.2341797828466
12.2528987458968
12.2572047807424
12.2045257133238
12.2959388940325
12.1899040484808
12.4076500294588
12.3121395505429
12.4161779311506
12.348123053615
12.3686735123306
12.2679479841764
12.3026757006986
12.2565583705075
12.236748590186
12.2471551216228
12.2205075330359
12.2503030047976
12.3448607019611
12.4373411329013
12.2396406026429
12.3000126251999
12.3227952192576
12.2274598097803
12.2965415369077
12.244253009006
12.1193510647252
12.2515890918273
12.2219518559044
12.2975347192997
12.2677291473782
12.2608711387931
12.2804519821564
12.2401018432792
12.228382291053
12.236506186348
12.1792450130461
12.260127093679
12.2173428162613
12.206868950425
12.1084664590523
12.3154827034761
12.3179101085767
12.2182787644138
12.2754692365963
12.1891936705665
12.2539558959683
12.2163159666695
12.1849381365205
12.279751704402
12.1840156552479
12.1821942597425
12.2107305782341
12.2692037707264
12.2320250820638
12.2503030047976
12.2519930982241
12.238872990489
12.2589352748085
12.2968277081054
12.2010512583116
12.2413407962293
12.2343918862049
12.2052293577982
12.125249558118
12.2528987458968
12.1839415874085
12.2178882248969
12.2266517969868
12.2565583705075
12.2287862974497
12.2425629155795
12.3184824509721
12.1895236091238
12.3455710798754
12.0429433549365
12.0811017591112
12.2654094773167
12.2430443565356
12.1942235502062
12.2103164716775
12.1217145021463
12.2112389529501
12.220881238953
12.1752251493982
12.2701531857588
12.1723937379008
12.2183056981736
12.2170431781837
12.2915756249474
12.1827834357377
12.2494512246444
12.1955500378756
12.2202752293578
12.2019030384648
12.2636722498106
12.175622422355
12.1718180287855
12.1961695143507
12.1840594226075
12.1818676879051
12.2036166989311
12.1356392559549
12.1337707263698
12.1860828213113
12.0962385321101
12.2174640181803
12.2656586145947
12.1408610386331
12.1977619728979
12.0475490278596
12.249868697921
12.215130881239
12.2376845383385
12.2519122969447
12.2069901523441
12.1938835114889
12.1084664590523
12.2163159666695
12.3759860281121
12.1941696826867
12.1447597003619
12.1632732934938
12.2604435653565
12.1892845720057
12.1533347361333
12.0843977779648
12.2507204780742
12.0767654237859
12.1333128524535
12.2160836629913
12.1805984344752
12.3203105799175
12.1240712061274
12.0849835872401
12.1694074572847
12.1855441461157
12.1803560306372
12.2190531100076
12.2054246275566
12.1056922817945
12.1707878124737
12.1485270600118
12.2824349802205
12.0029467216564
12.2488250147294
11.985880818113
12.2402264119182
12.1163210167495
12.1550079959599
12.1486145947311
12.2120806329434
12.1763058665096
12.1635661981315
12.2027985859776
12.2724156215807
12.0374320343406
12.1560281121118
12.1759287938726
12.115502903796
12.2178680245771
12.0658000168336
12.272745560138
12.0134003871728
12.1201725443986
12.1000092584799
12.1253135257975
12.1614249642286
12.0236789832506
12.1992264960862
12.1247209830822
12.2079227337766
12.1533347361333
12.1058303173134
12.1934424711725
12.1027228347782
12.0822363437421
12.1312827203097
12.0782905479337
12.0355466711556
12.1746460735628
12.0556830233145
12.1183309485734
12.135871559633
12.1148228263614
12.1560685127515
12.1039247538086
12.1986642538507
11.9363664674691
12.0825831158994
12.0094613248043
12.1180515108156
12.0109123811127
12.0417313357462
12.0947167746823
12.2075254608198
12.047626462419
12.0304460903965
12.088996717448
12.1255087955559
12.1124930561401
12.0451081558791
12.0962385321101
12.0443540106052
12.1030494066156
12.1011135426311
12.2170734786634
12.045246191398
12.1176508711388
12.0541949330865
12.1147925258817
12.2006034845552
12.1331950172545
12.1199166736807
12.1053488763572
12.0188948741688
12.2218946216649
12.1284647756923
12.0374320343406
12.1000092584799
12.1074833768201
12.0321698510226
12.0465322784277
12.1240914064473
12.1242058749264
