6.27000799633075
0.459690407101622
0.385822861099206
0.287468739664911
0.245150077633302
6.08095066651198
-0.0248896660827199
0.663604928884929
0.218138531679597
6.15315741066617
0.270037639780839
0.0172432984093479
0.718006463922181
0.781447738737442
0.047979366385537
0.329944208941273
0.227895903197413
0.285647672224579
0.191781827969002
0.0828217482366682
0.235590365277012
0.443263136453444
-0.0214304791695713
6.18273219187128
0.38322367587662
0.235731378973998
0.38094326124422
0.148648987303537
6.23603783757155
0.172527215023414
0.14939931048554
0.0409508575352287
0.330327045009405
0.228755188623362
0.0232690500555854
6.09006720821148
0.627250736042001
0.548878228232182
0.585264153657845
0.133661764775868
0.240095622816842
0.247040072770897
5.99095672004784
0.362270172222144
0.409352320316944
0.62096921929272
0.342980458509042
0.644547394198227
0.294940178954852
0.480449122393735
0.231540828482411
0.325466858145981
0.386026790934289
0.377149434229591
6.07303040375218
0.555544822749613
0.266685011061035
0.367439272731529
0.205663202438733
0.287740493836058
-0.123625028661019
0.234931850697995
0.315107578608007
-0.0044550482240365
0.594301659100229
0.158763095821712
0.368084711767872
0.197317136633788
0.249886495945256
0.346990744362081
-0.106832761454101
0.0540780159650634
0.362900509438199
0.236412329436918
0.626117940083432
0.608451633195252
0.352041334464822
0.488715337958334
0.342352732535302
-0.0939235200574064
0.427468260820802
0.271815375128565
0.118622702619747
0.637982659940989
-0.0404058975626892
0.146977119411849
0.319040368211249
0.420683300834323
0.129649828319661
0.41405475949987
0.0242424316064138
0.221393117680458
0.324191900783289
6.01560389989034
0.326094079383086
0.284712774876512
0.609868391509284
6.10283293417913
0.286293006725421
0.40034670740639
0.61330691189564
0.0372613999662147
5.92908313139203
-0.0177259354653111
0.714620551565963
0.130101873663038
0.30019971000884
0.160888571397847
0.0639125697324987
0.44083390245771
0.103779196348562
0.217330568015581
0.317843490265284
0.327751058645724
0.609488051014372
0.57856375676566
0.318009262851212
0.177094139163913
0.266613415192654
0.018072719436992
0.400847036522753
0.349294312811051
0.685573086817757
0.322487159808521
0.194829024585722
0.565387064051251
0.319256933348877
0.0138434972072069
6.13295725483384
0.176092712547492
0.496513583049618
0.327216875745794
0.149485292494497
0.266563686910624
0.101746722427426
0.230877530637707
0.290732112944465
6.18187076932488
0.409022102646054
0.151702993336323
0.171577405863435
0.245035480967394
0.463063500396342
0.648222604900987
0.0738959347687789
0.530279760397677
0.161396117371487
0.303981441298135
0.156570017924692
6.06733248788298
0.27133525279321
0.244316734891794
0.266698258839703
0.631636666915288
0.199731385274109
0.208627539303513
0.208914578778517
0.291513914468847
0.139897895289893
0.269584597825016
0.324895082673944
6.07892778237534
0.226135827709493
0.273791082820459
6.07616634802089
0.318325376715514
0.453367920444497
0.27328733157045
0.270692141662239
0.358241402253687
0.307015885048561
0.637383684455157
0.630365266498624
0.369463360234358
0.258281461992468
0.238120180956017
6.02488543273765
0.325748306949124
0.164276147455828
5.9231900658777
0.104359752197506
0.0975073582531562
0.359331779907506
0.145833304294329
0.186475481295023
0.369039027742588
0.326792510412956
0.0129199719062382
0.309926546481392
0.6369262592966
0.4497872100532
0.34745256603778
0.318963617429443
0.716290790249501
6.12834567111531
0.236662255055979
0.107870982448386
0.0354108791309057
0.119214782261835
-0.0491461400122978
5.99441717528268
0.277977706761053
0.295873880629624
0.123058489459016
0.299089771024868
0.0463550869846328
5.97261507096067
0.318536000998211
0.273029956745865
0.411790919432933
0.132847285394359
0.288288360969296
0.333757806750191
0.658496023925485
0.292914716981679
0.353640902885064
0.157100926885218
0.384005094239942
0.310849060078397
6.12058245395327
0.219728970131773
0.323079745117657
-0.145349666380256
0.14816600928285
0.655501954025146
0.309151761283566
0.376470979480109
0.295182946116329
0.232587171890215
0.300694386450946
-0.0115934097731466
0.251255003085801
0.498392818303476
0.600221035095851
0.391686412188566
0.291406214427512
0.573800049974352
0.381060999479557
0.372968040687069
0.259159495168727
0.119477182018742
0.388981308247118
0.188902501225099
0.42098038584343
0.312140202762333
0.2491826266557
-0.0262493050256107
0.379151853835227
0.214169921879137
0.712046703781029
-0.00781280044883605
0.331150011023198
0.372434669342868
0.348780264798592
0.309480930861274
0.634029925351568
-0.0116926781988926
0.601586397699507
0.661533735592038
0.417306816909429
0.297845354107174
0.415213991096112
0.519935585964886
0.305153414365052
0.388476232974833
0.168306139514157
-0.220623917396373
0.290861542923667
0.269274966954937
0.226051853815959
0.217005906949723
0.0717631977772754
0.0253438904582089
0.375274413583276
0.300351112801183
0.113859689355809
0.257988698517345
0.406990461266336
0.434049487765687
0.110616745187705
6.10972363611936
0.429045900151778
0.208286973745305
6.08227264267435
0.316520560886328
0.464606868473641
0.252997696327291
0.632447414639669
0.291686029236337
6.10016341235781
0.340547614976947
0.671973770613203
0.309162028833392
0.637505496752649
0.388270043879005
0.364460127969054
0.159731578761506
0.106709221567247
0.197595934420255
0.313304571233763
0.196500564869552
0.429838418659096
5.97555525425852
0.123108487032385
0.517345659169545
0.19979849243229
0.240669134137652
0.372560306655812
0.478758744507039
0.30763792706287
0.0723324323717053
0.0222314367744178
0.0721241907184201
-0.0339881383942417
0.502294336453187
-0.0289331450312474
0.204252432832992
6.01657135627041
0.185490630730464
6.09843987413407
0.671273298851169
0.261490562723307
0.412270349981714
0.198752808511018
0.345277717229114
0.0591111266382675
0.312893751181061
0.644452549184234
0.636242376366204
0.381177472715053
0.203572914532178
0.298395882073889
0.31598618746048
0.166627518169805
0.112972893066517
0.147448456167029
0.225319118249365
-0.0628545708622228
0.249570001176439
0.260342330828219
0.0640761714480737
0.44131566642247
6.1543413082594
0.0453886008881388
6.14240551338491
0.197363339049241
-0.0224174756658769
0.268465326987054
0.300440194287703
0.227575367546013
0.266945958408622
0.29743435288559
6.10272216157538
0.0563863529800829
0.373597215906141
0.343910678571041
0.0415087139412085
6.08109528231891
0.159825548655728
5.93567366516282
0.361416593688735
0.556013283552583
6.05943649928379
0.317192215199659
0.307801150404338
0.631947470152066
0.292259588736861
0.166536657770706
0.380452974612641
0.31069961933905
0.129501158261157
0.334549227205426
0.186132640584334
0.403542617638653
6.22514599710021
0.276306271949232
0.205492597502295
0.605947875857555
5.9862088474079
6.01315763843468
0.328805329204415
0.633505257626275
0.17278795263159
5.96195400192714
5.98717774285507
0.374753688714547
0.146912225605768
0.359294861192598
0.385355335533578
0.170729852304641
0.275987531115892
0.0464325549734287
0.50570614646551
0.466974214530048
6.07419760858452
0.366911563352222
0.607061546516306
0.444112039956898
0.705310343169854
0.618380429810521
0.0589092457677803
0.837086354677289
0.0780874048767836
5.96441533808292
0.37305008755612
5.96824719542401
0.108475009506187
6.08894912693097
0.440536571561914
5.94272575832803
0.280174347722335
0.127229304489393
0.160465599913618
0.179050756345642
0.692275097020039
0.319193219975007
6.04618414352427
0.395451592822177
0.136870464358889
0.0969070881749808
-0.00936769312820684
0.117942766880153
0.416496863736343
0.350045316566894
0.566023335919926
0.5712814474421
0.182698339362115
0.403819383408798
0.133063762795843
5.99568363446426
0.37083794269768
6.14736405788968
0.58906225506938
0.209876790182635
0.218876622879031
0.436445996611325
0.389550840674308
-0.0894629739154895
0.171251860046249
0.252493469315748
0.539855497974036
0.71748831507438
0.259402292665187
0.0606297044476267
0.390648429573834
0.334382702429327
0.205792725245754
0.16337098113143
0.417381713793139
0.466324658117076
0.31232867713313
0.234226815358244
0.744200362676047
0.099853486595647
6.01826385773992
0.415314214961147
0.208161349664682
0.37863683523913
0.276209071765803
0.223060676776576
0.543854732476228
0.372936598570382
0.303887852154506
0.37456162704062
0.331053996814197
0.652512972477748
0.520762041564006
0.110161569039711
0.533353802913219
-0.0585399847937771
0.36552134092659
0.445790942948986
0.284904199507792
0.34876967905154
-0.0224701410399323
0.627308519904185
0.439369025887968
6.00689050433748
0.154098611802871
0.281878285526847
6.02763998447548
0.327154578476949
0.193715269176682
0.438468124459436
0.134609331337638
0.268808361460054
6.01637736719339
0.667171024029473
0.273159201861098
0.217245459507348
6.14267109899451
0.319730062948394
0.555342482809472
0.292538665649828
0.225529987509037
0.520322510478411
0.28043898233778
0.347532829667913
0.354460071757226
0.244898460088953
0.363462013587021
0.238310732200965
0.382005713098875
0.687550130555985
0.366794798232159
0.175432155142748
0.313737099716409
0.0689936940292998
0.39173144631818
0.38627737568376
0.150807547318821
0.323909104933679
0.335368563096309
0.358104608306601
0.335337863322533
0.425375653954171
0.00154062384818317
0.0618898273340402
0.391130091869473
0.583501069265713
0.361741528200382
0.687177435496425
0.228519518544418
0.312729650740526
0.569573232611413
0.0772465702689647
0.0136629219202479
0.689605304621078
0.178910730429294
0.634935448704222
6.03593667904226
0.344712099742416
0.296684803700289
0.297525843509288
0.755604393712777
0.0881278708419952
0.203173216064232
-0.0108493984463427
-0.0225757996322514
0.397395990234433
0.200997092182775
6.0146863790018
6.01985938965943
6.02249619361471
0.203502928438247
