7.46685852695803
5.35928608607526
5.18234881327471
5.22609095136682
5.51042766721705
11.5607288245115
10.3551712765042
7.42871668929834
6.14867196522846
5.05259385995306
6.01262884305926
12.0565447040773
13.3315539645932
5.51332012317918
5.12913152672328
14.0734406371045
5.26967591907048
5.28144234654257
5.48520937933169
10.8909885350721
14.3611114276619
5.23278529177201
8.83616954933676
5.09624041611333
7.49890696597596
9.84554181376517
8.11847083740804
14.7820853450045
5.033355067815
8.84313171047052
11.3135137634253
13.3150186538648
10.1646923220585
5.42946641929193
10.0594558872937
5.30319361236604
5.55613096885095
7.39515245743932
11.4415091695297
5.56278869647347
13.5616193447733
5.61864621075647
11.6025227760825
6.3734773715823
14.4897683980682
7.76992865552418
13.4523018105586
5.68488465100283
5.37630411994269
13.1991615075406
13.5854546949425
5.37259657530946
7.21714306719109
9.37468013447905
5.85132690824882
5.35492274670378
7.16428481672859
13.6652680321029
5.50559526714739
14.336456413434
5.53091041348071
5.58042731291114
5.72831692226464
10.5747454106293
5.58955177535068
10.1526116673157
13.6351383215024
6.66034041684602
5.23484074197228
5.11879642135678
9.22534742146023
8.59701923284511
8.46690260267702
14.4789915263182
5.60982726106914
9.53031165291034
8.6820093174257
5.65433591052962
5.72020199548828
13.8349606301585
5.52110442332653
7.94366174412828
5.00905880396817
11.8363239062684
5.20926597970408
9.41185475284122
5.10735216519197
5.31327839427962
5.34284717087945
5.58139512360065
5.40664646903061
8.7756698110516
5.52631153785696
5.83942350694943
6.36660272239623
5.8374604903616
5.09247079479616
9.20574515655113
5.51024641903459
6.68440380507853
9.48283241329965
5.53357171957264
9.94124419604151
12.969605938933
14.1252587730346
8.70017318411209
11.674225741797
5.66775204400335
12.1733066963463
9.48160955407688
5.6731007914179
5.79221738244696
9.90407334146885
8.62800953477684
12.8560880582957
9.43246054407751
5.19306915793729
11.978087263167
7.65158701643062
10.524131473451
5.16002740893472
14.4242220830241
5.1074264982656
13.7486946627549
5.55003122134658
14.8821903610234
5.55026797581025
8.62905539970789
5.29689492259703
5.31359744740283
9.13350508793779
11.6464636997394
5.9542340544398
10.2321262000124
10.4124114581656
5.625037130012
13.6021040621768
10.4618451352222
5.59537793765848
5.29302076374803
5.47953990105984
7.66587442453819
5.0915944227851
14.1981358760593
12.7513685412797
13.9539834797104
9.25812855773739
12.7104204770592
5.52247417809153
5.04379873788998
5.96191031847475
5.52985322263258
14.9896609691438
6.84381001396253
6.97241696293946
8.00281667822582
9.1342146252453
11.3748656579055
8.0498066486613
8.37237899499071
10.76999103883
9.45014736251826
9.00934867310377
12.3166415959318
10.8764886692989
10.1079092281426
12.0549855181924
5.74329010780402
12.6887242031105
14.1708414186157
10.0958596404905
5.05876828228005
6.65442071723846
7.98068438682652
10.9091539032972
7.24386666769967
12.23784569551
5.3923624052901
5.25980650278663
10.9356058413808
10.339252824849
5.46490624502714
13.1594093908105
5.22780886919921
9.06957621132988
5.2711449661003
5.25170697932133
9.89373394671218
5.00158086705451
6.48506898250239
11.9529947541255
9.9024786932982
6.14877899487689
9.08770112381512
5.24679884123428
5.69408178209395
13.2167197986721
12.9525020318557
11.4282521962322
5.56876046453473
5.6970588546399
8.00091493354483
14.2961714797632
7.97433065994561
5.29790591397332
11.2431323900658
5.32212372146389
14.6171724553265
8.27553475755503
8.52939765371779
11.2702083905191
5.35313281853807
7.73665502943116
10.4052461912229
5.33135312561884
5.30537473496517
5.7054210163123
6.1332277617385
10.119208013202
8.89404179266483
5.51959611217421
5.3426972044652
5.25234636038299
14.3435834314608
5.2889252760274
14.2945363214622
12.7217596710602
5.1746142405152
12.8587439540308
13.040667081055
8.24407983653761
5.49464529808016
5.38027053391316
14.514198285925
9.45673870082898
13.4245158637731
14.7004334374568
5.2413259350401
7.62880328885838
10.3525569598247
13.4857557036773
5.38807432707773
9.76903637763373
6.74387614878674
7.88946392948867
11.5432656305464
5.54352707764117
8.96571723237258
5.43678147858512
9.40587610996015
11.8521908871415
7.52063037367372
5.46579148685058
5.59998107727023
6.13943532026245
8.19623177841664
8.5365914298648
5.06906389117072
13.0099746137611
5.55068337387384
5.13407608667872
12.3996980085123
12.5081264400509
7.79038706580957
5.16412930452449
5.58465681713696
5.22817905739174
5.67388332273936
10.6076330779471
8.48575197974352
13.4543860472554
8.71982251318546
12.3457735979202
5.57598905108662
9.10355184747073
7.85095443378305
5.38195360838916
5.648427868775
5.26494256637594
5.23685076567175
5.19312154234372
5.15480114669101
5.36532161944186
5.41885981134175
5.22872134121233
5.00729148759927
9.42979358387977
10.0674713488366
5.08187809691372
5.54099418610881
5.41059760800807
5.14557269852077
5.61798533753213
8.13874274594616
13.8012897343768
9.35253733498423
5.44619983477587
5.24087821382045
7.36456085981253
5.21867887277115
5.31648048738672
7.14817753041815
12.6226089520275
12.9392438193983
5.15848815581474
7.35671821955684
9.53883436167086
7.70702578433287
7.79367944232516
5.51105088663834
9.42560306707424
5.10005830129651
14.640631373996
10.3252155957322
5.27495378127941
5.29309241355117
8.30322899242053
5.31725982110856
5.27474042279454
5.1000400435871
6.82996142392275
13.9847550499142
8.89676293222438
5.27894760204979
13.1733729554477
6.61935751634773
11.2805928843774
14.8929491839532
13.6143700640963
11.546357447636
11.538885948719
11.4979899567208
5.21584373027573
13.9287184262423
5.01862824372771
13.4101573454126
5.44528860825427
5.2469417380701
5.31470945560175
7.92383485777136
5.54248672314424
13.6085744582052
11.9743301551849
11.6572830592694
5.16216081907859
5.01817467070208
9.79843231284177
5.03980156018087
5.66284771149157
8.11616598506402
5.4387122573273
7.77634964093379
13.9399799570347
5.16537648126173
5.4240871423538
10.0681930609718
11.2626653128151
14.3354089411851
5.40770594125156
5.01383591688668
8.94842182399475
13.1759207505686
13.8999649911785
5.55834902894677
7.28754836633964
5.47719940952162
5.45002281796946
14.9177741277963
5.0592625002345
5.40314862971931
14.7638903765904
6.82870037615518
5.26038675441269
5.34311299778529
7.72453436956992
8.3031389933809
10.5426815045025
5.07971841253963
6.11688914535031
12.0226588352318
10.2203624307956
8.17489265212882
8.25141915163466
5.60017306718254
7.36882553148064
5.43698929119399
13.9526503553606
8.40552946547057
5.07994072557385
12.9694157251717
5.23694109211734
9.20199456321354
5.35981103970526
9.39578546250339
11.918297128524
8.03320696097137
5.416169736631
10.3312540717939
10.7276416299322
9.18514531666625
10.8854127382843
12.8880130248741
5.36391275618201
12.4794816735984
11.4514580791927
5.34071927629588
5.39278871543673
11.9652068092663
13.3623744387164
5.22489580967054
14.6474789647736
10.1985601328081
7.68200224755485
5.15487154954299
5.41906347456839
11.4873117562748
5.38500011966055
8.58920778187139
5.56998981034755
5.57232706415418
12.6801717199719
5.61380800217785
8.72198751544451
9.44865396547004
9.99961387262458
13.6280782973363
12.0318929047972
14.9475384378805
5.05322071291333
5.50751690266394
12.9334764540267
12.7755689095398
12.8315761883951
9.7766727223859
6.2346337558992
13.6322360366012
10.89658517841
7.70056505023087
5.09932642892532
5.49409464475539
12.5834582994347
13.8020946542973
7.02769274105544
5.44426388982255
11.9984875982164
11.6854142063809
7.39350981834508
11.3164808281557
13.1113883830678
14.0870944277222
5.50943059146268
5.40200233741775
8.66059871522918
5.62509044077986
9.62716956360847
13.2595244365296
10.4082565227877
14.2024754500419
5.15105389816002
9.03849534660521
12.2048934386564
9.84653604889369
5.17615444404144
8.38903455672154
5.19495981514279
5.29338126680549
6.26879978891459
12.5474254450156
14.8082219312295
8.3376017243038
7.90243188172607
8.95081321776923
14.768938533759
5.16261055356111
14.0615224531005
5.25121908807206
5.51195434480367
7.16260771861835
5.4259609473062
5.2980866040854
14.4987054988237
13.2010977648105
5.35307590139888
8.96483584924941
8.06119588942908
9.81942536437083
13.5965726855552
5.20203560628713
6.47265866672908
11.3068017252554
5.30668700986607
12.9548848955085
11.503938125877
12.7503192160528
14.8721106388314
5.64110062360481
9.45012434215758
13.1899240422462
13.7254265827535
5.35965878224591
5.8007052239552
7.61027479454211
7.58159162900184
5.49338630456085
14.6828835242697
14.6503969570943
11.3242955534941
10.6329038723584
5.89429031856891
8.28062110798081
12.7717023952115
6.63429751950571
5.05201612967105
9.51998755923417
5.20984051696261
8.59420191156725
5.31545709879753
5.58103958851127
5.44227222257328
12.0268611701288
5.28036052339929
7.13871800011641
13.9744683977995
11.878200527886
13.3392949801925
5.06782604384029
5.085120378747
14.0769900675057
14.6983438394782
5.604286916327
5.28225474993102
13.4068110276252
11.1164210357986
12.3833391569597
5.2909230749476
6.16247110315451
14.4017499681354
5.37878120163227
5.19876969473024
11.8721680297642
5.41613783752456
5.33989519960908
12.8614112131703
11.0402449590915
11.3408501546802
