57.4609250063126
59.1912709367898
54.5017229189462
51.9184285834526
52.9084058580927
54.6701498190388
53.8930233145358
54.8104545071964
55.1362755660298
53.7337336924501
56.8275843784193
59.0395227674438
52.1146814241226
55.304625031563
59.5746460735628
54.4539323289285
53.6472460230621
56.3316631596667
56.1285994444912
51.5356089554751
58.331121117751
56.8871719552226
52.4588107061695
55.8302979547176
55.155879976433
57.1162233818702
53.473880144769
55.9135401060517
57.9456720814746
55.7480725528154
56.1983073815335
52.4270389697837
54.3164253850686
55.1440392222877
55.0869935190641
57.9014333810285
55.2522826361418
53.0953227842774
54.5028406699773
55.4437008669304
56.565505428836
56.884502146284
55.5528162612575
54.0146157730831
53.2016875683865
53.2137639929299
56.4003206800774
54.4924105715007
54.3932270010942
53.3772721151418
53.7741780994866
54.7261080717111
50.5383326319333
54.6586592037707
53.7644886794041
54.9997180372023
52.2735939735713
54.4428423533373
55.3162368487501
55.5494158740847
54.0558075919535
56.8354389361165
52.8062225401902
55.3874934769801
55.2316311758269
58.0825864826193
53.2705942260752
55.7440122885279
52.9915806750274
54.543503913812
53.2635611480515
55.828005218416
54.2925688073395
55.1828103694975
55.4000244087198
52.8103131049575
54.328505176332
53.0792769968858
53.5824871643801
50.927246023062
51.5804300984766
53.9329324130966
52.2472561232219
54.4675877451393
54.8104545071964
54.1835779816514
55.5656838649945
57.148375557613
54.9872780069018
55.1537724097298
55.1505807591954
51.5358210588334
54.0910403164717
56.1983073815335
54.1999570743203
54.4616690514267
52.0034382627725
52.8710958673512
53.8971374463429
55.7727842774177
52.2770549617036
53.0501986364784
55.2759405773925
52.568000168336
49.7843455938053
51.0043371770053
52.655750357714
52.8062225401902
51.9376660213787
54.9758042252336
53.7207078528743
54.0610731419914
52.1946174564431
53.1740299638078
53.7375953202592
52.3976104704991
54.5950281962798
52.1409283730326
53.0032833936537
55.1009014392728
51.8588948741688
55.4514241225486
52.8828928541369
52.4734525713324
52.0356544061948
54.8297929467217
53.3078065819375
52.9891398030469
51.5743935695648
52.5910520999916
53.8971374463429
53.2137639929299
55.2078991667368
50.3454397777965
53.9365449036276
52.772255702382
54.5984285834526
51.7856754481946
54.1410630418315
53.0050946889992
53.769370423365
53.4435729315714
50.4350382964397
53.1966913559465
52.569619560643
50.69499621244
53.9196035687232
52.1691751536066
50.6609216395926
52.7023087282215
52.3465608955475
52.1691751536066
52.2735939735713
53.0960836629913
52.3627110512583
53.0102861711977
49.9032918104537
53.1379858597761
50.7697205622422
51.2259043851528
50.879623769043
52.903874253009
52.2622043599024
50.9302390371181
52.2662242235502
50.8132219510142
51.3244617456443
54.18750021042
52.557997643296
51.3675658614595
52.6585245349718
51.1427060011784
52.9084058580927
49.7884731924922
50.9381373621749
54.1986979210504
51.2013239626294
52.0343514855652
52.7103147883175
51.3160988132312
51.6152958505176
53.2762334820301
54.1597146704823
48.9150113626799
53.1896986785624
51.6491044524872
49.664746233482
52.045882501473
54.0276887467385
52.2190127093679
53.2292677384059
50.3914695732682
51.3776895884185
52.2564169682687
51.9240880397273
53.6409132227927
53.3100218836798
55.3770903122633
48.7707103779143
49.630624526555
48.5153379345173
53.1905470919956
51.3160988132312
51.1427060011784
50.5060323205117
51.1471332379429
52.1358547260332
49.2268066661055
50.927246023062
50.6609216395926
51.3675658614595
49.7884731924922
50.879623769043
48.8326883258985
50.9381373621749
49.908503492972
50.2256350475549
51.0945181382039
49.5658522009932
50.0751729652386
53.29625199899
52.0970802121034
50.3136545745308
51.3939811463682
50.6871079875431
51.1958564093931
51.9184285834526
51.7099040484808
51.6347992593216
48.2447108829223
52.3755079538759
50.6609216395926
49.6022026765424
52.4050542883596
52.7849179362007
49.3864060264288
48.0085725107314
50.4640762562074
51.0403341469573
52.8711194343911
51.3667780489858
50.0514342227085
48.2287829307298
50.2163866677889
52.7218054035856
49.7841705243666
49.7840291221278
51.2233355778133
52.857625620739
52.2053370928373
49.2825460819796
50.1945332884438
46.8637698846898
49.664746233482
49.7884731924922
49.2676853800185
50.430877030553
53.4637092837303
51.2247226664422
49.8689310664086
49.3661148051511
49.5609300563926
49.2158143253935
49.780999074152
48.5153379345173
48.5542908846057
47.6149288780406
51.526623179867
48.4323314535814
52.1277173638583
49.5319190303846
49.7844869960441
49.4079429340965
52.6014889319081
48.6655946469153
49.30625452403
50.8011993939904
49.7843455938053
49.7333229526134
49.2481079033751
47.7376525544988
50.3821471256628
52.8328229946974
49.9232867603737
51.4427682854979
48.0823003114216
50.731006649272
48.8416539011868
48.4341764161266
48.0379538759364
52.9900454507196
47.0483469404932
51.4574303509806
52.6154507196364
46.7708012793536
50.927246023062
50.3136545745308
51.6656720814746
49.0547336082821
49.7680877030553
50.4778192071375
48.5966576887467
48.8197769548018
47.3657410992341
49.9396927868025
48.6091987206464
52.8361829812305
45.856379934349
49.9405311000758
49.7333229526134
46.8637698846898
50.1519476475044
48.2525822742194
47.2349137278007
50.3087829307297
49.7803997979968
48.8554069522768
49.5150382964397
47.2016909351065
49.1696700614426
49.8900437673597
46.9423592290211
48.0753278343574
51.0748228263614
47.358872990489
47.7376525544988
46.7708012793536
48.5190312263278
47.9157015402744
52.5905336251157
46.043249726454
47.9468437000253
49.9743599023651
45.308372190893
48.4349877956401
49.0185110680919
49.5980548775356
48.2345467553236
48.129882164801
49.277873074657
48.9909477316724
47.9703434054373
48.6492391212861
46.9791170776871
48.4728532951772
49.3027262014982
51.1458976517128
48.1021908930225
50.9658690345931
49.4607701371938
50.9122371854221
46.0882728726538
48.1619131386247
47.3594385994445
47.2372199309822
49.6269447016244
48.8276416126589
46.2166896725865
48.4438086019696
49.6621067250232
49.7838102853295
48.0051855904385
46.9446149314031
49.8462966080296
46.5372990489016
46.8220595909435
47.8301834862386
48.5620242403838
47.1582299469742
48.945628314115
46.7708012793536
48.5153379345173
47.3857326824341
45.6590632101675
48.012629408299
45.7857124821143
49.7910285329518
47.7359254271526
46.190122885279
49.3304545071964
45.5198055719216
48.2080203686558
48.5279092668967
47.8961913980305
48.031378671829
49.4779269421766
46.6404014813568
48.3504763908762
46.0883301068934
45.8921681676627
46.503870886289
46.8509258479926
47.0759136436327
47.2154944869961
47.3286028112112
48.5081028532952
48.0340619476475
47.5447361333221
49.832129450383
47.0042025082064
47.622248127262
47.002626883259
46.6404014813568
46.7847058328423
47.8557267906742
45.2429601885363
46.048875515529
46.5674547597004
48.2805462503156
46.1112877703897
47.5286701456106
45.5616370675869
47.3193207642454
49.5120183486239
45.8156459893949
46.9499208820806
45.1732286844542
46.3842109250063
47.0221100917431
43.9981828128946
48.8187299048902
46.8612044440704
47.6341595825267
47.4856939651545
45.9930216311758
47.4809704570322
49.018379766013
45.8770650618635
44.8056400976349
48.3860491541116
45.6305167915159
47.0759136436327
47.0759136436327
49.7311648851107
47.612124400303
45.5181760794546
46.575380018517
45.7508029627136
47.6683688241731
47.1582030132144
45.2414586314283
46.3575094688999
47.2992753135258
45.1462848245097
47.0402701792779
45.7477325140981
46.7138161770895
46.6404014813568
46.9450122043599
45.7939306455686
45.6453909603569
46.6681668209747
45.9162099149903
46.9350467132396
43.0233288443734
48.132121033583
47.5520789495834
42.8604065314368
46.2625275650198
45.9454801784362
45.4392130292063
45.7299865331201
46.3042041915664
45.5368950425049
45.1639230704486
46.3029214712566
45.5323230367814
48.3884563588924
45.3082105883343
46.7836318491709
45.2414586314283
46.1112978705496
45.5179437757764
45.692999747496
46.8385834525713
46.3705824425554
44.4577097887383
44.8328027943776
48.9780464607356
47.3026555003788
44.963249726454
46.70374968437
46.756125746991
44.7344710041242
48.2252041073984
44.4996658530427
48.1143918862049
41.6983528322532
42.1922439188621
49.6089462166484
45.9990413264877
44.9606943859945
47.3732724518138
46.2693519064052
46.2070945206632
45.6142925679657
45.2724459220604
47.8570566450636
46.9027127346183
44.5627278848582
45.5174758017002
42.8604065314368
43.0233288443734
45.4749810622002
47.5550786970794
45.3125805908594
45.5577889066577
44.2513197542295
44.5523920545409
46.1875305108998
44.4875759616194
45.2953598181971
42.9485809275314
45.0964809359482
42.6791355946469
45.1639230704486
45.2429601885363
47.0057713997138
45.129249221446
45.0147639087619
43.9682392054541
45.5963883511489
46.5149877956401
44.6723314535814
43.0265171281879
46.980497432876
46.1307272115142
44.0462225401902
44.6943262351654
42.6080170019359
41.3502609207979
44.4842732093258
47.1288553152092
45.1462848245097
44.8575313525798
43.9981828128946
42.3941461156468
45.5304410403165
45.2234668798923
45.0621572258227
44.619625452403
45.7016993519064
45.0029601885363
46.4707995959936
45.4810748253514
45.317378166821
46.9886650955307
43.836873158825
42.6696953118424
45.2057612995539
45.8650526049996
44.2307288948742
43.406000336672
44.5619434391045
42.2321563841428
43.781881154785
43.6913837219089
42.6098585977611
42.8604065314368
42.8009233229526
44.5235560979716
45.4270120360239
42.9060861880313
44.5008509384732
41.874132648767
42.5005479336756
43.3727607103779
45.1388140728895
44.5114426395085
42.6303046881576
44.3868841006649
45.2663925595489
41.7855643464355
40.9099309822406
41.8318601127851
45.0863639424291
44.0687997643296
43.7019282888646
44.0293418062453
43.0233288443734
44.8273857419409
44.5627278848582
43.6997028869624
44.4843169766855
43.1858639845131
43.0835459978116
43.5587719888898
44.9827262014982
43.590998232472
43.7589706253682
46.0025528154196
43.8659043851528
45.1105773924754
42.3742016665264
43.0946427068429
43.1723196700615
41.3715655247875
45.6086836124906
43.9682392054541
41.9180279437758
42.9485809275314
41.7032143758943
42.3742016665264
43.0908585135931
41.8680994865752
43.2677358808181
44.1655693965155
42.6238136520495
41.874132648767
42.5005479336756
42.6778831748169
42.9974488679404
43.1379824930561
42.2791961956064
42.5440930898073
43.4902828044777
40.96500715428
41.5875540779396
40.4624938978201
45.1360600959515
42.3690674185675
43.0437210672502
43.344628398283
43.515129197879
41.8699747496002
43.3429854389361
45.1197045703224
42.1274109923407
41.9814704149482
43.6508517801532
44.28500715428
41.6675675448195
41.142998905816
43.9944019863648
42.0484008080128
41.9312052857504
42.8180767612154
43.1630140560559
43.0976761215386
41.4793140308055
42.9098569144012
43.8616084504671
42.7824871643801
44.1727236764582
42.3294747916842
43.0737825098898
40.5661451056309
42.8917035603064
42.9882913896137
42.5677207305782
40.7401136267991
41.2069228179446
42.8022397104621
43.0707995959936
40.4055963302752
42.8322169851023
42.6635476811716
41.1728246780574
42.5300471340796
42.2890505849676
40.4318298123054
42.7829282046966
42.3601961114384
40.5276937968185
42.1621454423028
42.5812212776702
41.8197062536824
41.9925637572595
41.8695236091238
39.627123137783
42.5676803299386
41.0377283056982
40.9026891675785
42.2631403080549
41.8754827034761
42.2367351233061
39.4297828465618
44.0554473529164
39.8787315882502
42.0890371180877
43.9309763487922
42.5171155626631
44.6755298375558
41.1454094773167
41.0022094099823
42.3044735291642
40.7598998400808
40.013120949415
42.6716715764666
43.9737269590102
41.9845610638835
42.0750416631597
41.9633507280532
42.3153042673176
43.2989083410487
44.3751847487585
41.6535384226917
42.6311968689504
41.5330771820554
38.5481365204949
41.2069228179446
41.874132648767
40.7624854810201
41.5180346772157
43.5427935358977
41.9142100833263
38.7930687652555
39.9933179025335
41.8449499200404
38.6064481104284
41.4211000757512
42.6769438599445
41.7189908256881
41.3893148724855
40.8143565356451
40.9203846477569
41.6983528322532
41.9707070111943
40.1577215722582
38.794624189883
43.4873503913812
41.6568209746654
40.7344777375642
39.5234752966922
41.4977030552984
41.1545198215638
41.0541073983671
41.9327034761384
44.3603913811969
40.7642260752462
39.7595429677637
41.5518836798249
41.2543195017255
43.6776576045787
40.408623011531
39.9916412759869
41.5240510058076
41.028880565609
38.5738111270095
41.2186827708105
40.4666080296271
39.87874842185
40.6213660466291
40.5276937968185
41.2472763235418
41.7399856914401
38.0915116572679
42.0192753135258
41.0080506691356
42.9020629576635
42.3400900597593
38.3534626714923
39.2185346351317
41.7149877956401
38.9999065735207
38.9098097803215
40.976629071627
39.3503551889572
39.7774909519401
41.4853135257975
40.3392214460062
38.8811657267907
40.601377830149
38.1564624189883
40.3872813736218
40.5084058580928
41.9267443817861
41.3877190472183
41.1972333978621
40.3950719636394
40.5608627219931
40.4192079791264
37.5116850433465
39.7072780069018
39.9810832421513
42.394253850686
38.849003450888
38.5214283309486
40.1638018685296
40.8837648346099
40.1947824257217
40.7195665348035
39.7489276996886
39.5280473024156
41.3964624189883
37.2359203770726
41.7678520326572
40.6424114131807
41.2649852706001
38.4771458631429
41.215622422355
40.6878351990573
39.6088923491289
39.6830544566956
38.7930687652555
40.9432345762141
38.4871416547429
41.4734862385321
39.6504410403165
40.9026891675785
40.3872813736218
39.0164035013888
39.004249642286
39.8126933759785
37.8566391717869
37.7803290968774
40.9043388603653
38.9507625620739
40.7509207979126
35.9643203434054
38.0094646915243
38.00125326151
40.7656535645148
38.413622590691
38.8812397946301
37.2966560053868
40.589250904806
40.8936057570912
40.9469346014645
38.5335249558118
38.8154608197963
39.3693131891255
39.737878124737
39.6017986701456
38.8742740510058
38.7250239878798
40.5189234912886
38.7715150239879
38.1892643716859
40.536130797071
38.1395850517633
38.6963833010689
40.2443405437253
40.0059936032321
40.2703181550375
38.3877729147378
39.7370162444239
38.497632354179
39.2414081306287
37.7490287012878
40.3312052857504
37.9876382459389
38.7605395168757
37.2658000168336
39.5030258395758
38.0915116572679
40.3791170776871
40.0870608534635
38.423628482451
37.2359203770726
40.1663942429089
36.5946410234829
41.0023407120613
36.181376146789
37.5427329349381
38.6841654742867
38.0105656089555
39.6046098813231
38.4632615099739
34.91750273546
38.9249633869203
36.5819316555846
37.033004797576
40.7433120107735
38.0524038380608
38.2330788654154
39.1828945374969
37.2341898830065
38.6158614594731
40.1950551300396
37.0168243413854
37.7413458463092
38.5792382796061
37.2269346014645
38.5411808770306
37.2587198047302
39.8126933759785
38.1021168251831
36.3652057907584
39.0408324215134
37.2966560053868
37.4883402070533
37.2657023819544
37.7490287012878
39.4061686726706
39.1532640350139
37.3217852032657
36.5847799006818
38.54874926353
37.4460441040316
38.3055643464355
38.460753303594
36.9726933759785
38.6112288527902
39.135127514519
39.9587248548102
37.9436857166905
38.5018340207053
38.5599537076004
38.149257638246
36.6529930140561
34.2272039390624
37.2146056729232
38.1096111438431
38.5405378335157
38.1211892938305
37.087252756502
36.5351477148388
37.880751620234
37.8862865078697
38.3518096119855
38.1393056140056
34.9860255870718
35.0964573689083
36.9021471256628
38.0810613584715
37.1573478663412
38.1136815082906
38.7046452318828
37.6914039222288
36.5294444912045
37.2034584630923
35.9642934096456
37.5116850433465
38.9678520326572
37.160122043599
37.4694596414443
36.6433978621328
39.8350517633196
35.7586810874506
38.222631933339
37.5518028785456
37.3202028448784
34.8649684370003
39.3086650955307
36.7812717784698
36.5373360828213
36.9647007827624
37.4773242993014
35.0194537496844
36.4218205538255
38.1802280952782
38.0116799932666
36.9705622422355
36.8224231967006
38.2143329686053
39.4776071037792
38.0350416631597
37.6007718205538
37.2382131133743
36.1338380607693
36.6918920966249
35.8910908172713
38.2223322952613
34.6975549196196
35.835506270516
37.3577114720983
38.8940299638078
34.651875263025
37.4797786381618
37.2012667283899
36.145998653312
36.0690118676879
35.865880818113
36.7387669388099
37.0505992761552
36.5536680414107
35.9572636983419
35.5947756922818
34.515257133238
37.4260895547513
36.6072830569817
34.6057141654743
35.9368378082653
36.5648118845215
37.8367586903459
36.4966762057066
35.1412145442303
36.4057309990742
34.2259010184328
35.4664295934686
36.8626487669388
37.2996355525629
36.4404317818366
36.4056771315546
38.3158025418736
36.5946410234829
37.8696111438431
37.1603644474371
37.5766560053868
34.945874084673
36.1868672670651
34.9962099149903
37.0195177173639
35.7057091153943
36.2780245770558
38.7287913475297
35.7586810874506
35.3102912212777
37.2164708357882
35.7044566955643
35.3555837050753
36.3756123221951
36.6560264287518
36.1335922902113
34.6187703055298
34.7512776702298
33.3439718878882
37.8584774008922
34.2964203349887
37.2269009342648
33.0449835872401
33.788621328171
35.2241132901271
36.8511783519906
35.7551056308392
36.4155584546755
35.6514880902281
35.6939760962882
35.4101043683192
34.8816741015066
36.4379774429762
34.9176340375389
36.4317624779059
33.0616926184665
35.6297828465617
34.4733852369329
36.5511834020705
34.8650761720394
33.6340148135679
34.6975549196196
36.4057309990742
38.0570263445838
35.8427312515782
35.0920469657436
35.0900774345594
36.9032042757344
36.2421353421429
33.7357705580338
35.1219602727043
37.8430948573352
33.9430830738153
38.363879303089
33.9494428078445
33.9558833431529
34.0489024492888
35.0079025334568
36.4842361754061
36.6681701876946
37.4943228684454
34.6975549196196
32.6754490362764
33.3439718878882
36.6765196532278
33.1421437589429
34.1195968352832
33.0843102432455
33.7733364194933
34.651875263025
34.2964203349887
35.3890893022473
33.6340148135679
34.945874084673
34.5152874337177
34.0316480094268
34.7333532530932
33.7634012288528
35.5022447605421
35.4534407878125
33.6893973571248
35.7743498022052
32.7229433549365
35.3087122296103
35.4646014645232
32.6064885110681
33.5234281626126
34.9579168420167
34.8316917767865
34.8814922986281
36.3685994444912
33.7563109165895
37.3435813483713
34.7079345172965
35.119118761047
34.2569691103442
33.3838978200488
35.2701868529585
33.5115874084673
33.7281988048144
35.5988898240889
34.9865238616278
35.9795547512836
34.3424400303005
33.9960786129114
34.4834382627725
36.0804486154364
34.2980161602559
35.0730620318155
33.1191120276071
33.1692189209662
34.6645139298039
34.7497188788822
32.9942976180456
33.2362806161098
33.9439213870886
34.2259010184328
34.4299781163202
32.8472931571417
35.3031504082148
31.91249642286
32.6754490362764
34.2495151923239
31.1900185169599
34.674627556603
33.5927893274977
34.2417852032657
33.3688283814494
33.9118399124653
34.1855879134753
32.5361004965912
35.8976054204192
34.6448118845215
32.8324930561401
34.5128633953371
33.1529273630166
32.9247277165222
33.646505344668
34.4190329096878
33.5223272451814
34.3717809948658
34.1650172544399
34.0041688410066
32.8551477148388
34.8621403922229
32.5139306455686
33.4720957831832
33.9583881828129
34.2432126925343
34.0954035855568
33.1783629324131
34.0407347866341
33.0492054540864
33.0330519316556
35.0875288275398
34.179504250484
33.3250610217995
33.7672796902618
34.1666568470667
33.7213037623096
32.5584689840923
32.9034466795724
32.7246166147631
33.8314258059086
35.489131386247
33.0492054540864
32.7125300900598
33.1329694470163
32.5316059254272
34.8649280363606
32.6004553488764
31.1895774766434
32.5265289117078
32.7779723928962
33.483128524535
33.960495749516
33.4586693039307
31.7687139129703
33.5418171871055
31.4760550458716
32.3659464691524
32.2266753640266
33.4474311926606
33.8080304688158
32.9312894537497
33.0449835872401
31.9305588755155
33.8305908593553
32.926747748506
33.5430662402155
32.8992046124064
34.3081129534551
30.2761526807508
31.8913500547092
33.2763142833095
33.6185817692113
34.2330721319754
33.3439718878882
32.2173428162613
34.0768091911455
32.8502592374379
33.2955820217153
32.7760701961114
33.3439718878882
32.3618222371854
32.9614552647084
33.7313668883091
32.6495656931235
33.0098484976012
33.4738868782089
33.7919745812642
31.0673453413012
32.6754490362764
33.9639668378083
30.6688367982493
32.6756611396347
31.3115604747075
32.7719526975844
33.0807852874337
32.085875768033
33.8345501220436
32.6261770894706
30.8586491036108
32.4498417641613
33.0710453665517
32.0592113458463
32.4548447100412
30.3893317060854
33.4891347529669
32.8040914064473
32.1617616362259
32.1029113710967
30.8151679151587
32.0594200824847
32.8235308475718
32.1574387677805
30.7950382964397
32.0305706590354
33.4048421850013
30.6054414611565
32.9700134668799
32.1960954465112
32.8740316471678
33.0234601464523
31.6610462082316
33.1767603737059
33.0001860112785
32.0563631007491
31.8174337177005
31.6563294335494
32.9645324467637
33.6484647756923
30.9218491709452
33.9993308644054
34.8677830148978
31.1068605336251
31.8563967679488
33.2834247958926
32.6004553488764
32.7246166147631
31.5731108492551
30.1897626462419
31.1335283225318
30.9471770053026
31.2561105967511
32.0363513172292
31.5912440030301
31.2906497769548
31.1601557107988
32.3522708526218
32.3493855736049
32.4229416715765
31.4739744129282
32.0516732598266
32.5045240299638
31.1895774766434
32.085875768033
32.4354052689168
31.3990480599276
31.2412229610302
29.828493392812
31.1271820553825
34.3620915747833
31.2684462587324
31.7024366635805
31.4205176331959
30.6134778217322
32.2978612911371
31.9821976264624
29.8186524703308
33.6624703307803
31.3110083326319
30.2761526807508
30.6719644811043
31.7769724770642
31.8563967679488
32.4134576214123
31.0674160424207
33.1505672923155
30.9218491709452
32.2334424711725
31.1846452318829
31.2618508543052
32.3209367898325
31.1895774766434
30.3954153690767
31.8791120276071
30.7972131975423
31.7074766433802
30.4888553152092
31.6729105294167
31.2534273209326
32.3095337092837
29.5503518222372
29.9723937379009
30.8097643296019
31.3382080632943
30.796004545072
31.2047782173218
30.706375725949
31.1516345425469
31.3726395084589
30.3773226159414
30.2761526807508
31.1895774766434
30.1980683444154
30.986379092669
31.0545989394832
31.1301077350391
30.7659902365121
30.9003324635974
31.594883427321
29.6104949078361
30.4810613584715
29.7744137698847
32.0217296523862
31.0695505428836
31.5502036865584
30.6871685885027
30.1897626462419
31.2684462587324
29.9757133237943
30.8430106893359
31.297881491457
31.6355870717953
31.7131899671745
31.0419400723845
31.304880902281
30.5453320427573
30.190378755997
31.0096397609629
30.2182248968942
30.6912625199899
31.2856602979547
31.7136916084505
30.0036032320512
29.558374715933
31.0577434559381
30.2935754566114
31.1495808433634
31.455874926353
30.2761526807508
29.6534576214123
31.995620738995
30.2520772662234
30.9712086524703
31.270749095194
28.9168495917852
30.2624029963808
28.6538986617288
31.94124484471
31.0640998232472
30.2761526807508
30.0315234407878
29.816379934349
30.4888553152092
30.1463016581096
29.8618912549449
30.3282122716943
30.9469817355441
30.2299006817608
30.9988090228095
29.8222413938221
29.5503518222372
30.796004545072
28.9891970372864
31.6798358724013
30.6187265381702
30.3812179109503
30.8093838902449
29.8650021042
31.3357267906742
30.5019787896642
30.2029702886962
30.690878713913
29.0713551047892
30.6054414611565
30.2182248968942
30.71625368235
31.1453185758775
29.9286398451309
30.1200479757596
31.3888233313694
30.9162806161098
30.9491633700867
30.0996995202424
30.311631175827
29.4985750357714
31.9106682939147
28.1769320764245
30.130370339197
29.7503888561569
28.176750273546
30.1738616278091
30.5084361585725
28.0657663496339
30.1405580338355
29.4906093763151
29.7409788738322
29.9947218247622
30.3112204359902
29.8059195353927
29.3642563757259
29.5856990152344
31.0478688662571
28.4877072636984
29.6114409561485
30.4535720898914
29.7889142328087
29.5941797828466
29.7217044019864
30.2323381870213
30.130370339197
29.8222413938221
30.8706447268748
29.9294175574447
30.6745837892433
29.7146814241225
28.7581659792947
29.5797769548018
29.3258320006734
30.0996995202424
29.5577148388183
31.4588645736891
29.4271534382628
28.8332876020537
30.5508265297534
31.6200260920798
30.8161004965912
29.4566391717869
28.655881659793
31.8769909940241
28.4325906910193
29.0883637740931
30.6145316050838
31.1445206632438
28.1277813315378
30.8715436411077
28.9168495917852
30.1897626462419
28.9200244087198
27.5592365962461
30.3386928709705
30.9025275650198
28.7633372611733
29.8578612911371
30.704628398283
28.4417380691861
29.3475473444996
28.5598998400808
29.4515924585473
30.8543868361249
27.6881651376147
29.4271534382628
29.4489798838482
28.6538986617288
28.2416875683865
28.2876163622591
29.3102945879976
28.9505605588755
29.558374715933
28.1066181297871
29.074752125242
27.9921530174228
28.8907238447942
29.8039264371686
29.3623272451814
28.1188157562495
28.6883132732935
29.8631032741352
30.5745720057234
29.1248085178015
30.0245644306035
28.0519324972645
30.5785784024914
28.9292727884858
28.9961526807508
28.1038338523693
28.3874025755408
29.3991524282468
29.5985497853716
29.0762806161098
29.2209182728727
29.3310504166316
27.9086112280111
28.7057158488343
29.3216404343069
28.1661518390708
30.9554625031563
29.0367452234661
29.9609536234324
27.3843018264456
29.6030106893359
30.5599301405606
26.631998148304
27.6536697247707
28.8373108324215
28.2288132312095
29.6347049911624
27.3753328844373
28.499877956401
28.4137740930898
28.6928920124569
27.9230073226159
27.9384908677721
28.2651334062789
28.3585969194512
28.5823491288612
28.4474109923407
28.0390547933676
28.8922961030216
28.3878301489774
28.1772855820217
28.0112052857504
28.5426521336588
28.4025124147799
28.9547689588419
26.9812987122296
28.907749347698
27.5833995454928
28.1449044693208
28.2047041494824
29.0595513845636
28.690754145274
28.3085809275314
27.3793359144853
29.4943127682855
28.3832278427742
27.6730754986954
28.2329340964565
28.7140989815672
29.2435796650114
30.0686516286508
28.4999149903207
28.4210596751115
28.2603189967174
28.3477022136184
29.4518146620655
27.6307322615941
28.0241435906069
29.8094444912045
29.3428844373369
28.0941511657268
27.4624703307802
28.0956560895548
26.9061871896305
27.1490118676879
28.2533869202929
26.9221824762226
27.6018996717448
28.8038557360492
27.1373663833011
28.4540770978874
28.4357823415538
27.923505597172
28.2178646578571
28.2047041494824
28.176750273546
27.7882173217743
27.6132051174144
29.250131302079
27.7309022809528
28.0772973655416
27.1588090228095
27.2457242656342
28.4453168925175
28.2417784698258
28.1038338523693
27.5592365962461
27.9717675279859
27.531373621749
28.1160247453918
27.0174471845804
27.2686415284909
28.4491482198468
28.327121454423
27.9368445417053
27.115132564599
28.3341881996465
27.47999747496
28.4361594141907
27.2354019021968
28.4882291052942
27.4039331706086
28.0591103442471
27.903248043094
28.2078621328171
27.4359776113122
28.2430982240552
27.7122068849424
28.2642950930056
27.7016353842269
27.7191995623264
27.4305369918357
26.8351157309991
28.9604317818365
27.8408155879135
28.2990834104873
27.0067006144264
28.2852798585978
27.1903248884774
27.7645290800438
27.3028171029375
28.0980767612154
26.9806927026345
26.4935687231715
27.2225847992593
27.4624703307802
27.9847293998822
26.6240964565272
27.2593460146452
27.47999747496
26.9061871896305
28.135494486996
27.2467578486659
26.6434853968521
27.8839230704486
26.8708837639929
26.9163243834694
28.1794840501641
26.6735636730915
28.2444415453245
27.4560466290716
27.9392281794462
27.1242361754061
27.5630106893359
26.7337000252504
26.8692744718458
27.1413694133491
28.4790783604074
27.6666820974665
27.0484075414527
27.1542201834862
27.0354692365962
26.7780363605757
26.83500462924
26.1112911371097
28.319872906321
27.9679463008164
27.6760920797913
27.7026824341386
28.0643893611649
26.9454330443565
25.5346864742025
26.8655643464355
27.8005731840754
27.3665895126673
26.6601169935191
26.5513416379093
27.0871046208232
26.0055390960357
27.492750610218
26.1326496086188
28.089255954886
27.1623339786213
26.85125578655
26.016130797071
27.6830174227759
26.7466080296271
27.2081483040148
27.2152756501978
25.9390901439273
28.2106733439946
26.0219754229442
26.9882240552142
26.828873832169
25.979871222961
27.6599149903207
27.605380860197
25.9530956990153
28.1186743540106
27.4560466290716
27.0372939988217
27.3506985943944
26.9159708778722
26.8692744718458
26.8351157309991
27.1490118676879
26.7337000252504
26.6341663159667
26.6978983250568
27.4013475296692
27.2994773167242
27.3250812221194
28.0047647504419
26.8637867182897
27.1864262267486
26.6143498022052
25.9861501557108
27.6257023819544
26.7743868361249
27.3572064641023
25.4293418062453
26.0233456779733
25.7971593300227
25.6402903795977
26.9278149987375
26.6557402575541
27.4976491877788
26.6978983250568
26.7328516118172
26.4458421008333
26.6293620065651
26.3224989479
26.4701935863985
26.7367873074657
26.631998148304
26.1112911371097
25.4243590606851
27.1114190724687
26.2274194091407
26.3772081474623
26.2519089302247
27.2444247117246
27.4999149903207
26.3772653817019
26.2377316724182
27.2569152428247
25.7085371601717
26.808252672334
26.3214619981483
25.9218458042252
26.3589234912886
25.6133566198131
27.8352301994782
25.4786373200909
26.5802583957579
26.84875094689
25.9007297365542
27.5794907836041
26.0455559296356
26.487006985944
26.709001767528
26.7563109165895
26.0493300227254
26.7743868361249
26.7480658193755
26.4725570238195
25.865621580675
26.7810664085515
27.1284243750526
24.4619080885447
25.7623912128609
27.3599166736807
25.3340770978874
26.2841755744466
25.8848085178015
25.3722422355021
26.8626723339786
25.979871222961
26.3214619981483
25.9648590186011
26.41250147294
26.4937572594899
26.1005176331959
25.4786373200909
26.1536377409309
27.5075776449794
26.885996969952
25.3087930308897
26.4200563925596
25.5248017843616
25.8155180540359
26.1025881659793
25.3926815924586
25.3927691271778
25.5419316555846
25.789880481441
26.6082122716943
25.9151998989984
26.8067410150661
26.512631091659
25.5712052857504
24.5360196953118
27.4114813567882
25.2979690261762
25.536130797071
27.2465322784277
25.4998577560812
25.7543481188452
26.2765970877872
26.0042900429257
26.3607213197542
25.2823205117414
25.5851401397189
25.9086718289706
26.4159590943523
26.1868302331454
26.5943548522852
26.0055390960357
26.3772081474623
26.2734189041327
26.1408172712735
25.2544171366047
25.970127935359
25.3722422355021
25.2823205117414
25.2568108745055
24.8317826782258
25.5341848329265
24.2840846730073
26.0970869455433
26.1837025502904
24.980874505513
25.0636958168504
25.139871222961
25.9797601212019
25.5669463849844
25.564003871728
26.6690287012878
25.4425561821396
25.6959927615521
25.5144390202845
25.3616505344668
25.9334912886121
25.6483907078529
25.4207600370339
26.1816623179867
26.6004755491962
25.0046974160424
25.0524038380608
26.0974000505008
26.460622001515
25.7078402491373
25.7794369160845
25.7926108913391
25.2141511657268
25.1731209494151
26.2507339449541
25.9127320932581
25.6288266980894
25.6885186432119
24.681377830149
26.289255954886
25.3792719468058
26.1391844120865
26.3959540442724
24.8089024492888
24.3775414527397
25.3132640350139
25.3024669640603
25.4208879723929
24.737373116741
25.5299326656005
25.3340770978874
24.7979303088966
25.5792685800859
25.5469716353842
25.2334020705328
24.6351022641192
25.3320301321438
25.2499865331201
25.7963075498695
25.4624063631008
24.2345871559633
24.6469598518643
24.7959877114721
25.1640543725276
25.0046974160424
24.9317304940662
24.6364624189883
24.7109005975928
24.6062158067503
24.7399823247202
26.3556611396347
24.6130536150156
25.057878124737
24.3308383132733
25.4971374463429
24.3751847487585
25.0655475128356
25.0754591364363
25.7693098224055
26.5141562158068
24.4619080885447
25.139871222961
25.0364152849087
24.6851788569986
25.6139626294083
26.0458555677132
25.5127926942177
24.433499705412
24.6324257217406
24.9913921387089
25.8542016665264
25.2946090396431
24.7725890076593
25.0938548943692
24.8442765760458
25.6286179614511
24.7754204191566
25.3937791431698
24.9703871727969
24.504126757007
24.5954658698763
23.790877030553
24.6078587660971
24.7057730830738
25.048623011531
24.892747243498
25.6343885194849
25.116748590186
24.8975481861796
25.2370583284235
24.2616320175069
24.7067022977864
23.916001178352
25.1136579412508
23.8365465869876
25.0845088797239
24.748995034088
24.8836436326908
24.6394621664843
23.5582602474539
25.3367738405858
24.6747891591617
25.057878124737
25.0640324888477
24.6524846393401
25.2307861291137
25.3610714586314
24.5151190977191
24.7735956569312
24.9732354178941
24.2504747075162
24.704880902281
24.7959877114721
24.855501220436
24.5554187357967
25.6876634963387
25.2554204191567
24.1430426731757
24.321872737985
24.538618803131
25.238374715933
24.2447984176416
24.1817330191061
24.8489226496086
24.1436621496507
24.5360196953118
24.7725890076593
24.5844533288444
24.6851788569986
24.5360196953118
23.6898148304015
25.261746485986
24.5529542967764
23.0295572763235
25.2141814662066
23.8325233566198
23.9109881323121
25.5072914737817
24.5249364531605
23.5465777291474
25.1148867940409
23.9314106556687
24.6965853042673
24.0063370086693
24.9873958421009
24.3590648935275
23.9617212355862
24.908503492972
23.5873588081811
24.5642967763656
23.9844836293241
24.654629239963
23.8974572847403
24.7977047386584
24.0831419914149
24.321872737985
24.3751847487585
24.1817330191061
24.6679412507365
24.6930199478159
24.5750601801195
24.3557150071543
24.8548480767612
24.594253850686
23.7846990994024
25.1559001767528
24.5342185001263
24.3520856830233
23.5130956990153
24.7606775523946
23.9049213029206
24.0791894621665
24.2235544146116
25.0534138540527
24.8844112448447
24.5470625368235
23.8844651123643
22.4696414443229
24.0958412591533
25.0185918693713
24.4715739415874
24.321626967427
24.1289327497686
23.915257133238
23.1453926437169
24.506123221951
23.5082105883343
23.5717641612659
24.4556123221951
24.071749011026
23.3168327581853
24.4061956064304
24.1394200824846
22.9126748590186
24.447878966417
23.4809064893527
24.4071416547429
24.7479816513762
23.9320637993435
24.2235072805319
24.3043388603653
24.5547083578823
23.4939053951688
23.2729071626968
24.2636486827708
24.0553497180372
24.3728819122969
24.5653303593974
24.1499882164801
23.6898282972814
24.3863555256292
23.5130956990153
23.6339171786887
23.7148463934012
24.4518988300648
23.8731899671745
23.8030611901355
23.9734003871728
24.1215528995876
23.7445475970036
24.2828928541369
23.8834348960525
24.7646603821227
24.0780245770558
23.4944272367646
23.5208256880734
24.5048910024409
23.2229012709368
23.7165398535477
22.9663370086693
23.4646889992425
24.4049903206801
23.5218929383049
23.4151948489184
23.258379766013
24.3056114805151
23.4944272367646
23.9373663833011
23.5873588081811
23.4114779900682
23.6258673512331
24.5262023398704
24.9614316976686
22.648875515529
22.5232766602138
24.2969859439441
22.5291044524872
23.3246772157226
23.1231487248548
23.8615882501473
23.4963967679488
23.6413003955896
23.4204098981567
23.2551780153186
23.4280624526555
23.6713854052689
24.1668386499453
23.4051552899588
23.3290438515276
23.8693990404848
23.628506859692
23.296494402828
23.9162334820302
23.5134559380523
23.7488165979295
23.9293434896053
23.6491616867267
23.661621917347
22.6751089975591
23.7973882669809
23.2587602053699
22.6035358976517
24.1165398535477
23.8019804730242
23.4407819207138
23.2034853968521
23.9469076677048
22.4294832084841
23.7107423617541
23.0445290800438
24.1095404427237
23.329875431361
23.5690741520074
22.6541174985271
22.7437564178099
23.5819922565441
23.029247538086
23.0097138288023
22.3253370928373
24.007626462419
23.0341191818871
23.6611505765508
23.1815949835872
23.1484597256123
23.7922102516623
22.8581373621749
22.0927337766181
23.7394638498443
22.5960180119519
23.6944710041242
23.2861518390708
23.2096868950425
23.0396507028028
22.783251409814
22.7149036276408
22.990368655837
22.8704763908762
23.205374126757
22.3272965238616
22.5492677384059
23.4012734618298
22.5047395000421
23.9665524787476
23.9205765507954
22.8606960693544
24.2295438094437
22.9877291473782
24.0396372359229
23.5208256880734
23.0295572763235
23.258379766013
22.9126748590186
23.0951813820386
23.5650172544399
22.7057225822742
24.2483233734534
23.1504292567966
22.4001523440788
22.35375557613
23.2798123053615
23.3949372948405
22.4735939735713
22.4315369076677
22.2279446174564
23.1135805066914
22.7875742782594
22.2253960104368
22.5879176836967
23.0445290800438
22.9663370086693
22.9863555256292
21.8192753135258
23.0256821816346
22.7057225822742
22.5291616867267
22.9529037959768
22.5096717448026
22.054750441882
22.589122969447
23.4368563252252
23.5252192576382
22.9331950172544
23.023877619729
22.6754726033162
22.8704763908762
22.8333650366131
22.3461400555509
22.6896195606431
23.1484597256123
22.648875515529
22.1369657436243
22.71500462924
22.9161021799512
23.1653303593974
22.2279782846562
22.6277291473782
22.9936680414107
22.738002693376
23.1618828381449
22.3647782173218
22.9490792020874
22.5633641949331
22.3488098644895
22.6477341974581
22.6362772493898
22.6892323878461
23.3135098055719
22.8878048985776
22.5879176836967
22.5960180119519
22.3272965238616
22.7452680750779
22.3528633953371
22.653999663328
22.6796170356031
22.5291616867267
21.9723297702214
21.806000336672
22.9888367982493
23.1631150576551
21.5819821563842
21.62125494487
22.5398409224813
22.2193190808854
22.3840661560475
22.3871972056224
22.717755239458
22.2694697416042
23.1499713828802
21.9074766433802
23.079505933844
22.4989689420082
21.866379092669
22.0868622169851
22.4796103021631
22.5787097045703
22.1377602895379
22.5207381533541
22.5238187021295
23.3240240720478
21.977255281542
23.4328364615773
22.298871307129
22.5233574614931
22.4883536739332
22.5144390202845
22.5662191734702
22.3646906826025
22.5154692365963
22.1186878208905
22.7267780489858
22.764003871728
21.9422211935022
22.07125410319
21.7010125410319
21.5748110428415
23.5369724770642
22.0339508458884
22.1325789074994
22.6741494823668
22.5626369834189
22.416746906826
22.0776609712987
22.1258522009932
22.1555365709957
22.290996549112
21.5321883679825
22.4216589512668
21.8136966585304
21.985254608198
22.4483873411329
22.3770364447437
22.8967368066661
22.5988864573689
22.0405900176753
22.4432598266139
21.6369101927447
22.0732236343742
22.5730637151755
21.8927270431782
21.8976693880986
21.9671584883427
21.3722018348624
22.2460138035519
22.2737926100497
21.8014114973487
22.1794335493645
22.3787097045703
21.2102929046377
22.6240459557276
21.7354406194765
22.0509123811127
21.874880060601
22.2784555172124
21.9417094520663
22.5209603568723
22.0069834189041
22.3064228600286
21.6201977947984
22.2136562578908
22.2524947395
21.4690354347277
22.6044819459642
21.97000336672
22.2549457116404
22.3414468479084
21.6532724518138
21.5569775271442
22.0953901186769
21.8192719468058
21.5672089891423
21.7944356535645
22.5797971551216
20.8665103947479
21.9785548354516
21.4470372864237
21.6417212355862
22.3596540695228
21.619504250484
21.9591153943271
22.1699393990405
21.6603997979968
21.9428373032573
21.0038119686895
21.803121791095
22.4775128356199
22.4123466038212
21.8485927110513
21.7898232472014
21.8014586314283
21.6335199057318
21.7412717784698
22.6609317397526
20.628119686895
21.6560499957916
21.6597904216817
22.8902087366383
20.9728583452572
21.2102929046377
21.679250063126
21.985497012036
21.684872485481
21.7785952360912
20.9230813904554
21.4365836209073
22.4883604073731
22.2818289706254
21.7845139298039
21.9417094520663
21.8976693880986
21.7823019947816
21.3373057823416
21.7730367814157
21.5046418651629
21.3454768117162
21.6500538675196
22.8407044861544
21.9373394495413
21.1125704906995
21.17999915832
21.0543094015655
21.4270187694639
21.2604536655164
20.6176996885784
21.575507953876
21.7389016076088
21.4648674354011
21.3613104957495
21.5725755407794
21.6573596498611
21.0673689083411
21.4690354347277
21.9759759279522
21.3562200151503
21.9090253345678
21.4454380944365
21.6508181129535
21.2102929046377
21.70125157815
21.4647428667621
20.8172855820217
21.4662612574699
21.7778107903375
21.2725603905395
21.1737437926101
21.1254077939568
21.3306868108745
21.3454768117162
21.340379597677
21.3576609712987
22.0318533793452
21.5332118508543
20.7740434306877
21.6369101927447
21.7944356535645
21.8990127093679
21.6966728389866
21.3816993519064
21.5748043094016
21.5569775271442
20.9519543809444
22.1997348708021
21.3531495665348
20.9067696321858
21.8916160255871
21.3811741435906
21.5106110596751
21.3911026007912
20.8948649103611
21.543258143254
21.4144912044441
20.302254860702
20.7215730999074
20.6286819291306
21.8650357713997
21.6197399208821
20.7610748253514
21.3234382627725
21.3011068091911
21.340379597677
21.2102929046377
21.4427245181382
21.6077644979379
20.8855357293157
21.4831386246949
20.6280355188957
20.7754103189967
20.7449415032405
20.7829113710967
21.083381028533
20.4966088713071
22.0102592374379
21.1887290632102
21.2119560643044
20.9417161855063
21.4657899166737
21.2399570743204
21.2168243413854
21.5622868445417
20.8172855820217
21.5679126336167
20.9241789411666
20.728872148809
21.7090960356873
21.3531495665348
20.659372948405
21.5723634374211
21.1379656594563
21.447872232977
20.7255222624358
21.5444028280448
21.463369245013
21.0414451645484
21.8446974160424
20.4428524534972
21.5588628903291
21.1519712145442
20.7216370675869
21.2482122716943
21.0393409645653
20.62624779059
21.1241688410067
20.9750332463597
21.1721479673428
20.421618550627
20.6519594310243
20.8173192492214
20.9745181382038
20.6164506354684
20.8698131470415
21.3428844373369
20.6882257385742
21.1708214796734
20.2278537160172
20.6903602390371
20.5455475128356
20.6499831664001
20.8693451729652
20.8226656005387
20.3417262856662
20.6274093089807
20.9355550879556
20.6286819291306
20.59749936874
21.5551662317987
20.6120705327834
20.8722742193418
20.7317910950257
20.443374295093
21.5898973150408
20.9108871307129
20.7590547933676
20.9290337513677
21.391749011026
20.7331781836546
20.870873663833
20.9812852453497
19.6946056729232
20.2340720478074
21.3728920124569
21.220877872233
20.1590413264877
21.345379176837
21.4121984681424
20.7204082147967
20.5952874337177
21.0149255113206
20.6679042168168
20.5525199898998
20.6795497012036
20.1922910529417
20.5508231630334
20.3277577644979
20.5515840417473
20.7835544146116
20.5864901944281
20.4966088713071
20.8008223213534
20.6903602390371
20.5919072468647
20.8180666610555
20.4474513929804
20.5574219341806
19.8223895295009
20.0441048733272
20.4685607272115
20.6582215301742
21.5103181550375
20.6965954044273
19.8310824004714
20.6326782257386
20.7216842016665
20.4040341722077
20.659372948405
20.1259397357125
21.1865238616278
19.3762654658699
20.944130123727
21.3410159077519
20.748870465449
19.9696666947227
20.4384016496928
20.6934778217322
20.5682998064136
20.4944743708442
20.9511093342311
20.0605311000758
20.74875263025
20.2106161097551
21.178878040569
20.2731798670146
20.4529492466964
20.6185548354516
19.893003114216
21.0896666947227
20.5807398367141
20.6450677552395
20.1035072805319
20.3475237774598
20.4504343068765
19.5117086103863
20.4755365709957
20.6476466627388
20.5972939988217
20.8213525797492
20.1724846393401
20.021628650787
20.5362250652302
20.5933179025335
20.2316480094268
20.0630999074152
20.0575986869792
19.6503265718374
20.8703349886373
20.0318062452656
20.4635645147715
20.5043152933255
20.4984370002525
20.302254860702
20.2731798670146
20.3040425890077
19.9870221361838
20.3570482282636
19.8461989731504
20.0581508290548
19.8310824004714
20.930124568639
19.876502819628
20.0419670061443
20.3798880565609
19.9325721740594
20.6553261509974
20.0107272115142
19.4542252335662
20.1793157141655
20.2631537749348
19.8142151334063
19.8561476306708
20.0413273293494
20.3187686221699
20.0413003955896
20.2550702802795
20.421618550627
20.5508231630334
20.4632884437337
20.6024484471004
20.5549103610807
19.8142151334063
20.0760988132312
20.1035072805319
20.2367283898662
19.5573175658615
20.081879471425
20.1644415453245
19.7975431360996
19.9528330948573
19.3942942513256
19.4831184243751
20.4497643296019
20.0361055466712
19.3926546586988
20.1665760457874
19.8952655500379
20.6102962713576
19.7978158404175
19.8459161686727
20.0412431613501
19.8546359734029
20.1380969615352
19.9846856325225
19.8415461661477
19.534504671324
19.9758378924333
20.269129702887
20.2142959346857
20.0169792105042
19.9649802205202
20.0974606514603
20.1712355862301
20.0066602137867
19.7008273714334
19.9321614342227
20.4111110175911
19.6630763403754
20.3925502903796
19.373504755492
20.7571963639424
19.8574404511405
19.5542269169262
19.9486987627304
19.6551914821985
19.8760247453918
20.2394655332043
19.7498670145611
20.4095454928036
20.466503661308
19.7597449709621
20.0616185506271
19.1018474875852
19.6953295177174
19.6808492551132
19.8461989731504
19.7801506607188
19.4398291389614
20.2085691440114
19.5867864657857
19.4615714165474
19.8079328339365
19.1095337092837
20.2438860365289
19.6053135257975
19.4931344162949
20.0766408551469
19.5594587997643
19.3583410487333
20.0978646578571
20.2781390455349
19.384631765003
19.5542269169262
19.534504671324
19.9761678309907
19.7872005723424
19.6587938725696
19.9359085935527
19.7252832253178
19.8158075919536
19.5914897735881
20.0263555256292
19.8278065819376
19.5820427573437
20.1143245518054
19.3449011026008
19.8760247453918
19.6489428499285
19.9151089975591
19.5542269169262
19.8035628314115
19.8433608282131
20.1673200909015
19.7498670145611
19.3041402238869
19.5526142580591
19.8745602222035
19.6742740510058
19.5117086103863
19.6561846645905
19.4778326740174
19.0450643885195
20.1279631344163
19.2093131891255
19.3762654658699
20.1218155037455
19.529878798081
19.4831184243751
19.5342286002862
19.5244179782847
19.7666198131471
19.4931344162949
19.7991524282468
19.4648270347614
19.3180481440956
19.5871803720226
19.3056653480347
19.6489428499285
19.588631428331
19.2049297197206
19.3441368571669
19.9652461913981
18.9337808265298
19.76750189378
19.0895892601633
19.8532118508543
19.6587938725696
19.5199671744803
19.7008273714334
19.5117086103863
19.5198392391213
19.5371374463429
19.4282711892938
19.1859245854726
19.6045088797239
19.112001515024
19.6062090733103
19.1515470078276
19.8326344583789
19.2878048985776
19.5638422691693
19.6436705664507
19.2663386920293
19.2724122548607
19.3986541536908
19.5950988973992
19.4189588418483
19.492750610218
19.8688839323289
19.3745686390035
19.464874168841
18.9519072468647
19.4507878124737
19.2314291726286
19.4395328676037
19.2179420924165
19.5324947395
19.305379176837
19.3957890749937
19.2081146368151
19.3441368571669
19.5486785624106
19.3097693796819
19.3010664085515
19.4031116909351
19.2858185337934
18.7867898325057
19.1663269085094
19.6194773167242
19.4247327666021
19.0447815840417
19.3795311842437
19.4464178099487
19.0309005975928
19.3339828297281
19.5351443481188
19.278128945375
19.0089159161687
19.7455912801953
18.8770246612238
19.2693115057655
19.243872569649
19.3699595993603
19.1837261173302
19.4843944112449
19.0586726706506
19.5486448952109
19.0316446427069
19.1923482871812
19.4764758858682
18.9706531436748
19.1143312852454
19.8021454423028
19.4150669135595
19.4231941755745
19.3641654742867
19.5877358808181
19.188378924333
19.2477409308981
19.1325890076593
19.3157991751536
19.0082223718542
19.27500462924
19.0665507953876
19.4724930561401
19.2179387256965
18.9145871559633
19.3553884353169
18.7061434222709
19.0108517801532
19.7164657857083
18.8387921892097
18.9997348708021
19.2342807844458
19.3949406615605
18.405872401313
19.118001010016
19.2699612827203
18.8682711892938
19.2780885447353
19.1543615857251
18.9735215890918
19.3623104115815
18.51750610218
19.2324930561401
19.6234096456527
18.8885085430519
18.9070255029038
19.2941141318071
19.0950399797997
19.2368462250653
19.2150871138793
19.3056653480347
19.0697424459221
19.1512103358303
18.7202230451982
19.2995951519233
19.5181895463345
19.0580531941756
18.9221656426227
19.5546073562832
19.0193628482451
19.2966492719468
18.9821201919031
19.0964405353085
19.1279597676963
19.2027682854979
19.0045930477233
19.2206590354347
19.1467763656258
19.2937235922902
18.9723634374211
19.0519324972645
18.9873352411413
18.9219905731841
18.9225561821395
18.8783881828129
19.2126698089386
19.1147184580423
19.4558345257133
18.6889630502483
19.13375725949
19.0723280868614
18.766626546587
19.0058387341133
18.8414687315883
18.3524156215807
18.8984740341722
19.5991692618466
18.3603274135174
19.116751956906
19.6753850685969
19.0760415789917
19.5709224812726
18.1843624274051
18.5906144263951
18.405872401313
19.1515874084673
19.0155719215554
19.1427127346183
19.3670473865836
19.0039298038886
18.7243102432455
18.8776778048986
19.1997214039222
18.7664750441882
18.7755752882754
19.0234433128525
19.0507608787139
18.7253673933171
19.2479429340965
19.0614064472688
19.0048994192408
19.2932354178941
18.9803829643969
18.8997264540022
18.7494798417642
18.8990194428079
18.7776188872991
18.9281483040148
18.3164859860281
19.1379454591364
18.1528903290969
18.5711682518307
18.5685590438515
18.582746401818
18.7688250147294
18.5331074825351
19.184877535561
18.5332354178941
19.0866097129871
18.3444802626042
18.4561880313105
18.434748758522
19.211747327666
18.430627893275
18.2767620570659
19.6127371433381
19.4896801616026
19.0073975254608
18.3540653143675
18.6888317481693
18.453255618214
18.8920940998233
18.5002684959179
18.5749255113206
18.5534795050922
19.0284428920125
18.3561930813905
18.405872401313
18.8984740341722
18.6217060853463
18.5764136015487
18.8365667873075
19.1721816345426
18.7467224981062
18.8486937126505
18.5212397946301
18.3294175574447
18.4760516791516
18.3086145947311
18.191506607188
18.8005799175154
19.2679681844963
18.6220292904638
18.5263673091491
18.5911059675112
18.7678688662571
18.907005302584
18.7673200909015
18.3709696153522
18.5062780910698
18.2986053362512
18.7469312347446
18.2415495328676
18.3757907583537
18.4319779479842
18.4610462082316
18.0592382796061
18.3171929972225
18.7494798417642
18.5278116320175
18.453255618214
18.5056182139551
18.3981424122549
18.6217060853463
18.2261030216312
18.4180262604158
18.7484092248127
18.0381121117751
18.3906817607946
18.3086145947311
18.5935098055719
18.4346915242825
18.0925755407794
18.4201203602391
18.5919106135847
18.3294175574447
18.3561930813905
18.1422144600623
18.3543885194849
18.1736764582106
18.4626622338187
18.3694646915243
18.2806169514351
18.6264363269085
18.3664380102685
18.8400412423197
18.4933094857335
18.7240947731673
18.3101801195186
18.5282863395337
18.499746654322
18.6324896894201
18.4896633280027
18.4798931066409
18.2761560474707
18.707745980978
18.4946730073226
18.5783561989732
18.0700151502399
18.2185312684118
18.4738094436495
18.3624787475802
18.1880523524956
17.8613155458295
18.6056569312348
18.4055828633954
18.0996086188031
17.9964253850686
18.1614754650282
18.2852192576383
18.1484125915327
18.5065575288276
18.7320402323037
18.2665810958674
18.3497862132817
18.0331327329349
18.5491869371265
18.5425073647
18.1342723676458
18.2526765423786
18.1450829054793
18.3574286676206
18.0892020873664
18.102756501978
18.4156695564347
18.4304528238364
18.2919560643044
18.2291532699268
18.4332135342143
18.4593392812053
18.0925755407794
18.0925755407794
18.1547723255618
18.457753556098
18.6698535476812
18.018622169851
18.1554423028365
18.0504444070365
18.3353328844373
17.9850223045198
18.2408223213534
18.5993645316051
17.8815832000674
18.3086751956906
18.6949558118004
18.405872401313
18.1153850685969
18.4206927026345
18.1740467974076
18.2400850096793
17.7505773924754
18.1681314704149
18.1982804477738
18.0082627724939
18.20750189378
17.9587686221699
18.4100404006397
18.1680574025756
17.9533886036529
17.7328213113374
18.1781710293747
18.1075675448195
18.2366980893864
18.188621328171
18.5393493813652
18.1739020284488
17.923505597172
17.9521597508627
18.2485354768117
18.1000294587998
18.1742218668462
18.1416084504671
18.0800580759195
18.1502137867183
17.8456703981146
18.28375136773
18.3872174059423
18.2326041578992
17.907624779059
18.1651586566787
18.2650795387594
17.9535199057318
18.0809031226328
18.0713349044693
18.207629829139
18.2863336419493
18.3872241393822
17.9504629239963
18.6182181634543
18.0504444070365
18.0331327329349
18.0185110680919
17.9874598097803
18.1611623600707
18.4016034003872
17.9186878208905
18.246882417305
18.2675574446596
18.0024619139803
18.0997601212019
17.9479143169767
18.0095219257638
17.9406859691945
18.0901447689589
17.9906750273546
17.8756779732346
18.0205883343153
18.1559439441125
18.0653051089976
18.1644011446848
17.9287307465702
17.8205344667957
18.0599351906405
18.1836453160508
17.9249398198805
18.2392365962461
17.6307659287939
18.3189268580086
18.1281786044946
17.7652293577982
18.1792450130461
18.0377687063379
17.820494066156
17.9031167410151
18.1018878882249
18.2183494655332
17.8735199057319
18.3489647336083
18.1040223886878
17.9901902196785
17.5570078276239
18.1190211261678
17.7761610975507
17.8701161518391
17.9303467721572
18.2672746401818
17.4850340880397
18.4851721235586
17.7412751451898
18.1348851106809
18.16124652807
17.9994049322448
18.0902121033583
18.1850492382796
17.9463656257891
18.1895909435233
18.0650391381197
17.9141191818871
18.0759776113122
18.1410967090312
17.850498274556
17.8229282046966
17.7253875936369
17.9332859186937
17.9123280868614
17.897618887299
17.768252672334
17.7721782678226
17.4656384142749
18.0331327329349
17.8448017843616
17.8825494486996
17.8979858597761
17.5781205285751
17.7628995875768
18.0588342732093
18.0509864489521
17.7985396852117
18.1865305950678
17.8639112869287
17.9235931318913
17.9508467300732
17.77749768538
18.0241738910866
17.692875178857
17.9294444912045
17.6496532278428
17.6649246696406
17.9007095362343
17.4677156804983
17.9074934769801
17.9489748337682
17.6502895379177
17.8530738153354
17.9821841595825
17.719381365205
17.8559321605925
17.7562637825099
17.8344726874842
17.8459835030721
18.035257133238
17.7485539937716
17.8794520663244
18.1150551300396
17.7652663917179
17.9149204612407
17.6181440956149
18.14250399798
17.5544255534046
17.433001430856
17.9522102516623
18.1225898493393
17.4618912549449
17.6162014981904
18.1069884689841
17.9645694806835
17.6348531268412
17.2575885868193
18.234752125242
17.3776559212187
17.3525098897399
18.187621412339
18.1122573857419
17.80374800101
17.124256375726
17.5925772241394
17.9480119518559
17.9075473444996
17.6420680077435
17.9682223718542
17.9219030384648
17.5567957242656
17.6276449793789
17.7082240552142
17.7956072721151
17.4681398872149
17.6759641444323
17.406754481946
17.8167637404259
17.6841991414864
17.523502230452
17.3953211009174
17.7276096288191
17.7852815419577
17.9582636141739
17.8388325898493
17.3739592626883
17.8107440451141
17.4072763235418
17.3420360239037
17.5598325056814
17.7479951182561
17.6740686810874
17.7826689672586
17.7280136352159
17.9825410318997
17.7761610975507
18.1681079033751
17.3203341469573
17.467119771063
17.6496532278428
17.3868403333053
17.7505773924754
17.4801725443986
17.6591776786466
17.1563513172292
17.5199301405606
17.7262696742698
17.2735502062116
17.1996136688831
17.871621075667
17.37625536571
17.6743245518054
17.322879387257
17.654622506523
17.4554742866762
17.493248884774
17.4563631007491
17.8459262688326
17.2234904469321
17.4097845299217
17.0999183570407
17.999627135763
17.6024787475802
17.5528903290969
17.2450475549196
17.3472409729821
17.6181440956149
17.6100505007996
17.5966408551469
17.7783090648935
17.8356173722751
17.5461804561906
17.1910352663917
17.1408004376736
17.2226454002189
17.2075725948994
17.8029467216564
18.0891549532868
17.2677863816177
17.5104932244761
17.6459128019527
17.4758463092332
17.4405294167158
17.6702844878377
17.2164405353085
17.5308989142328
17.8766947226665
17.5816353842269
17.6451418230789
17.2627060011784
17.5063050248296
17.2988006060096
17.0093636899251
17.5787097045703
16.9250105209999
16.947375641781
17.4638338523693
17.2849869539601
17.3338582610891
17.3012650450299
17.4206489352748
17.4050206211598
17.2380447773756
17.3477729147378
17.5893519064052
17.3255121622759
17.3666703139467
17.0312911371097
17.3024231967006
17.4644095614847
17.4710824004713
17.4615074488679
17.4072763235418
17.1866080296271
17.4126395084589
17.344005555088
17.4074446595405
17.4038052352496
17.0172620149819
17.3485304267318
17.479007659288
17.4707793956738
17.3304511404764
17.3094394411245
17.1545400218837
17.2456165305951
17.2933263193334
17.6144407036445
17.198128945375
17.5400900597593
17.4223962629409
17.0821757427826
17.3726428751789
17.6927876441377
17.2973057823416
17.1682627724939
17.3618828381449
16.9833288443734
17.1616572679067
17.1910352663917
17.3525098897399
17.1996136688831
17.1566846225065
16.7535098055719
17.2893636899251
17.3267039811464
16.8780111101759
17.3580178436159
17.2197702213618
17.2852663917179
16.9439146536487
17.1557587745139
17.1431941755745
17.1472039390624
17.1469278680246
17.317001094184
16.9153581348371
17.3164354852285
16.947375641781
17.274253850686
17.2153429845973
17.2812633616699
17.4015528995876
16.9694815251242
17.3269834189041
17.0072796902618
17.0536326908509
17.0043371770053
17.1258522009932
17.097379850181
17.2960701961115
17.0662006565104
17.1682055382544
17.5702424038381
17.0279143169767
17.5090792020874
17.2469598518643
16.9867898325057
17.630372022557
17.1390598434475
17.2287829307298
17.3674446595404
17.154004713408
17.2973899503409
16.8770448615437
17.1287408467301
17.1020764245434
16.9608054877536
17.0172620149819
17.083505597172
17.0821757427826
17.1391170776871
16.9711951855904
16.9904258900766
16.8645677973235
16.9972737985018
17.100622001515
17.2286549953708
16.8372973655416
17.3722052015824
16.9668655837051
16.9079614510563
16.995630839155
17.1787433717701
17.3175364026597
16.8734525713324
16.9234584630923
17.1993106640855
17.1217212355863
17.1385245349718
16.9439483208484
16.9087189630503
17.3187046544904
17.1442075582864
17.2082762393738
17.0264632606683
16.8790446932076
17.1503518222372
17.1730603484555
16.9514089723087
16.8740181802879
17.1130586650955
17.0776071037791
17.0950568133996
16.9482038548944
17.1420663243835
17.1714140223887
16.8407381533541
16.8611034424712
17.0195412844037
17.1224686474202
17.0294899419241
16.9114291726286
16.8289041326488
17.2698131470415
17.0604031647168
17.070745728474
16.7313096540695
16.9627581853379
16.8945383385237
17.0379134752967
16.8412296944702
16.7115739415874
16.8851519232388
16.995630839155
16.947375641781
16.8816539011868
17.0606826024745
16.8896767948826
16.8289041326488
16.8770448615437
16.9557015402744
17.0139020284488
16.9392955138457
17.0303989563168
16.7742016665264
16.8766408551469
16.8056737648346
17.0207095362343
17.0206152680751
16.779130544567
16.9862713576298
16.9993645316051
16.7336899250905
16.8016909351065
16.8321866846225
16.9608054877536
16.9608054877536
17.0395968352832
16.9250105209999
16.7952436663581
16.8292744718458
16.8595244508038
16.9514089723087
16.7854027438768
16.9554759700362
16.997879808097
16.8665137614679
17.0099225654406
16.5784572005724
17.0499090985607
16.7106144263951
16.9634348960525
16.990250820638
16.648245938894
16.8848455517212
16.9178124736975
16.864005555088
16.7895337092837
16.7328112111775
16.7884226916926
16.7863050248296
16.8546965743624
16.6311901355105
16.9352689167578
17.0782871812137
16.7314712566282
16.871631175827
16.7867157646663
16.8762267485902
16.5699898998401
16.8471483881828
16.84375810117
17.0784656173723
16.5162368487501
16.8986861375305
16.7153244676374
16.8662713576298
16.9647714838818
16.8210192744719
16.8016539011868
16.8917405942261
16.8915655247875
16.8545922060433
16.8945821058834
16.8260255870718
16.6989150744887
16.8896767948826
16.6545417052437
17.0293047723256
16.6665137614679
16.7854027438768
16.9428676037371
16.5989234912886
16.8436772998906
16.7828979042168
16.8752638666779
16.9348009426816
17.0236958168504
16.6001355104789
16.7364506354684
16.8329172628567
16.7344171366047
16.7292660550459
16.8718331790253
16.8490472182476
16.7700269337598
16.9757671913139
16.8540871980473
16.4344255534046
16.6131478831748
16.9337336924501
16.6040476390876
16.8422733776618
16.8124139382207
16.94125494487
16.7267713155458
16.6715402743877
16.6700151502399
16.6292643716859
16.8643018264456
16.7636166989311
16.7663370086693
16.9333869202929
16.5668016160256
16.6849802205202
16.5749187778807
16.9335417894117
16.7724476054204
16.78125494487
16.8821454423029
16.7035308475718
16.8882055382544
16.4851822237185
17.1385447352916
16.5156914401145
16.5986137530511
16.8843540106052
16.7577619728979
16.6334054372528
16.8113231209494
16.9287071795304
16.7110891339113
16.6662949246696
16.7690270179278
16.5009957074321
16.7535098055719
16.7884226916926
16.8697121454423
16.6694764750442
16.5989234912886
16.8190733103274
16.7696969952024
16.6955449877956
16.5365617372275
16.5852916421177
16.9150921639593
16.8307255281542
16.7663370086693
16.7328112111775
16.4601843279185
16.6118180287855
16.7402078949583
16.6948447100413
16.6070642201835
16.6190531100076
16.5642900429257
16.8064178099487
16.3819181887047
16.4730451982157
16.6652377745981
16.6050239878798
16.6436671997307
16.7325822742193
16.9810125410319
16.7536512078108
16.5937286423702
16.5603173133575
16.6908820806329
16.6228878040569
16.3782652975339
16.6219720562242
16.6507171113543
16.7518870465449
16.7524055214208
16.5803122632775
16.6444785792442
16.5566879892265
16.6903198383974
16.4454650281963
16.8956695564347
16.4343514855652
16.6587635720899
16.5299528659204
16.3120924164633
16.6348901607609
16.6665137614679
16.5097188788823
16.8162957663496
16.3890287012878
16.6807415200741
16.7437766181298
16.7050997390792
16.7603274135174
16.5772990489016
16.4643388603653
16.7415983503072
16.7134929719721
16.607121454423
16.500248295598
16.5029719720562
16.427119771063
16.5102777543978
16.5603173133575
16.5917995118256
16.4283856577729
16.5493047723256
16.5939643127683
16.5463521589092
16.5989234912886
16.5750433465197
16.4044314451646
16.4410209578319
16.4188881407289
16.5832615099739
16.4711834020706
16.3257646662739
16.6266080296271
16.6908618803131
16.6724324551805
16.3799082568808
16.4713887719889
16.3450559717195
16.5093485396852
16.7588830906489
16.6605546671156
16.3611185927111
16.3305319417558
16.6021185085431
16.4445661139635
16.5749187778807
16.381120276071
16.2985481020116
16.7781945964144
16.5264885110681
16.5160584125915
16.5252192576382
16.3279227337766
16.660746570154
16.5466012961872
16.540749936874
16.4574303509806
16.3580548775356
16.4785194848918
16.6801422439189
16.492124400303
16.5236335325309
16.5718685295851
16.4730451982157
16.3679261004966
16.4275608113795
16.4243287602054
16.6380750778554
16.5685893443313
16.2572956821816
16.282744718458
16.8900235670398
16.1509005975928
16.287629829139
16.4567199730662
16.3356358892349
16.5053421429173
16.5382854978537
16.3080590859355
16.4936629913307
16.4990295429678
16.3929206295767
16.3416421176669
16.1996439693629
16.5274446595405
16.1993342311253
16.7838843531689
16.2876567628988
16.3727001094184
16.3309797155122
16.361748169346
16.2378697079371
16.4552588165979
16.3732118508543
16.3049415032405
16.4648169346015
16.2939491625284
16.6173360828213
16.5162368487501
16.3276803299386
16.44125662823
16.4065592121875
16.3005142664759
16.7074126757007
16.3733633532531
16.3511329012709
16.5717136604663
16.1557385741941
16.5773966837808
16.6153665516371
16.2430443565356
16.55625368235
16.3972805319418
16.2236385826109
16.3541158151671
16.1982871812137
16.3364573689084
16.2378697079371
16.1641149734871
16.4324324551806
16.338130628735
16.1993342311253
16.4023440787813
16.6634466795724
16.1317405942261
16.3797230872822
16.3218660045451
16.3732118508543
16.4025157814999
16.1283974412928
16.3296397609629
16.1253943270769
16.2916564262268
16.6127405100581
15.7125502903796
16.5728448783773
16.0975549196196
16.3009519400724
16.49749768538
16.4769707937043
16.1792349128861
16.2789504250484
16.3526176247791
16.2903972729568
16.3570751620234
16.3413458463093
16.4020141402239
16.6208947058329
16.2319577476644
16.5592298628062
16.3139239121286
16.2871416547429
16.3467123979463
16.2623625957411
16.2757789748338
16.3924021547008
16.2882863395337
16.3487189630503
16.0552857503577
16.4914880902281
16.1881095867351
16.1163378503493
16.3408576719131
16.0993190808855
16.3564119181887
16.2146965743624
16.199502567124
16.2292408046461
16.2453438262773
16.2378697079371
16.2757789748338
16.262631933339
16.1943211850854
15.9977855399377
15.9724476054204
16.0979858597761
16.2397752714418
15.9645863142833
16.2223457621412
16.2886768790506
16.0539121286087
16.1439752546082
16.4577131554583
16.2087273798502
16.1850896389193
16.2470743203434
16.3024871643801
16.1335451561316
16.1163378503493
16.3080590859355
16.27125073647
16.1346965743624
16.0358328423534
16.3185868192913
16.2538279606094
15.8459431024325
16.2104679740763
16.1147723255618
16.171494823668
16.098130628735
16.2547807423618
16.0598543893612
16.3470457032236
16.2816370675869
16.2694899419241
16.2098484976012
16.3846654322027
16.4281432539348
16.2549356114805
16.3045610638835
16.2362065482704
16.1931461998148
16.2818996717448
16.1866618971467
16.0798897399209
16.0421454423029
15.9797129871223
16.0843472771652
15.9732387846141
15.8199755912802
15.9315655247875
15.9027767022978
16.3698821648009
16.0753413012373
16.2329172628567
16.1439752546082
16.1514527396684
16.1282089049743
16.0747251914822
16.025621580675
16.2005092163959
15.9974455012205
16.0959759279522
16.0464548438684
16.1217044019864
16.0453067923576
15.8938851948489
16.2319577476644
16.2599856914401
16.1147723255618
16.2703383553573
16.1975498695396
16.0272780069018
16.343877619729
16.0733448362932
16.3367772073058
15.8273655416211
16.0539121286087
16.0760718794714
16.0365263866678
15.9408610386331
16.26375641781
15.9727910108577
16.1556712397946
16.126879050585
16.1278284656174
16.2252950088376
16.0647698005218
15.9645863142833
16.2101548691188
16.2193594815251
16.1900824846393
16.1850896389193
15.8275406110597
16.2236183822911
15.9748581769211
16.1437362174901
15.9464632606683
16.0682105883343
16.1029686053363
16.1015141823079
15.9408610386331
16.0571913138625
16.1297205622423
16.12749516034
15.8374690682602
15.8236183822911
15.8371054625032
16.0904747075162
15.9726058412592
16.2072359229021
15.9711682518306
15.987745980978
16.0232009090144
15.9814805151082
16.1177384058581
16.1650307213198
15.8729475633364
16.1157049069944
16.0019939399041
15.7800900597593
15.9105975927952
16.1083452571332
16.0285472603316
15.7082947563337
16.1113887719889
15.8972182476222
16.1075338776197
15.8998947900008
15.9564556855483
16.1258421008333
15.9602634458379
16.0642445922061
16.069129702887
16.0272376062621
15.8787787223298
16.0560331621917
15.957250231462
15.9813357461493
16.1015714165474
16.003875936369
15.9758547260332
16.0056973318744
15.8696380776029
15.9930350980557
15.9111968689504
15.8099595993603
15.825746149314
15.9901430855989
15.8548312431614
15.8367182897063
15.8060575709115
15.8713854052689
16.0591810453666
15.759630502483
15.9645863142833
15.974130965407
15.8124139382207
15.8864279101086
15.9755113205959
15.8055222624358
15.810505007996
15.9040425890077
15.8281836545745
15.8409266896726
16.1137858766097
15.9243405437253
15.7125502903796
15.8897070953624
15.9464632606683
15.9714847235081
15.9959405773925
15.8408189546334
15.8851384563589
15.9032379429341
15.9496852116825
15.9919341806245
15.7632059590944
15.8964068681088
16.0150702802794
15.777871391297
15.8898148304015
15.9650711219594
15.9081567208148
15.8930233145358
15.8605445669556
15.8618912549449
15.7339794630082
15.8199755912802
15.9464632606683
15.697376483461
15.7912776702298
15.8833978621328
15.6034382627725
16.0093030889656
15.7405614005555
15.8918415958253
15.8919223971046
15.8513062873496
15.7001573941587
15.900376230957
15.9756560895547
15.8152285161182
15.7980784445754
15.7188022893696
15.836502819628
15.8187602053699
15.8184033330528
15.8376138372191
16.0539491625284
15.8863067081896
15.7824534971804
15.8276921134585
15.5850930056393
16.0430140560559
15.8158042252336
15.87249642286
15.8680725528154
15.8132387846141
15.7716934601465
15.7264077097888
15.9563445837892
15.7247849507617
15.7481870212945
15.6634365794125
15.6293451729653
15.8118988300648
15.89375052605
15.8099595993603
15.7800900597593
15.7709696153522
15.9767671071459
15.8188511068092
15.7242193418062
15.841495665348
15.801630334147
15.8820276071038
15.8713652049491
15.9119745812642
15.6592786802458
15.8919358639845
15.638630586651
15.7063016581096
15.7051569733188
15.6570229778638
15.780120360239
15.7738414274893
15.7800900597593
15.8399032068008
15.7304747075162
15.7145972561232
15.73499957916
15.8132387846141
15.5782686642539
15.7241688410066
15.6924274051006
15.649124652807
15.6329744970962
15.6470642201835
15.6173057823416
15.9430527733356
15.7614788317482
15.5113079707095
15.5940585809275
15.7825275650198
15.7428507701372
15.7393359144853
15.8233153774935
15.9403627640771
15.7052041073984
15.8077173638583
15.7074463429004
15.6216825183066
15.7519611143843
15.6966896725865
15.9265592121875
15.7937993434896
15.6782164800943
15.9276702297786
15.7470894705833
15.7036486827708
15.6604906994361
15.820494066156
15.7056417809949
15.7987282215302
15.7779824930562
15.7381339954549
15.7211354263109
15.6894512246444
15.7606943859944
15.7125267233398
15.5588460567292
15.5903417220773
15.6095690598435
15.5659027017928
15.7088199646495
15.7642395421261
15.6666686305867
15.7200648093595
15.6574000505008
15.5874564430603
15.7742723676458
15.6477678646579
15.58375305109
15.6712978705496
15.5849920040401
15.6362604157899
15.5587719888898
15.6981878629745
15.4952823836377
15.6581003282552
15.7788309064894
15.5596103021631
15.6075119939399
15.6566425385069
15.7127354599781
15.6058993350728
15.8750416631597
15.5922136183823
15.7154860701961
15.5836756165306
15.6839870381281
15.7478267822574
15.6771660634627
15.5431571416547
15.6521143001431
15.7464666273883
15.7339154953287
15.6455289958758
15.6966896725865
15.5588460567292
15.6384723508122
15.7989605252083
15.6498148304015
15.7074463429004
15.6570566450636
15.5859515192324
15.6166593721067
15.626749431866
15.6569556434644
15.6504848076761
15.6744794209242
15.7082038548944
15.4746612238027
15.5764405353085
15.6569152428247
15.6470642201835
15.6111413180709
15.5900420839997
15.5987416884101
15.5589706253682
15.627756081138
15.6167940409057
15.6825157814999
15.4740417473277
15.4560297954718
15.5974657015403
15.5903417220773
15.6660828213113
15.6178646578571
15.5691684201666
15.8100303004798
15.4331697668547
15.5764169682687
15.5490522683276
15.6569556434644
15.613252251494
15.5085135931319
15.5350601801195
15.4996995202424
15.6923903711809
15.4420814746234
15.6482594057739
15.5253269926774
15.6218811547849
15.5596574362428
15.3004671323963
15.7670574867435
15.8481516707348
15.5897087787223
15.6159119602727
15.5875237774598
15.818379766013
15.4669817355442
15.5389554751284
15.5801607608787
15.4844449120444
15.7384807676122
15.5345551721236
15.4866130797071
15.6094916252841
15.6542286002862
15.6094007238448
15.5698282972814
15.5387299048902
15.3463891928289
15.5094933086441
15.5524930561401
15.4027682854979
15.7873453413012
15.579500883764
15.5203880144769
15.4819636394243
15.4774421345005
15.3297676963219
15.4988982408888
15.4886432118509
15.4665204949079
15.5671113542631
15.6842227085262
15.5980380439357
15.675879976433
15.5370532783436
15.4709241646326
15.623123474455
15.5354237858766
15.5558328423533
15.6054953286761
15.4705336251157
15.4980599276155
15.4591911455265
15.5128398282973
15.5454498779564
15.3354742866762
15.5103484555172
15.5936545745308
15.5746629071627
15.4774758017002
15.4406438851948
15.6017717363858
15.509368740005
15.4659784529922
15.4986154364111
15.6075153606599
15.4602583957579
15.5380228936958
15.5645492803636
15.6039331706085
15.3945097214039
15.46500547092
15.5676769632186
15.4711463681508
15.4641368571669
15.4295471761636
15.4983393653733
15.3890455348877
15.4318230788654
15.3495943102432
15.4460878713913
15.5079277838566
15.2872258227422
15.4620461240636
15.3733128524535
15.3593207642454
15.5154456695564
15.372006565104
15.6369741604242
15.3788544735292
15.5236806666106
15.5182838144937
15.5126344583789
15.5167586903459
15.4603694975171
15.5053320427573
15.323128524535
15.5089074993687
15.4644903627641
15.6175650197795
15.5428137362175
15.5392079791263
15.3936983418904
15.4708871307129
15.4422329770221
15.3819855231041
15.4445358134837
15.3405647672755
15.4910504166316
15.6077880649777
15.3132303678142
15.3354742866762
15.4769068260248
15.5136680414107
15.4874581264203
15.4180262604158
15.3417734197458
15.3337841932497
15.4456333641949
15.4854683949163
15.4599351906405
15.4544003030048
15.4870608534635
15.5235830317313
15.4684428920125
15.3870962040232
15.3918028785456
15.4607061695144
15.4560297954718
15.3936983418904
15.4318230788654
15.4407078528743
15.4237193838902
15.2217397525461
15.3440526891676
15.5208997559128
15.3513988721488
15.3870221361838
15.4229046376568
15.462258227422
15.2619215554246
15.3768007743456
15.3674244592206
15.2962688325898
15.3128903290969
15.4057882333137
15.4437783014898
15.3156544061948
15.4411488931908
15.4509292147126
15.3405647672755
15.318997559128
15.4422329770221
15.51124400303
15.3585228516118
15.3135771399714
15.3473285077014
15.3116076087871
15.2874143590607
15.3766560053868
15.343995454928
15.3213037623096
15.4988006060096
15.4027682854979
15.5193072973655
15.3267039811464
15.3105100580759
15.4956493561148
15.3307911791937
15.4494714249642
15.4214502146284
15.5630645568555
15.2891549532868
15.4280893864153
15.3544423870045
15.3476584462587
15.300369497517
15.3700471340796
15.249370423365
15.3373091490615
15.3389117077687
15.3116076087871
15.3274345593805
15.3004671323963
15.3987282215302
15.3001405605589
15.3138969783688
15.4674429761805
15.3588898240889
15.3245290800438
15.3235156973319
15.2942993014056
15.3627918525377
15.400876188873
15.4668504334652
15.3308046460736
15.2095589596835
15.3130552983756
15.3539710462082
15.472752293578
15.2618575877451
15.3017262856662
15.2996591196027
15.3296801616026
15.2663252251494
15.3895135089639
15.403872569649
15.4034550963724
15.3080220520158
15.2962688325898
15.3128903290969
15.3231655584547
15.3067258648262
15.2828356198973
15.2951746485986
15.3363092332295
15.3126546586988
15.294248800606
15.5161594141907
15.2296885784025
15.3307137446343
15.271631175827
15.2907036444744
15.3022077266224
15.3470962040232
15.3231655584547
15.205626630755
15.349378840165
15.4428861206969
15.3969505933844
15.2968209746655
15.308250988974
15.305497012036
15.2511817187105
15.2224097298207
15.1950551300396
15.3459144853127
15.3809216395926
15.2205984344752
15.2819737395842
15.2756712397946
15.315873242993
15.3356022220352
15.2844213450046
15.2494343910445
15.3143615857251
15.2482257385742
15.2130334146957
15.3216000336672
15.2709578318323
15.2886061779312
15.386870633785
15.2891549532868
15.3412044440704
15.262877703897
15.3528936958168
15.2102659708779
15.2150601801195
15.2622615941419
15.3150517633196
15.2500168335999
15.2046637488427
15.4908416799933
15.2367957242656
15.2730216311758
15.3527287265382
15.2135586230116
15.3116076087871
15.3305891759953
15.3732825519737
15.2710756670314
15.1967317565862
15.4175347192997
15.2924678057403
15.2613155458295
15.1931899671745
15.1817734197458
15.2454751283562
15.2739845130881
15.2380313104958
15.2677897483377
15.2007617203939
15.2892795219258
15.274378419325
15.1880153185759
15.36125662823
15.3395446511236
15.3158631428331
15.2924072047807
15.2046637488427
15.1668117161855
15.3255491961956
15.2905689756755
15.2092626883259
15.1974387677805
15.1808408383133
15.235624105715
15.2461888729905
15.204751283562
15.2134508879724
15.1257882333137
15.2319308139046
15.21249810622
15.2948649103611
15.2175818533794
15.2882560390539
15.2189453749685
15.3125974244592
15.2464649440283
15.2416774682266
15.1938666778891
15.2617801531858
15.279620402323
15.2105891759953
15.2568344415453
15.2946124063631
15.2181440956149
15.3036554162108
15.2475658614595
15.1808846056729
15.3350702802794
15.2816606346267
15.2235678814915
15.2177198888982
15.2484142748927
15.2247361333221
15.2767216564262
15.2028995875768
15.1047698005218
15.1746427068429
15.1961526807508
15.214494571164
15.1985666189715
15.2388460567292
15.2130502482956
15.2281365204949
15.2375734365794
15.1605832842353
15.2079059001768
15.2055390960357
15.2103333052773
15.4112052857504
15.1808408383133
15.1817734197458
15.2107171113543
15.1652024240384
15.1822110933423
15.1617347024661
15.1100420839997
15.3772216143422
15.230621159835
15.2308500967932
15.1626437168589
15.2657394158741
15.1645492803636
15.2948312431614
15.2213492130292
15.2060542041916
15.2718567460651
15.1978192071375
15.2435594646915
15.113129366215
15.1472409729821
15.2483402070533
15.2143599023651
15.1891802036866
15.1383326319333
15.2192147125663
15.4348362932413
15.3897256123222
15.1254111606767
15.1950315629998
15.1790935106472
15.4754052689168
15.1437934517297
15.1808408383133
15.1596103021631
15.1156005386752
15.183248043094
15.172255702382
15.1635560979716
15.2141982998064
15.1797264540022
15.0787921892097
15.1219333389445
15.2464918777881
15.2028995875768
15.1950551300396
15.389503408804
15.1676836966585
15.1656703981147
15.2050913222793
15.1088569985691
15.1103888561569
15.1124728558202
15.2195581180035
15.1314005555088
15.17000336672
15.3244348118845
15.1101195185591
15.2321597508627
15.247000252504
15.3580077434559
15.2820612743035
15.1667915158657
15.1545568554835
15.1807836040737
15.1542403838061
15.1454061105968
15.0765903543473
15.1593241309654
15.141871054625
15.2517069270264
15.169626294083
15.1722085683024
15.1874766433802
15.2281634542547
15.0701868529585
15.1702592374379
15.1664548438684
15.2032665600539
15.1700841679993
15.1951527649188
15.2492054540864
15.1522371854221
15.1038203854895
15.1945534887636
15.1332758185338
15.1350063126
15.0783545156132
15.1559136436327
15.2290219678478
15.0635544146116
15.1275119939399
15.1179538759364
15.1982299469742
15.1387130712903
15.1351746485986
15.0951611817187
15.137753556098
15.1406523019948
15.1127960609376
15.2134407878125
15.1142740510058
15.1075574446595
15.1224349802205
15.1915268075078
15.1331041158152
15.1141562158068
15.0243152933255
15.1779858597761
15.1913584715091
15.1194318660046
15.1760466290716
15.0922119350223
15.122007406784
15.1305790758354
15.2449802205202
15.0766610554667
15.0470574867435
15.1551864321185
15.2078116320175
15.2181979631344
15.1790228095278
15.1362351653901
15.1148396599613
15.1624585472603
15.1616640013467
15.1413593131891
15.1511026007912
15.1254481945964
15.0765230199478
15.2340451140477
15.0001456106388
15.0375061021799
15.1471635384227
15.1320435990237
15.0942824678058
14.9986945543305
15.1255188957159
15.0910571500715
14.9976205706591
15.0972923154617
15.0977232556182
15.1042311253262
15.1085842942513
15.1161627809107
15.0937336924501
15.2142589007659
15.1189201245687
15.2010108576719
15.1161897146705
15.1188561568892
15.1132808686138
15.0947908425217
15.1288048144096
15.156132480431
15.0161846645905
15.111375305109
15.0286852958505
15.0858623011531
15.1996574362427
15.0394318660045
14.9654683949163
15.144379261005
15.0375061021799
15.1127960609376
15.1093216059254
15.0764354852285
15.1041806245265
15.1123381870213
15.1101195185591
15.0818357040653
15.0104780742362
15.0635544146116
15.0951611817187
15.0446906826025
15.2178915916169
15.1219333389445
15.1688519484892
15.0855390960357
15.1401573941587
15.1362048649104
15.1362351653901
15.0922119350223
15.0768428583453
14.972871812137
15.1171357629829
15.0292172376063
15.0204839659961
15.0482358387341
15.113371770053
15.0596961535224
15.1102878545577
15.0608879723929
15.1654178941167
14.8898989984008
15.0887576803299
15.0728869623769
15.0914544230284
15.1115604747075
15.0614199141486
15.0801052099992
15.0540333305277
15.0796035687232
15.0986390034509
15.0820579075835
15.0378562410572
15.1259599360323
14.9598392391213
14.9213037623096
15.0137336924501
15.0880574025755
15.0514308559886
15.0591844120865
14.9913281710294
15.1047698005218
15.0394318660045
14.9873992088208
14.9774505513004
15.0104949078361
15.0243152933255
14.9900151502399
15.1395648514435
15.1270305529838
15.0394857335241
15.1555769716354
15.1008071711136
15.0903131049575
15.1503484555172
15.0914207558286
14.9289394832085
15.0320553825436
15.1250711219595
15.1114190724687
15.0286852958505
15.0608879723929
15.0536057570912
15.0165920377073
14.9876921134585
14.9973579665011
14.9640375389277
15.1450862721993
15.0091549532868
14.9615966669472
14.9898198804814
15.0608475717532
14.8106733439946
15.0819367056645
14.9062713576298
15.0892054540864
14.9325856409393
15.0529021126168
15.0524442387004
15.0180935948153
15.1680944364952
14.9580212103358
15.0871416547429
14.9750635468395
15.0756544061948
15.0149255113206
14.8870608534635
14.9623238784614
15.1187383216901
15.012996380776
15.0243186600455
15.0390850938473
15.0251771736386
14.9821774261426
15.0861585725107
14.9021875263025
15.0105218415958
14.9577788064978
14.9966105546671
15.1412381112701
14.963381028533
15.0204839659961
14.9683570406532
15.1691751536066
15.0226386667789
14.9329559801364
14.9725923743793
15.0227733355778
15.0515924585473
14.9630106893359
14.9598897399209
14.952748926858
14.8981474623348
15.0602247285582
14.9791473781668
15.1200311421597
14.9903282551974
15.0466501136268
14.8675574446596
14.8628676037371
14.9051165726791
15.0661198552311
15.0186895042505
14.8743582190051
14.9864598939483
14.9662158067503
14.7643068765256
14.9664918777881
14.9738380607693
14.9976205706591
14.9864026597088
14.9640375389277
14.8662646241899
14.989254271526
15.0076937968184
15.0034281626126
14.8847075162024
14.9019181887047
15.0508854473529
14.8882897062537
14.9706834441545
14.8678503492972
14.899005975928
15.0197702213619
14.9654683949163
14.8864346435485
14.9726765423786
14.9512103358303
14.8813273293494
14.9063858261089
15.0702003198384
14.9873992088208
14.9577788064978
14.9548463934012
14.9983006480936
14.9879176836967
14.9325856409393
15.0099393990405
14.8418390707853
15.0281028532952
14.8598611228011
14.9272965238616
14.887623095699
14.9046721656426
14.8834685632523
15.0631605083747
14.9618592711051
14.8673655416211
14.9214384311085
14.8584538338524
15.1565196532279
15.0261972897904
14.8551073141992
14.9004940661561
14.8290556350476
15.091121117751
14.8936562578908
14.947368908341
15.0574707516202
14.7737808265298
14.8133094857335
14.9602129450383
14.9511733019106
14.9019181887047
14.8870608534635
14.9183612490531
14.9133246359734
14.8708972308728
14.8791961956064
14.9476954801785
14.9213643632691
15.0071450214629
14.9205967511152
14.9611152259911
14.9786491036108
14.9379117919367
14.8953126841175
15.1931630334147
14.7874429761805
14.8253320427573
14.8448623853211
14.8981878629745
15.1884024913728
14.8802331453581
14.9594587997643
14.9779555592964
14.7969707937042
14.9039314872485
14.9675220940998
14.907877283057
14.9636705664506
14.9174488679404
15.0377182055383
14.7981323120949
14.9935131722919
14.6929458799764
14.7748312431613
14.8071753219426
14.8141747327666
15.0336916084505
14.94500547092
14.6891650534467
14.9842008248464
14.9660340038717
14.9364843026681
14.7674143590607
14.9148059927616
14.7900151502399
14.8518213955054
14.8678537160172
14.8824147799007
14.9015983503072
14.8522961030216
14.7777367224981
14.7199739079202
15.0266955643465
14.8453000589176
14.9138128103695
14.9271483881828
14.8791961956064
14.8349271946806
14.7468302331454
14.8904343068765
14.8860205369919
14.898123895295
14.874502987964
14.8878284656174
15.0387349549701
14.8304763908762
14.8319644811043
14.7977114720983
14.8290556350476
14.8106733439946
14.8718365457453
14.8137639929299
14.8687189630502
14.8927438767781
15.0035459978116
14.7665726790674
15.013622590691
14.8743077182056
14.8728431950173
14.7971626967427
14.6776710714586
14.8050206211599
14.7902339870381
14.6250223045198
14.8458959683528
14.7599436074404
14.8030409898157
14.7915975086272
14.7631083242152
14.7575229357798
14.8378427741773
14.814508038044
14.8311632017507
14.7895606430435
14.761620233987
14.830499957916
14.8021151418231
14.7909039643128
14.7175801700194
14.8534239542126
15.0043876778049
14.7660878713913
14.7559877114721
14.8066837808265
14.7974657015403
14.8423407120613
14.7961594141907
14.8071988889824
14.9105841259153
14.9422346603821
14.7168563252252
14.6752604999579
14.6870204528238
14.9257074320344
14.7207112195943
14.9186137530511
14.8254229441966
14.8671837387425
14.8911648851107
14.8450374547597
14.9563950845888
14.6266652638667
14.8304763908762
14.8137639929299
14.7171896305025
14.8527943775777
14.8246755323626
