6.01285948596127
6.10735477210761
5.73135549631674
5.37381191650711
5.52033338906724
6.08926373192441
5.66543376246678
6.23877219257387
5.33264591909024
5.20781094256236
5.77649410984155
5.49881065852867
5.5591585729728
6.04362910104192
5.57052801528484
5.31146107878015
5.90902398470003
5.73894964778158
14.6884831897088
6.44685683353171
5.54033083534068
5.11813626850034
5.14109208742907
5.63660588987886
5.21887237673148
5.69730794644819
5.37996918972716
5.69811462098525
5.28698092399449
5.83079364729603
5.31462264635721
6.2976095724822
5.59202301668715
5.59045567120341
5.36545150781765
14.6977587412565
5.14322477204419
5.3096382839214
6.07187677247369
5.82369659881176
5.79470646531771
5.3316634237112
5.85385829020278
5.69874369437064
5.38556509556762
5.23265662833845
5.70367826080575
5.8520148009971
5.26277199884282
5.59884368056534
5.50533401128524
5.59410831579944
5.61921491200407
5.44633321837244
5.66306395177485
6.26507113030394
6.34889495150466
6.31403258386088
5.83045065463542
5.19429458037356
5.81217752292955
6.15422137138096
5.39674834037798
5.7668447005601
5.81574296820651
5.41718310506775
5.46608391912729
5.7692193577105
5.44949509419027
5.54966381864807
6.43078787216254
5.33435545649008
6.20442075805052
6.22912105501096
5.99762987224608
5.97367097877443
5.45533852084724
5.28865141319204
5.67223654601303
6.23458015297071
5.12005477605283
6.0518307574099
5.81561641697287
5.38422291291994
14.7431647642906
5.81594578214448
5.5684117959254
5.5358267297012
5.30231611149467
5.43548319333902
14.5402292458569
5.95012620650924
6.41574133996792
5.43043497834128
5.75630864469255
5.26673841915535
5.29229426125909
6.50796527457763
5.58543955355502
6.24123082527291
5.39671372323754
5.04464264584573
5.31719640124917
5.45573368594987
5.7563745813752
6.25502323710901
6.05160734152515
6.16918041832068
5.47241035985457
5.45695496482691
5.71539173559572
5.47668172293131
5.98739137391625
6.11104888647904
5.77734243882318
5.69129885905414
5.75043763259538
5.61379082736976
5.52681580059269
6.06293538842622
5.74165563403607
6.65040652662077
5.39743438598556
6.33084387066453
5.67891262812823
5.62112134235455
5.7014420425103
14.5717870768312
5.83906875205638
5.81901943011849
5.68727839372707
5.71915827150658
5.7745313096665
5.44189004109439
5.54246859369976
5.40686067321849
5.88133512028499
14.5851729635446
5.34693910913012
5.60766869057975
5.4740088756558
5.62133574050808
5.85014320759074
5.80536628354712
5.74459772405453
5.37231196276531
5.3692312429142
5.69700478789611
5.6469690626824
5.67600918955077
5.62910955967209
6.23952800699671
5.42879330625085
5.5036168551528
5.74875955281467
5.57086544335324
5.4840443431743
6.31730579527055
5.2875716497509
5.35155928225471
6.00209485013674
5.31670687192262
5.5075671616954
5.81938331801892
5.23440052803606
5.78959463326625
5.7066245507779
5.98707199959079
5.56343189906994
5.17778308969496
14.9433751769732
6.03841928205087
5.75457951937001
5.23961943460608
5.53025438732552
5.7873707583291
14.7385050050972
5.40080452541345
5.29957698221643
5.16081284797156
6.15559777310672
14.8558292842515
14.5421553456952
5.72191514000989
5.28693493871179
5
5.39397268415682
5.52186388827226
14.4859817491335
5.75846083138527
6.33152299208452
5.51307659057773
14.4464836797231
5.34660005509589
5.79295289753674
5.84867363861994
5.63290766509602
5.8229448696559
5.39596680565391
5.60707053525494
5.80700492183146
5.68568928347381
5.53307862711195
5.68952058947724
5.82597302189379
5.81609511309799
5.57051392436199
5.7972200829491
5.55225857886027
5.45738298517277
6.25402911466092
5.43550715239608
5.43524770530602
5.5515156504017
5.60282567005799
6.28893300133845
5.81754553304199
5.18250222514419
5.26333805310397
6.24580052444068
5.65595961943967
5.68824795562212
5.67431403574883
5.53377244868488
14.680078393687
5.48586501085693
5.69439520569703
5.82953333176773
5.44601069540348
5.36414065338242
5.39690850359079
5.31795634619887
5.73654356380518
5.89827697901947
6.12915434053597
5.30927458373164
14.6390522217622
5.56904486579508
6.3479002208537
6.12788780412527
5.71560918283919
6.20309003576645
5.72881482821959
6.11972221582684
5.46292922906246
5.53824750050359
5.61350238786224
5.37620610308128
5.83277062770474
5.5210382206725
5.62788468533558
5.59592491994848
5.47467076453683
5.64366416398772
5.67329709884269
5.57833382559922
5.49220827345483
5.77124864473152
5.18718375755168
5.80572623387311
14.7862005386645
5.74517787734829
5.47776678739234
5.65455326038458
5.76283840495218
5.16204324053838
5.82976676891029
5.71167573509369
5.63672855682395
5.35335041723867
5.63808890119697
5.63419679110676
5.12068664123027
5.62059322155319
5.56297314071326
5.0943073520098
5.75933188038485
6.0285447951169
5.87886514953248
5.63145688783836
6.10966611810684
5.2071641206921
5.28486453941274
5.50885314384932
6.13760401805825
5.56154099551982
6.30200862825789
5.71738711918621
5.68145033730165
14.7761926467835
5.47293005640713
5.48810503616956
5.59830079683718
5.76598859332903
5.26530024396275
5.753585893714
14.6876021282405
5.4812957204783
5.79232158062258
5.60952961761374
6.16316036217299
5.50514747110229
5.69966512246267
5.39536896835395
5.64535212327513
5.64336747230657
5.42761182840585
5.39866972913385
5.20596206269009
5.79074768568907
5.72387983880323
14.5014994738534
5.94340252592375
5.18986630684644
5.77076296794072
6.12563608862427
5.71082130979849
5.5871391755262
6.01445665598515
6.34300468114333
5.25428841932765
5.50022007348703
14.5630002748469
5.39716753908894
6.19954532772082
5.70819523368431
5.4541999425598
5.69212848961627
5.28570759210583
5.54259500636593
6.02073164995729
5.61798935290065
5.72561721038717
5.67316333176783
5.5843571067181
5.31102200358988
14.8182913217322
6.23986316168093
15
5.74133854100833
6.34625124384795
5.69766939125555
5.48443859978187
5.78211804629325
5.72724771174016
5.51407124665686
5.58803852642347
5.26819617172602
5.35602570544944
5.53837947083674
5.3791753400543
6.16331559451698
5.44548076786265
6.03605346414915
5.66930113154165
5.44127519650027
5.28258870264862
5.60640388707649
5.43097376917574
5.61939867112938
6.04488980386427
6.01657212187542
5.64309506396667
14.8115134054648
5.89819127197408
5.51941491408852
5.41462981074002
5.92875374924907
5.37022305225001
5.44219078488017
5.58873388154045
5.26460045636753
6.31736987901145
5.21259145676278
6.24921385447516
5.96458712595359
5.35331380820107
5.28671008417158
5.7135172879439
5.94515104021883
6.04221177730457
5.18393717141653
5.33208092256808
5.61196046008003
5.70398812620617
5.89356840427522
5.83811873082398
5.47004420833641
14.7206528415364
6.21632479573301
5.56506808097378
5.56188459744297
5.13743102801001
6.36555540996218
5.68783447617092
6.22939854944768
5.20366792089177
5.65117918347138
5.56423580122748
6.19699028242545
5.42421649723918
14.6155246428635
5.36370820343419
5.78029098896668
5.58058022472457
5.71633723382797
5.3452141303203
14.730704018918
5.63047123323414
5.60710832444121
6.27654829377476
5.70992486904031
5.49471227912956
5.70239926824987
5.26101455430063
5.43644333171611
14.7231181039316
6.22507723566989
6.21193356473399
5.42511297369197
5.08270756478535
5.82649546110979
6.43603296068798
14.705833174231
5.28729797448208
5.65626475920312
5.47967023625004
5.19319171142946
6.26697020750714
6.14638397707113
6.05927956146718
5.88547579775721
5.32768626677859
5.69921418289853
5.72987179260676
5.62741846496667
5.69037184681619
5.71325087757335
5.81338379068927
5.60542557050868
5.6066199571056
5.62891883339359
6.22028538101891
5.60014283995926
5.6142038576333
5.83643505317108
14.8722018216393
14.5874896458877
5.39473742309713
5.09703428905681
5.58700689579677
5.48656931179977
5.58645392758141
5.65680699803205
5.77225276240849
5.40258813613879
6.09746314149447
6.23948571932155
5.41017751524767
5.69060132310902
5.22486180031596
5.5420861269518
5.51153226504478
5.8901579524982
6.20495540343486
5.83462203835152
6.01290659599109
6.21291536441932
5.58869283481089
5.58494950604728
5.42006866345312
5.21805381105662
6.04210127785239
5.76276050935439
5.37353219989442
5.75949699514543
5.86841150778579
5.57774993579882
5.71792681907936
5.5417908604101
5.67135797605258
6.09686219693363
6.09859156722236
5.67965483798269
5.36944572548933
5.81688415337538
5.59450655535082
5.69775780918495
5.83403467538356
5.73212164250674
5.22160273125877
5.13403253672112
5.95168857128458
6.2961332450636
6.14255207427218
5.59256436069289
5.20121492715416
14.6782058501004
5.6438920760593
5.51938187981437
5.70026023627338
6.18749527293789
6.03441339958148
14.7538778777674
5.55145180588351
6.24798942472995
5.51333314742758
5.60519100481178
5.77361922948325
5.56142011760403
5.28835239598224
6.10520947060449
5.96173073123616
5.56761314524376
14.7286550401307
5.25137369302467
6.07886025504099
5.67337486959113
5.59640539695055
5.99387595645564
14.5924002760272
5.42028911804622
5.5800707144048
14.8907808777802
5.43526648560295
5.65777280455932
5.3911327816717
5.54902991693093
14.5489460190476
6.24233489730448
6.31832333860723
6.21221496410411
5.35466276757673
5.19244082370308
5.23962853077913
5.6707272383271
5.18156765437119
14.5553174257367
5.4479579009553
6.23373477480295
6.21772906344957
5.67379262024396
5.19873647432996
5.57299452052438
14.5650526477457
